0.07387171756612074
0.07455584753297344
0.075246311656737
0.07594316853708759
0.07664647731534659
0.07735629767940937
0.0780726898675923
0.07879571467349832
0.07952543345211885
0.08026190812524271
0.08100520118454425
0.0817553756993483
0.08251249532005708
0.08327662428392041
0.08404782742208937
0.08482617016271311
0.08561171853678932
0.08640453918494541
0.0872046993616509
0.08801226694143996
0.08882731042622205
0.08964989894638233
0.09048010227203479
0.09131799081468796
0.09216363563553075
0.09301710845012996
0.0938784816352965
0.09474782823425244
0.09562522196302922
0.09651073721605456
0.0974044490742174
0.09830643330871894
0.09921676638904696
0.10013552548826256
0.10106278849044566
0.10199863399565928
0.10294314132806894
0.10389639054139646
0.1048584624262513
0.10582943851624141
0.10680940109575905
0.10779843320452155
0.10879661864744664
0.10980404199935594
0.11082078861228417
0.11184694462369259
0.1128825969620272
0.11392783335524852
0.11498274233710679
0.11604741325479499
0.1171219362756888
0.1182064023963781
0.119300903448434
0.12040553210670793
0.12152038189636585
0.12264554720176163
0.12378112327308481
0.12492720623420817
0.1260838930915272
0.12725128173998732
0.12842947097344704
0.12961856049102424
0.13081865090576347
0.1320298437532612
0.13325224149864026
0.1344859475466245
0.13573106624873124
0.13698770291179435
0.13825596380769564
0.13953595617972106
0.14082778825419157
0.1421315692459614
0.1434474093704749
0.14477541985036646
0.14611571292489506
0.14746840186007268
0.14883360095648457
0.15021142555904674
0.15160199206610234
0.153005417939348
0.15442182171231592
0.15585132300060528
0.15729404251115162
0.15875010205177734
0.16021962454090563
0.16170273401834045
0.16319955565304434
0.16471021575509148
0.16623484178546932
0.1677735623641109
0.16932650728279183
0.17089380751418534
0.17247559522219194
0.1740720037717374
0.1756831677412104
0.17730922293049242
0.17895030637380308
0.18060655634946077
0.18227811239027691
0.18396511529542647
0.18566770714115124
0.1873860312915808
0.18912023240930578
0.19087045646807635
0.19263685076280773
0.1944195639221731
0.1962187459180844
0.19803454807995158
0.19986712310384394
0.2017166250656286
0.20358320943265104
0.20546703307475284
0.20736825427732558
0.20928703275282118
0.21122352965267302
0.21317790757990251
0.2151503306014138
0.21714096425989152
0.21914997558701851
0.22117753311500957
0.22322380689012986
0.2252889684852881
0.22737319101199818
0.2294766491341255
0.2315995190807539
0.23374197865820298
0.2359042072647447
0.23808638590244396
0.24028869719074314
0.24251132538031844
0.24475445636602214
0.24701827770030563
0.24930297860683903
0.25160874999431687
0.25393578447033704
0.2562842763544779
0.2586544216930546
0.2610464182723236
0.26346046563266967
0.26589676508315363
0.26835551971516447
0.27083693441640017
0.27334121588593013
0.2758685726480607
0.27841921506646616
0.28099335535933767
0.2835912076133246
0.286212987798536
0.2888589137833644
0.2915292053480937
0.2942240842011119
0.29694377399291255
0.2996885003311232
0.3024584907956702
0.3052539749532018
0.3080751843728304
0.3109223526407317
0.3137957153752652
0.31669551024246206
0.3196219769709495
0.322575357367277
0.32555589533100876
0.3285638368704403
0.331599430117305
0.3346629253429263
0.33775457497269423
0.3408746336024289
0.3440233580126931
0.34720100718511937
0.35040784231739097
0.35364412683883495
0.3569101264257807
0.3602061090171266
0.36353234482958924
0.3668891063731814
0.37027666846638935
0.3736953082524903
0.3771453052134237
0.38062694118638934
0.38414050037845127
0.3876862693822502
0.39126453719072984
0.39487559521260573
0.3985197372874734
0.40219725970082737
0.4059084611988509
0.4096536430038688
0.4134331088281686
0.41724716488981206
0.4210961199267701
0.4249802852115363
0.42889997456545226
0.43285550437303844
0.4368471935966256
0.4408753637896742
0.4449403391114225
0.4490424463401781
0.4531820148869904
0.4573593768095492
0.46157486682481846
0.4658288223225175
0.47012158337782345
0.4744534927644085
0.4788248959664345
0.4832361411909044
0.4876875793798921
0.49217956422218384
0.49671245216470405
0.5012866024235086
0.5059023769952559
0.5105601406671775
0.5152602610277419
0.5200031084767532
0.5247890562343253
0.5296184803508684
0.5344917597156248
0.5394092760651055
0.5443714139911834
0.5493785609489027
0.5544311072635508
0.5595294461374055
0.5646739736559393
0.5698650887938936
0.5751031934201135
0.580388692302611
0.5857219931123248
0.5911035064272884
0.596533645734953
0.6020128274348805
0.6075414708406316
0.6131199981802676
0.618748834597167
0.6244284081494262
0.6301591498088313
0.6359414934587321
0.6417758758917472
0.6476627368057188
0.6536025187998551
0.6595956673690704
0.6656426308979133
0.6717438606536545
0.6778998107777134
0.6841109382768898
0.6903777030131202
0.6967005676922182
0.7030799978513131
0.7095164618456854
0.7160104308336405
0.7225623787609885
0.7291727823433456
0.7358421210479772
0.742570877073841
0.749359535330234
0.7562085834139557
0.763118511585433
0.7700898127426645
0.7771229823941361
0.7842185186296405
0.7913769220900367
0.7985986959344259
0.8058843458063608
0.8132343797978275
0.8206493084112304
0.828129644519775
0.8356759033255377
0.8432886023156724
0.850968261216247
0.858715401944315
0.8665305485571766
0.8744142271998663
0.8823669660497528
0.8903892952591858
0.8984817468951173
0.9066448548765697
0.9148791549090611
0.9231851844165734
0.9315634824704836
0.9400145897157576
0.9485390482938993
0.9571374017633278
0.9658101950158048
0.9745579741906693
0.9833812865845734
0.9922806805588384
1.00125670544258
1.010309911432579
1.0194408494893437
1.0286500712293025
1.0379381288133425
1.047305574830865
1.0567529621801897
1.0662808439446667
1.0758897732639474
1.0855803032015563
1.0953529866073728
1.1052083759756601
1.1151470232980338
1.1251694799119765
1.1352762963437928
1.1454680221467692
1.1557452057337225
1.1661083942043882
1.1765581331670134
1.1870949665545256
1.1977194364343382
1.2084320828128368
1.2192334434331156
1.2301240535668507
1.2411044457996097
1.252175149809391
1.263336692138803
1.274589595959962
1.2859343808326085
1.2973715624548325
1.3089016524066195
1.32052515788553
1.3322425814350207
1.344054420664522
1.3559611679617836
1.3679633101967563
1.3800613284171586
1.3922556975352522
1.4045468860062102
1.4169353554970767
1.4294215605469238
1.4420059482174035
1.4546889577340056
1.4674710201172783
1.4803525578044263
1.4933339842607052
1.506415703580214
1.5195981100766733
1.5328815878630626
1.5462665104205662
1.5597532401563186
1.573342127949783
1.587033512687712
1.6008277207874082
1.6147250657078416
1.628725847448764
1.642830352037695
1.657038851003925
1.6713516008401899
1.6857688424511763
1.700290800588964
1.7149176832751514
1.7296496812093616
1.7444869671642667
1.7594296953663355
1.7744780008628827
1.789631998874528
1.8048917841334202
1.8202574302067365
1.8357289888053605
1.8513064890777253
1.866989936888524
1.8827793140819944
1.89867457773003
1.9146756593646506
1.930782464194822
1.9469948703075306
1.9633127278529041
1.9797358582135263
1.996264053157452
2.0128970739753442
2.029634650601251
2.0464764807172187
2.0634222288416044
2.080471525401222
2.0976239657870734
2.1148791093939474
2.1322364786437027
2.14969555799253
2.1672557929220275
2.1849165889143594
2.2026773104116395
2.2205372797594527
2.2384957761350983
2.2565520344603374
2.2747052442991422
2.292954548740701
2.3112990432677463
2.329737774610897
2.348269739589073
2.366893883936373
2.385609101116287
2.404414231123063
2.423308059271342
2.442289314974149
2.4613566705102494
2.48050873978123
2.4997440770591646
2.5190611757255272
2.5384584670021746
2.5579343186753882
2.5774870338136435
2.5971148494802803
2.616815935442125
2.6365883928748426
2.656430253066705
2.6763394761215156
2.6963139496622563
2.716351487536754
2.7364498285268164
2.7566066350622807
2.776819491941729
2.7970859050613504
2.8174033001538774
2.8377690215392493
2.858180330889165
2.8786344060072633
2.8991283396272163
2.9196591382309
2.940223720888851
2.9608189181253692
2.981441470810952
3.0020880290842777
3.0227551513067383
3.043439303052076
3.0641368561339917
3.0848440876749152
3.1055571792186436
3.1262722158903804
3.146985185607149
3.167691978342158
3.188388385446478
3.209070099031638
3.229732711416873
3.250371714644614
3.2709825000683805
3.291560358016755
3.312100477537639
3.332597946226949
3.353047750145916
3.3734447738313524
3.393783800403281
3.414059511774338
3.434266488965546
3.454399212533091
3.474452063110579
3.4944193220717206
3.514295172317993
3.5340736991961696
3.5537488915504465
3.5733146429140135
3.5927647528449316
3.6120929284110095
3.6312927858285913
3.650357852259922
3.669281567773868
3.6880572874745527
3.706678283802587
3.7251377490132422
3.743428797836056
3.7615444703199623
3.7794777348681894
3.7972214914666793
3.8147685751098717
3.8321117594272924
3.849243760514283
3.866157240969804
3.8828448141441627
3.899299048598952
3.9155124727814328
3.9314775799149815
3.947186833107023
3.962632670675298
3.977807511693045
3.992703761752997
4.007313818949749
4.021630080079508
4.0356449470555305
4.049350833537141
4.062740171769504
4.075805419630656
4.088539067881688
4.100933647615217
4.112981737896523
4.124675973591041
4.136009053370999
4.146973747893275
4.157562908139672
4.167769473909851
4.1775864824564986
4.187007077251176
4.196024516868517
4.204632183975489
4.212823594411483
4.220592406344032
4.227932429484096
4.234837634343842
4.24130216151886
4.2473203309760175
4.252886651327004
4.257995829066926
4.262642777756323
4.266822627124181
4.270530732068758
4.273762681532188
4.276514307224256
4.2787816921699235
4.280561179054766
4.281849378341815
4.282643176132983
4.282939741747778
4.282736534991842
4.282031313087607
4.28082213723935
4.279107378804927
4.276885725046686
4.274156184434283
4.270918091472626
4.267171111028685
4.262915242131584
4.258150821221359
4.252878524822624
4.247099371620682
4.240814723918863
4.234026288457427
4.226736116575963
4.218946603703092
4.210660488159256
4.201880849260527
4.192611104713677
4.1828550072952915
4.172616640810243
4.161900415327715
4.150711061695839
4.139053625339077
4.126933459345666
4.114356216855686
4.101327842763777
4.087854564753883
4.073942883687008
4.0595995633665165
4.044831619709103
4.029646309353107
4.0140511177395615
3.998053746704748
3.981662101626603
3.9648842781706777
3.9477285486845957
3.930203348293059
3.912317260748405
3.8940790040944235
3.8754974162035882
3.8565814402501464
3.8373401101833258
3.817782536266585
3.7979178907499542
3.777755393743433
3.7573042993597734
3.7365738821948926
3.7155734242137446
3.6943122021083954
3.6727994751935107
3.6510444739024632
3.6290563889446057
3.606844361181018
3.58441747227239
3.5617847361482537
3.5389550913418697
3.5159373942296166
3.4927404132075996
3.469372823831617
3.445843204939413
3.4221600357665927
3.3983316940593666
3.3743664551788295
3.3502724921825844
3.3260578768603546
3.30173058169078
3.27729848267711
3.2527693630098793
3.2281509174950522
3.2034507576768365
3.1786764175751268
3.153835359948899
3.1289349829886253
3.103982627333296
3.078985583300924
3.0539510982155598
3.02888638370933
3.0037986228744664
2.9786949771382623
2.9535825927334245
2.92846860663726
2.9033601518559515
2.878264361934802
2.85318837458166
2.828139334299107
2.803124393931074
2.778150715041644
2.7532254670574137
2.7283558251201954
2.7035489666136976
2.6788120663458175
2.6541522903872963
2.629576788587308
2.6050926858066985
2.5807070719297855
2.5564269907355492
2.532259427728017
2.508211297043606
2.484289427569353
2.460500548420293
2.4368512739359622
2.4133480883650567
2.3899973304132507
2.3668051778317167
2.343777632222961
2.3209205042360357
2.298239399314899
2.275739704151798
2.253426573982275
2.231304920839745
2.2093794028661553
2.187654414751164
2.166134079346301
2.1448222404729247
2.123722456914265
2.102837997553117
2.0821718375881804
2.0617266557346796
2.0415048322893212
2.021508447916545
2.0017392829933565
1.9821988173346206
1.9628882301103496
1.9438083997624351
1.9249599037312604
1.9063430178141176
1.887957714998159
1.8698036636421482
1.8518802249245578
1.8341864495313676
1.8167210736259285
1.7994825142256317
1.7824688642050304
1.765677887251229
1.7491070132120672
1.7327533343968025
1.716613603507269
1.700684233987655
1.6849613036743005
1.6694405626931548
1.6541174465802588
1.6389870955780952
1.624044380975884
1.6092839392046212
1.5947002141596254
1.5802875079003154
1.5660400394698264
1.5519520110936307
1.5380176804717733
1.5242314372979973
1.510587881553827
1.4970819005779126
1.4837087414489945
1.4704640748972635
1.457344046827279
1.4443453136454232
1.4314650579767239
1.4187009820550478
1.4060512770815312
1.3935145681470462
1.3810898358540087
1.3687763174677585
1.356573392164875
1.3444804565861934
1.332496798289595
1.3206214756705092
1.3088532133247068
1.297190321544177
1.2856306475834278
1.2741715644935248
1.2628100007529488
1.2515425107692828
1.2403653828080028
1.2292747773215922
1.2182668853541299
1.207338094057492
1.1964851447346976
1.1857052685251988
1.1749962860657037
1.16435666025566
1.1537854955142113
1.1432824823338017
1.1328477920327271
1.1224819327515123
1.1121855831948713
1.1019594246388185
1.091803993617188
1.081719576957956
1.0717061672057888
1.0617634900324244
1.051891106476037
1.0420885826259318
1.0323557088722177
1.0226927414824973
1.013100632511497
1.0035812112023021
0.9941372820291563
0.984772611708479
0.9754917894818818
0.9662999605806144
0.9572024501259867
0.9482043114071689
0.9393098459354569
0.9305221505815896
0.9218427478303978
0.9132713481666684
0.9048057795376299
0.8964420996570309
0.8881748854955218
0.8799976739123492
0.8719035110205245
0.8638855576155117
0.8559376945450916
0.848055074516478
0.840234573683706
0.8324751051975262
0.8247777659744554
0.8171457967057335
0.8095843445192118
0.8021000297504594
0.7947003350159456
0.7873928568352798
0.7801844853546943
0.7730806010515708
0.7660843910778414
0.7591963844059386
0.7524142793785571
0.7457330906901847
0.7391455836342794
0.732642906321628
0.7262152926502753
0.7198527038638587
0.7135453091547842
0.7072837679278444
0.7010593484287287
0.6948639742087783
0.6886903097074879
0.6825319701832354
0.6763838780282857
0.6702427113359818
0.6641073318815857
0.6579790623959354
0.6518617140637215
0.6457613313372761
0.6396856954705871
0.6336436829881115
0.6276445950432524
0.6216975602446744
0.6158110814774769
0.6099927615068638
0.6042492080042424
0.5985860812857269
0.5930082034833262
0.5875196067225434
0.5821233889883262
0.5768213013496105
0.571613114758783
0.5664959666041185
0.5614639844180646
0.556508448444931
0.5516185702373124
0.5467827080236431
0.5419896502742906
0.5372295920815308
0.5324946101046273
0.5277786895088331
0.523077504221436
0.5183881202006845
0.5137086622349016
0.509037939311266
0.5043751693585482
0.49972017228495735
0.4950744248036472
0.49044296782562247
0.48583643025660184
0.4812718501867821
0.4767710763417854
0.4723564892805803
0.4680451629690436
0.463843586157409
0.4597450443920663
0.4557307121113563
0.45177401304828846
0.4478466421950653
0.4439242698398252
0.43999037386225426
0.43603756916772435
0.4320668142516973
0.4280855531186422
0.4241058686455911
0.4201430823465803
0.41621442410475695
0.41233712047946836
0.40852579989823923
0.4047899852063172
0.4011327701610212
0.39755120189742743
0.3940379414388833
0.39058326561070544
0.3871766696829841
0.38380781422314747
0.38046684144899584
0.3771441065855248
0.373829430894007
0.3705114022766573
0.3671779934605731
0.363820066393618
0.3604378861889779
0.3570473965979903
0.35368040314318017
0.3503749858836983
0.3471596388815776
0.34404074254490646
0.34100135714984636
0.33801114301463075
0.33504069742381887
0.3320735764111555
0.3291117479508181
0.32617070962880734
0.32326280841797606
0.32037678250833246
0.3174715650001362
0.31449730691929145
0.31143300801245977
0.308309257383523
0.30519328912201477
0.30214944887955125
0.29921254027969213
0.2963931491689207
0.29369561424958107
0.2911215818425798
0.2886596623574411
0.2862787430737529
0.2839310620917537
0.2815619523867274
0.27912616276967833
0.2766037653674794
0.2740012312755127
0.2713392323770441
0.2686435368739767
0.2659431830368723
0.26326958004786094
0.26065693196721623
0.25814222575294493
0.2557561385746467
0.25350704053543793
0.2513714537900764
0.24930024916983415
0.24724013627396507
0.24515561182610002
0.2430321761107383
0.24086579563440588
0.23866068884360567
0.23643482176755348
0.2342104186055778
0.23199030733208278
0.2297558165129628
0.2274966102247308
0.22522950975873876
0.22298771583084154
0.22081176423873627
0.2187404417203721
0.21677947369423806
0.21488540353825222
0.21300760026603102
0.21114146573259035
0.20931091039174193
0.20750764389743095
0.20569421129078347
0.20386103771181396
0.20203012056068115
0.20020491714679226
0.19834543437817778
0.1964017639171818
0.19441965229126076
0.19257359764123352
0.1909669740433958
0.18950113776386027
0.18802068160712598
0.18642645804509939
0.1846719262729796
0.18277752438603012
0.18082849489269576
0.17892303473895213
0.17713291712739865
0.17548747757074393
0.17398283814700477
0.17260816644284288
0.17127232367099998
0.16981491302966212
0.16822890808239963
0.1666995687636922
0.16522724362413835
0.1636107305488297
0.16192956886849882
0.16044841021510595
0.15916084543045145
0.15786194719849145
0.15650468058136335
0.1551468170866159
0.15374196132987442
0.15219233946673852
0.1505725310087248
0.14903031077879864
0.1476507744517382
0.14649495767598497
0.14547300313982592
0.1444418462751362
0.14331917714562317
0.14197570070630353
0.140401435883672
0.13883680102148507
0.1374198542576803
0.1361272108654519
0.13498293962957306
0.13391914012769618
0.13268258574117
0.1312280522915608
0.12981623277984447
0.12866294257000394
0.1276097317009141
0.1264887445547527
0.12536570162351576
0.12436538182672045
0.12335855665925648
0.12225110577446617
0.1209939286833
0.11982483360314639
0.11886247887727622
0.11784640422030339
0.11674099260910338
0.11557843949272552
0.11441925576032325
0.11328193029940961
0.11228373202933001
0.1112977422216211
0.11020253333530139
0.10923595757064287
0.10828341705577627
0.10728744794074514
0.10631613759694239
0.10531846018073165
0.10428328023662654
0.103218397255821
0.10231618723247667
0.10144551478674269
0.10043631055456538
0.09938814135998449
0.09847951895051858
0.09766568307152994
0.09691601397871535
0.09617976985309322
0.09522990274522812
0.09437894297940123
0.09357684211093577
0.09273438802573916
0.09189668227752185
0.09086436598509773
0.08992501871700492
0.08923511075813575
0.08858798369061172
0.08792609518654786
0.08716267640801516
0.08619640336991494
0.08535994418351187
0.08465329411404661
0.08390664925170921
0.08306126918297965
0.08234418287979457
0.08148073573085435
0.08049988836780068
0.07966218619619642
0.07910663141590056
0.07872593900213487
0.07798566705291472
0.07711444402309901
0.07627373663986647
0.07549978928663603
0.07476096518361718
0.07400962133972049
0.07347917069348606
0.07301168246299139
0.07227899180798213
0.07138688399378444
0.07084389581111092
0.07045653302364877
0.06981069372314926
0.06891001402466002
0.06812608062527378
0.06761665787482977
0.06728083331627234
0.06666901319926935
0.06610881792109861
