0.1146897573891081
0.1157518700129828
0.11682381547087008
0.11790568470806477
0.11899756950497
0.12009956248905271
0.12121175714416778
0.12233424781267041
0.12346712970885218
0.12461049892328384
0.12576445243395007
0.12692908811162673
0.12810450472821444
0.12929080196776083
0.1304880804310158
0.13169644164529667
0.13291598807464494
0.13414682312713105
0.13538905116105843
0.13664277749810388
0.1379081084279444
0.1391851512204854
0.1404740141306161
0.1417748064132657
0.14308763832622928
0.14441262114303413
0.14574986716072225
0.14709948970997688
0.1484616031632368
0.14983632294626964
0.15122376554493894
0.1526240485172543
0.15403729050193926
0.15546361122901028
0.1569031315266899
0.1583559733375233
0.1598222597204492
0.16130211486879126
0.1627956641141512
0.16430303394092247
0.16582435199418544
0.16735974709140217
0.16890934923249812
0.17047328961119182
0.17205170062573016
0.1736447158868442
0.17525247023415122
0.17687509974273682
0.17851274173502946
0.18016553479390654
0.18183361877145768
0.18351713480333595
0.185216225317118
0.18693103404626607
0.18866170603993745
0.19040838767680643
0.19217122667605618
0.1939503721081216
0.19574597440830183
0.19755818538829603
0.19938715824945044
0.20123304759424235
0.2030960094379892
0.20497620122263238
0.20687378183006896
0.20878891159307186
0.21072175230914064
0.21267246725399444
0.21464122119383403
0.2166281803980114
0.21863351265520334
0.2206573872825759
0.22269997514370193
0.2247614486579526
0.22684198181810505
0.22894175020091134
0.23106093098353567
0.23319970295652426
0.23535824653770387
0.23753674378689138
0.23973537842044923
0.2419543358255445
0.24419380307464672
0.24645396894067545
0.2487350239107183
0.25103716020328437
0.2533605717802711
0.25570545436505265
0.25807200545596093
0.26046042434201355
0.26287091211895997
0.2653036717045372
0.267758907853429
0.2702368271754752
0.27273763814869
0.2752615511376802
0.27780877840815593
0.28037953414436023
0.28297403446488795
0.2855924974402383
0.2882351431079332
0.290902193490212
0.29359387261049524
0.29631040651119267
0.29905202327006586
0.30181895301741424
0.30461142795431534
0.30742968236835005
0.3102739526529529
0.3131444773245701
0.31604149704021084
0.3189652546149162
0.3219159950406669
0.324893965503742
0.3278994154040296
0.33093259637245814
0.33399376228945066
0.33708316930377186
0.3402010758518334
0.34334774267508883
0.3465234328401853
0.34972841175700475
0.35296294719913096
0.35622730932099916
0.3595217706796492
0.362846606252046
0.3662020934556985
0.3695885121682889
0.37300614474713456
0.3764552760483217
0.37993619344835766
0.38344918686264307
0.3869945487658906
0.39057257421298597
0.3941835608586338
0.39782780897772707
0.4015056214863588
0.40521730396123173
0.40896316466190974
0.4127435145502054
0.41655866731118407
0.420408939374465
0.42429464993531274
0.4282161209737082
0.43217367727904454
0.4361676464672398
0.4401983590046769
0.444266148228433
0.44837135036731035
0.4525143045642067
0.45669535289590796
0.4609148403962518
0.4651731150761814
0.469470527946121
0.4738074330373713
0.4781841874229128
0.48260115123981534
0.4870586877110786
0.4915571631661204
0.49609694706319724
0.5006784120110739
0.5053019337899055
0.50996789137368
0.5146766669513424
0.5194286459483867
0.5242242170482408
0.5290637722146189
0.533947706711468
0.5388764191259893
0.5438503113886541
0.5488697887956243
0.5539352600289303
0.5590471371780562
0.5642058357617008
0.5694117747472847
0.5746653765730848
0.5799670671682717
0.585317275973684
0.5907164359625218
0.5961649836606394
0.6016633591658652
0.6072120061698009
0.6128113719758354
0.6184619075200538
0.6241640673899992
0.6299183098443717
0.6357250968316418
0.6415848940092373
0.6474981707619831
0.6534654002199615
0.6594870592772442
0.6655636286088035
0.6716955926889289
0.6778834398070892
0.684127662085434
0.6904287554952437
0.696787219872677
0.7032035589342287
0.7096782802921521
0.7162118954694605
0.7228049199138654
0.7294578730117679
0.7361712781017995
0.7429456624875189
0.7497815574495725
0.7566794982582363
0.763640024183668
0.7706636785071097
0.7777510085308347
0.7849025655872638
0.7921189050476266
0.7994005863302891
0.8067481729077188
0.8141622323127653
0.8216433361447775
0.8291920600744328
0.8368089838473852
0.8444946912877278
0.8522497703000492
0.8600748128713409
0.867970415070095
0.8759371770469802
0.8839757030320833
0.8920866013327359
0.9002704843291294
0.9085279684693741
0.9168596742632538
0.9252662262746236
0.9337482531122314
0.9423063874200142
0.950941265865482
0.9596535291260941
0.9684438218756198
0.9773127927678266
0.9862610944185765
0.9952893833873421
1.0043983201557092
1.013588569105226
1.0228607984928184
1.032215680424569
1.0416538908276796
1.0511761094204928
1.060783019680252
1.0704753088088517
1.0802536676967243
1.0901187908842531
1.1000713765207415
1.1101121263210918
1.1202417455209153
1.1304609428275518
1.140770430369737
1.1511709236442655
1.1616631414598182
1.1722478058781391
1.1829256421519965
1.1936973786605682
1.2045637468414225
1.2155254811196277
1.2265833188333701
1.2377380001562168
1.24899026801613
1.2603408680106607
1.2717905483189473
1.2833400596093059
1.294990154943488
1.30674158967685
1.3185951213542686
1.3305515096021243
1.342611516015689
1.354775904042421
1.367045438860251
1.379420887251856
1.3919030174732991
1.4044925991186075
1.4171904029786064
1.4299972008947988
1.4429137656079476
1.4559408706012587
1.4690792899377232
1.4823297980916403
1.4956931697745077
1.5091701797547554
1.522761602670882
1.536468212838564
1.5502907840513314
1.5642300893739787
1.578286900929472
1.5924619896786085
1.6067561251926958
1.6211700754183989
1.6357046064352145
1.6503604822049982
1.6651384643137686
1.6800393117049872
1.695063780404517
1.710212623237158
1.7254865895343352
1.740886424832434
1.756412870562493
1.7720666637302036
1.7878485365857637
1.803759216284849
1.8197994245385822
1.835969877253807
1.8522712841620346
1.8687043484385797
1.8852697663099518
1.9019682266499391
1.9188004105647702
1.935766990965741
1.9528686321302304
1.9701059892505846
1.9874797079700084
2.0049904239060203
2.022638762160503
2.040425336816936
2.0583507504234735
2.076415593462397
2.094620443805531
2.1129658661552173
2.1314524114702174
2.150080616377221
2.168851002566725
2.1877640761735586
2.2068203271415205
2.2260202285718806
2.24536423605581
2.264852786989689
2.28448629987406
2.304265173594706
2.3241897866870365
2.344260496581958
2.3644776388342823
2.3848415263324103
2.4053524484898077
2.426010670417468
2.4468164320770986
2.4677699474153822
2.4888714034781634
2.5101209595051994
2.531518746004382
2.5530648638060676
2.574759383096459
2.5966023424305438
2.618593747723767
2.640733571222704
2.6630217504542464
2.6854581871532717
2.7080427461687573
2.7307752543475683
2.753655499396881
2.776683228723891
2.7998581482536493
2.8231799212243955
2.846648166960621
2.870262459623593
2.8940223269394516
2.9179272489048698
2.941976656470113
2.9661699301999067
2.9905063989117786
3.014985338292275
3.0396059694909496
3.064367457692513
3.089268910667242
3.11430937729967
3.1394878460962286
3.16480324367189
3.1902544332160723
3.2158402129385015
3.2415593144951376
3.267410401394933
3.293392067387623
3.319502834833527
3.345741153055709
3.3721053966751717
3.3985938639300604
3.425204774979442
3.4519362701928173
3.478786408425824
3.5057531652837794
3.532834431373573
3.5600280105453583
3.5873316181251833
3.6147428791399796
3.642259326536037
3.66987839939273
3.69759744113289
3.725413697731451
3.75332431592436
3.7813263414191116
3.8094167171095243
3.837592281295992
3.865849765914123
3.894185794773557
3.9225968818093966
3.951079429348896
3.979629726395766
4.008243946935038
4.03691814826113
4.06564826933218
4.094430129153693
4.12325942519478
4.152131731840117
4.181042498881392
4.209987050051604
4.238960581606144
4.267958160954307
4.296974725345483
4.3260050806140535
4.355043899987301
4.384085722960749
4.413124954245594
4.442155862792842
4.471172580898933
4.500169103398112
4.529139286946356
4.558076849402261
4.586975369310313
4.615828285491881
4.644628896749837
4.673370361692215
4.702045698681161
4.7306477859127805
4.7591693616342114
4.7876030245040635
4.815941234102406
4.844176311596661
4.872300440569925
4.900305668018047
4.928183905522096
4.95592693060277
4.983526388263129
5.010973792726662
5.038260529376798
5.065377856904775
5.092316909672198
5.119068700294878
5.14562412245421
5.171973953942499
5.1981088599483565
5.224019396588134
5.2496960146894125
5.275129063831968
5.300308796651941
5.325225373414172
5.349868866857739
5.374229267319283
5.398296488138373
5.4220603713488496
5.445510693659576
5.46863717272775
5.491429473727151
5.513877216213687
5.53596998128945
5.557697319066391
5.579048756429781
5.600013805101258
5.620581970000148
5.640742757901408
5.660485686387495
5.6798002930907625
5.698676145222
5.717102849379971
5.735070061635765
5.7525674978847805
5.769584944458281
5.786112268985116
5.802139431493546
5.817656495741536
5.832653640763068
5.847121172616688
5.861049536321357
5.874429327963402
5.887251306957248
5.899506408441229
5.911185755788587
5.922280673212533
5.932782698442926
5.9426835954509025
5.9519753671965905
5.960650268373761
5.968700818124103
5.976119812692693
5.982900337994998
5.989035782064871
5.994519847351738
5.999346562834472
6.003510295918381
6.007005764081072
6.009828046232175
6.011972593751326
6.013435241168359
6.014212216449192
6.014300150850697
6.013696088307814
6.012397494315955
6.0104022642722725
6.007708731239381
6.004315673095908
6.000222319038772
5.995428355403057
5.9899339307663855
5.983739660306004
5.9768466293781755
5.969256396291278
5.960970994245719
5.951992932416054
5.942325196152766
5.931971246283873
5.9209350174990165
5.909220915801788
5.896833815018909
5.883779052358307
5.870062423011447
5.855690173798969
5.840668995862246
5.825006016407513
5.808708789513063
5.791785286014058
5.774243882483696
5.756093349333531
5.737342838060032
5.718001867668509
5.69808031030976
5.67758837616884
5.656536597649216
5.63493581289957
5.6127971487340345
5.590132003000147
5.566952026452167
5.543269104190228
5.51909533672858
5.4944430207586
5.469324629674162
5.443752793928773
5.417740281294985
5.391299977097604
5.364444864492553
5.337188004863208
5.309542518405641
5.281521564973217
5.253138325249581
5.224405982317334
5.195337703687383
5.16594662385121
5.136245827415342
5.106248332873793
5.075967077070435
5.0454149003992494
5.014604532786055
4.9835485804907345
4.952259513764326
4.920749655390532
4.889031170136351
4.857116055131617
4.825016131192526
4.792743035099454
4.760308212834761
4.727722913782021
4.694998185883851
4.662144871751581
4.6291736057164385
4.596094811808426
4.562918702645965
4.52965527921645
4.4963143315252
4.462905440087743
4.429437978237915
4.395921115221973
4.362363820046497
4.328774866045316
4.295162836128206
4.261536128671019
4.22790296400374
4.194271391449406
4.160649296862604
4.127044410611842
4.093464315944924
4.059916457671106
4.026408151087758
3.992946591073087
3.9595388612600866
3.926191943200392
3.8929127254204334
3.8597080122665366
3.826584532430402
3.793548947042213
3.7606078572158514
3.727767810929242
3.6950353091235137
3.6624168109071573
3.6299187377563933
3.597547476610078
3.5653093817671637
3.5332107755066886
3.5012579473642114
3.469457152014265
3.4378146057255083
3.4063364813727155
3.3750289020073523
3.3438979330053393
3.3129495728256404
3.282189742426231
3.2516242733936416
3.2212588948485554
3.191099219192132
3.1611507267561714
3.131418749415303
3.1019084532116232
3.0726248200333717
3.0435726283809026
3.0147564332477255
2.9861805451445114
2.9578490083028828
2.929765578116356
2.90193369791146
2.8743564751952446
2.8470366575983865
2.8199766088267006
2.7931782850477704
2.7666432122716023
2.7403724654301094
2.7143666500136243
2.688625887274541
2.6631498041470243
2.637937529144332
2.6129876955663964
2.588298453363675
2.5638674909429406
2.539692068051442
2.5157690606254666
2.4920950181291937
2.4686662334372445
2.4454788247340615
2.422528828227833
2.399812299728793
2.377325422353571
2.3550646168306666
2.3330266501477617
2.311208737656856
2.2896086332988976
2.2682247023871294
2.247055971454312
2.2261021500699605
2.205363620301808
2.1848413906419317
2.164537012728729
2.144452461028742
2.1245899777246215
2.104951887284633
2.08554038743544
2.0663573253727208
2.0474039698604294
2.02868079122427
2.010187261985514
1.991921690880451
1.9738811021811804
1.9560611705405906
1.9384562190555645
1.9210592849733423
1.9038622536196017
1.8868560569287751
1.870030928682386
1.853376704516142
1.8368831512563955
1.820540307489013
1.8043388157024536
1.788270226067305
1.7723272530135348
1.7565039682388952
1.7407959175153132
1.7252001534392476
1.7097151817910796
1.6943408250511813
1.6790780124449816
1.663928511219021
1.648894618261511
1.6339788342958077
1.6191835443872402
1.6045107282053468
1.5899617212899955
1.5755370445390042
1.5612363134831209
1.5470582320237676
1.5330006677218853
1.51906079812158
1.5052353107395364
1.4915206340404683
1.477913173668868
1.464409527960244
1.45100665957436
1.437702005881081
1.4244935189867811
1.4113796361305149
1.398359191411753
1.385431289072515
1.372595165488103
1.3598500704553595
1.347195197497099
1.3346296874021675
1.3221527193269602
1.3097636903154104
1.2974624684444582
1.2852496889004765
1.2731270485211323
1.261097545364756
1.2491656083418572
1.2373370699894373
1.2256189540256566
1.2140190773986894
1.202545500648264
1.1912058944591157
1.1800069163603935
1.1689537014496665
1.1580495588080904
1.1472959296828682
1.1366926098586778
1.1262381788493865
1.1159305288114598
1.1057673622576891
1.0957465395060129
1.085866203248449
1.076124675191396
1.0665201857860969
1.0570505387337055
1.0477128120236345
1.0385031582515178
1.0294167086658947
1.0204475387896317
1.011588646378252
1.0028319337732452
0.9941682571147472
0.985587661245972
0.9770799133616481
0.9686353544481836
0.9602459233855726
0.9519060398120233
0.9436129493771958
0.9353662128752759
0.927166272437297
0.9190123845727494
0.9109005365406696
0.9028221115973567
0.894763947257953
0.88671004997604
0.8786447084308934
0.8705562660690916
0.8624405388955424
0.8543028862759913
0.8461582479886633
0.8380289564476466
0.8299406908492702
0.8219174367244254
0.8139766460333866
0.8061258725421676
0.7983619211856009
0.7906729899136931
0.783043488340021
0.7754603944469302
0.7679194313650892
0.7604292437821923
0.7530122058375308
0.7457013715606554
0.7385341046305792
0.7315437934918779
0.7247515692084116
0.7181600363355142
0.7117507243562473
0.7054862908123691
0.6993174669665195
0.693193428766598
0.6870730091489986
0.6809334637909978
0.674773873030651
0.6686118556183103
0.6624746347527214
0.6563876932474622
0.6503652881626385
0.6444064126582839
0.6384975514568144
0.6326206135365581
0.6267620249438279
0.6209184322542783
0.6150964347628195
0.6093074317137779
0.6035617729380899
0.5978665650128243
0.5922283514428891
0.5866579177759754
0.581173008850837
0.5757967570316139
0.5705527282657168
0.5654587401078933
0.5605208703632941
0.5557287408778333
0.5510543576232223
0.5464574037979179
0.5418973782123456
0.5373481499921445
0.5328069704182843
0.5282905992726726
0.5238167332492591
0.5193786580423634
0.5149306356293988
0.5104009515436704
0.5057312321433721
0.5009148357749125
0.49600095615737966
0.49105950708724894
0.48614082773535333
0.4812694080962961
0.47647149771819325
0.47179662703637865
0.4673013253579333
0.46300951749128233
0.45889025337788797
0.4548702566733189
0.4508627598790433
0.4467917548235598
0.4426125026027436
0.43833139815962874
0.4340073812032681
0.42971686742561954
0.42550241879699113
0.4213535580119552
0.4172379891117652
0.4131470199061383
0.4091145559923438
0.40520986965096495
0.40151604582392414
0.39808645635241124
0.3948930818682796
0.39182441262997075
0.3887569823239564
0.38563248562694813
0.38245513762406463
0.379218354295926
0.3758638891938471
0.3723415938038039
0.3686924049136237
0.3650287409443291
0.361434443849859
0.3579131992666492
0.35441742343134613
0.35089489182286354
0.34732296967920606
0.3437296660795918
0.34019416363785693
0.3368159387962135
0.3336479144036729
0.33065872587457656
0.32779632433586087
0.32505376098057076
0.32242376980790394
0.31985905939254766
0.3173399676197074
0.31491565288511547
0.31260862613753504
0.31030305385910845
0.3078208528186835
0.3051345953682559
0.30236759376328565
0.2995569119710492
0.29664751674670436
0.2937080559965981
0.2908694988313941
0.28814692524514846
0.2855089205382631
0.28295540355982496
0.28046680451566164
0.2779978841433874
0.27551293903176033
0.27293407754282856
0.27018125994793285
0.2673311393724532
0.26453662425680347
0.26183973190517057
0.2591937780354034
0.25665669101093863
0.25434377306806843
0.2521833841256863
0.25004454176129354
0.24794678789368393
0.24587387009489406
0.24369149164924278
0.24144011439092175
0.239184000506628
0.2368275900900416
0.2345009904375134
0.23248431323376495
0.23068674377959952
0.22887789642559467
0.22704460881898067
0.2251490776845138
0.22305196572574806
0.2208317039368991
0.21871239818362734
0.21666631247253135
0.21451723571020623
0.21229942494178256
0.21022523146563196
0.20834298209243166
0.2065956354583676
0.20488614318391965
0.20322152113408043
0.2016003668911341
0.1997859843315476
0.19774461417159633
0.19571249899409654
0.19371073459565227
0.19158235231869292
0.18939626373628402
0.18738860479124347
0.18570250610215516
0.18437489683301675
0.18311071299996456
0.18181437988693902
0.1805806068224333
0.1789615820731699
0.1769325936937875
0.17485067863880668
0.17295275038413951
0.1716576864437976
0.17060411763936567
0.16932046593593603
0.16810576711485914
0.1668241490791169
0.16526596267159385
0.16353324321239227
0.16189279039411134
0.16024522853803577
0.158481235115645
0.15688273283408
0.1555955872585248
0.15425941712132105
0.1528601877598999
0.15119350494520464
0.14957316541804497
0.1483198960315801
0.14710772481442588
0.14564989310102586
0.14410769231827206
0.1427689243408861
0.14168202640955957
0.1403896911678027
0.1388579295585913
0.13728410470281288
0.1361489004338937
0.13480886985482823
0.13310512985420597
0.13191325328204864
0.13088186407058508
0.12994879137590015
0.12905433922304665
0.1280520246321545
0.12640621045869166
0.12513732039493192
0.1244372769280243
0.12367595139886771
0.1224578279063661
0.12125052871369099
0.12006562624381488
0.11911879713826125
0.11830152642506479
0.11742416707069582
0.11598005794666824
0.11449482913953338
0.11325602132926456
0.11212284212929315
0.11125163471994372
0.11058281833609976
0.11002913360148336
0.10919400976546145
0.10793483557955857
0.10651406066553669
0.10548743127566554
0.10430751460098393
0.10306478473101294
0.10230190034127937
0.10172446772224923
0.10067614864666731
0.09956009576654459
0.09862587301944373
0.0975811806925831
0.09691370934983222
0.09611430970221695
0.09515065153746367
0.09433709459451671
0.09339855819275662
0.09248789156431611
0.09162664300854059
0.0910426554778195
0.09036915735029874
0.08944955065036742
0.08848601306860643
0.08805502335964861
0.0874843643857671
0.08624892562618727
