0.09286477380774369
0.09372477649937534
0.09459274115893762
0.09546874143334735
0.09635285164944099
0.09724514681901555
0.09814570264758357
0.09905459553571709
0.0999719025913765
0.10089770163178068
0.10183207119283026
0.10277509053470674
0.10372683964692479
0.1046873992570625
0.1056568508374816
0.10663527661149019
0.1076227595577651
0.10861938342370792
0.10962523272527931
0.11064039275713257
0.11166494960220709
0.11269899013371579
0.11374260202690545
0.11479587376215385
0.1158588946386706
0.11693175477336955
0.11801454511492125
0.11910735745062187
0.12021028441029641
0.12132341947673218
0.1224468569948764
0.12358069217539207
0.12472502110594526
0.12587994075838496
0.1270455489960201
0.12822194458238687
0.12940922718916187
0.13060749740496336
0.13181685674233354
0.13303740764653096
0.1342692535059329
0.13551249865777412
0.13676724839757218
0.13803360898970832
0.13931168767260949
0.14060159267168967
0.1419034332038345
0.14321731949034625
0.14454336276351393
0.14588167527678794
0.1472323703132523
0.14859556219590708
0.14997136629487756
0.15135989904107414
0.15276127793019853
0.1541756215368129
0.15560304952188986
0.15704368264261315
0.15849764276335437
0.15996505286414373
0.16144603705180238
0.16294072056921383
0.1644492298058564
0.16597169230757763
0.16750823678899845
0.16905899314051653
0.1706240924406834
0.17220366696795286
0.1737978502091656
0.17540677687088807
0.17703058289158946
0.178669405451077
0.18032338298191422
0.18199265517995536
0.18367736301739612
0.18537764875259113
0.18709365594104604
0.18882552944818057
0.19057341546077336
0.19233746149662348
0.1941178164185397
0.1959146304457787
0.19772805516547132
0.1995582435441218
0.20140534994027834
0.20326953011862073
0.20515094125740801
0.20704974196734327
0.20896609229787716
0.21090015375382154
0.2128520893066169
0.21482206340763113
0.2168102419991219
0.21881679253041336
0.2208418839686243
0.22288568681229415
0.22494837310487356
0.22703011644809143
0.2291310920155337
0.23125147656492065
0.23339144845453635
0.23555118765335126
0.23773087575823856
0.2399306960059003
0.242150833286565
0.2443914741599388
0.24665280686846947
0.24893502135062057
0.25123830925728524
0.2535628639648723
0.25590888059059347
0.25827655600652694
0.26066608885528597
0.26307767956445915
0.2655115303612897
0.26796784528818535
0.27044683021814053
0.27294869286969725
0.27547364282172415
0.27802189153038015
0.28059365234366046
0.2831891405163301
0.28580857322784725
0.28845216959608067
0.2911201506948642
0.29381273956860476
0.29653016124947934
0.2992726427734613
0.3020404131957767
0.30483370360883677
0.30765274715704855
0.31049777905491494
0.31336903660237264
0.3162667592026938
0.3191911883779759
0.3221425677876301
0.32512114324393265
0.32812716273014936
0.3311608764171232
0.334222536680016
0.33731239811704944
0.34043071756560556
0.34357775411982466
0.3467537691489474
0.34995902631372056
0.35319379158493625
0.356458333260472
0.35975292198385467
0.3630778307613376
0.36643333498015646
0.369819712426245
0.37323724330250974
0.3766862102463112
0.38016689834858164
0.38367959517077055
0.38722459076412974
0.3908021776866365
0.3944126510220728
0.3980563083987008
0.4017334500063403
0.4054443786158607
0.409189399596494
0.4129688209353139
0.4167829532544934
0.42063210983005955
0.4245166066110134
0.4284367622365445
0.43239289805514036
0.436385338142375
0.4404144093200489
0.4444804411737877
0.4485837660717007
0.4527247191821893
0.45690363849283266
0.46112086482814946
0.46537674186777744
0.4696716161642581
0.47400583716175293
0.4783797572132645
0.4827937315988504
0.4872481185431476
0.49174327923321987
0.4962795778362013
0.5008573815164095
0.5054770604531866
0.5101389878575938
0.5148435399897652
0.5195910961755755
0.5243820388239921
0.5292167534431552
0.5340956286568738
0.5390190562212901
0.5439874310399355
0.5490011511808528
0.5540606178913595
0.5591662356137234
0.5643184120003766
0.5695175579284756
0.5747640875149617
0.5800584181304622
0.5854009704138973
0.5907921682852428
0.5962324389603743
0.6017222129625666
0.607261924136458
0.6128520096594221
0.61849291005417
0.6241850691999362
0.6299289343439084
0.6357249561113899
0.6415735885162512
0.6474752889710721
0.6534305182954868
0.6594397407255589
0.6655034239215973
0.6716220389759832
0.6777960604198343
0.6840259662298738
0.6903122378335715
0.6966553601146365
0.7030558214174356
0.7095141135506128
0.7160307317898077
0.7226061748802252
0.7292409450379185
0.7359355479502803
0.7426904927758319
0.7495062921430818
0.756383462148545
0.7633225223534723
0.7703239957805103
0.7773884089077493
0.7845162916634951
0.7917081774188426
0.7989646029795693
0.8062861085763529
0.813673237854601
0.8211265378627148
0.8286465590384708
0.8362338551949225
0.8438889835048735
0.8516125044831367
0.8594049819680898
0.8672669831018611
0.8751990783083204
0.8832018412697799
0.8912758489020226
0.899421681328062
0.9076399218491844
0.9159311569153284
0.9242959760923283
0.9327349720287014
0.9412487404192191
0.949837879966924
0.9585029923430465
0.9672446821450051
0.9760635568513846
0.9849602267757063
0.9939353050166466
1.0029894074068761
1.0121231524587608
1.0213371613075934
1.0306320576523949
1.0400084676934949
1.0494670200680332
1.0590083457815735
1.0686330781378468
1.0783418526644872
1.0881353070359019
1.0980140809936474
1.107978816261879
1.1180301564609574
1.1281687470166444
1.138395235065938
1.1487102693588953
1.159114500157357
1.1696085791286635
1.1801931592365504
1.190868894626561
1.2016364405085258
1.212496453033632
1.2234495891675183
1.2344965065587028
1.245637863402035
1.2568743182976423
1.2682065301045689
1.2796351577893845
1.2911608602697422
1.3027842962523102
1.3145061240650548
1.326327001484482
1.3382475855560096
1.3502685324096713
1.3623904970685372
1.3746141332515123
1.3869400931697318
1.3993690273159516
1.411901584247645
1.424538410362964
1.4372801496697662
1.4501274435471103
1.4630809304995949
1.4761412459042984
1.489309021749366
1.502584886365163
1.5159694641469812
1.5294633752697357
1.5430672353936195
1.556781655361603
1.5706072408877332
1.5845445922364065
1.5985943038921524
1.6127569642201522
1.6270331551169237
1.641423451650988
1.6559284216935362
1.670548625538567
1.6852846155126302
1.700136935573581
1.715106120898194
1.7301926974592088
1.7453971815897782
1.760720079537353
1.7761618870046088
1.7917230886790214
1.8074041577495987
1.8232055554109996
1.839127730354757
1.8551711182476889
1.8713361411964216
1.887623207198902
1.9040327095815457
1.9205650264226304
1.937220519961382
1.9539995359921845
1.9709024032445612
1.9879294327474728
2.005080917178945
2.022357130199767
2.039758325771725
2.0572847374598164
2.0749365777182143
2.0927140371599005
2.1106172838096495
2.1286464623401793
2.1468016932914264
2.1650830722720857
2.1834906691445033
2.2020245271911016
2.22068466226353
2.239471061913737
2.2583836845066547
2.277422458314872
2.296587280594659
2.3158780166434676
2.3352944988386053
2.3548365256573875
2.374503860677824
2.394296231560934
2.414213329013451
2.4342548057315816
2.454420275325855
2.4747093112261984
2.495121445568594
2.5156561680618736
2.5363129248357907
2.5570911172701036
2.5779901008044797
2.599009183729843
2.6201476259607857
2.6414046377897367
2.662779378622737
2.6842709556972353
2.7058784227819928
2.7276007788597623
2.7494369667927576
2.7713858719712454
2.793446320946211
2.815617080045894
2.837896853977249
2.8602842844124874
2.8827779485616944
2.905376357731734
2.928077955872682
2.9508811181121115
2.973784149278251
2.9967852824128713
3.019882677274936
3.043074418835778
3.066358515767268
3.089732898923608
3.113195419818586
3.1367438490989374
3.1603758750157365
3.184089101894789
3.2078810486080704
3.2317491470471342
3.2556907406009565
3.2797030826394407
3.30378333500453
3.3279285665111877
3.352135751459998
3.3764017681636456
3.400723397489591
3.4250973214212315
3.4495201216400053
3.4739882781310407
3.4984981678150966
3.5230460632092973
3.547628131120066
3.5722404313706404
3.596878915566954
3.621539425904496
3.646217694020048
3.670909339891376
3.695609870788729
3.7203146802817293
3.745019047305543
3.7697181352901765
3.7944069913572562
3.819080545587992
3.843733610367161
3.8683608798071827
3.892956929256861
3.9175162148996328
3.942033073445733
3.9665017219235392
3.990916257574628
4.0152706578579584
4.039558780568058
4.06377436407253
4.087911027674309
4.111962272103763
4.135921480146301
4.159781917411024
4.183536733245644
4.207178961803663
4.230701523269116
4.2540972252445455
4.277358764308066
4.300478727744747
4.3234495954582
4.346263742067846
4.368913439197242
4.391390857958978
4.4136880716415225
4.435797058603077
4.457709705377631
4.479417809998129
4.5009130855414705
4.522187163899929
4.543231599783324
4.564037874955956
4.584597402712298
4.604901532594711
4.624941555356588
4.6447087081734955
4.6641941801051185
4.683389117809591
4.702284631512066
4.720871801228504
4.739141683245252
4.757085316854389
4.7746937313443665
4.791957953244553
4.808869013822114
4.825417956828464
4.841595846492146
4.857393775754128
4.872802874740705
4.887814319468454
4.902419340774686
4.91660923346612
4.9303753656775315
4.943709188431121
4.956602245386511
4.96904618277014
4.981032759472001
4.992553857296407
5.003601491352623
5.014167820570055
5.024245158321566
5.033825983137553
5.042902949492173
5.051468898642184
5.059516869497671
5.067040109502969
5.0740320855050225
5.080486494585326
5.086397274830788
5.091758616017744
5.096564970182493
5.100811062050912
5.104491899298884
5.107602782614452
5.110139315532156
5.112097414009162
5.113473315712528
5.114263588986386
5.11446514146763
5.1140752283184066
5.113091460043757
5.111511809862694
5.109334620601283
5.106558611076538
5.103182881940542
5.099206920954682
5.0946306076648105
5.089454217449041
5.083678424911063
5.077304306593063
5.070333342983954
5.062767419800239
5.054608828518544
5.045860266141181
5.036524834177955
5.026606036830133
5.016107778364834
5.005034359671001
4.9933904739909
4.981181201824215
4.9684120050050335
4.955088719955319
4.94121755012196
4.926805057608104
4.911858154013131
4.896384090499374
4.880390447107579
4.86388512134686
4.846876316088857
4.829372526799625
4.8113825281466385
4.792915360022038
4.773980313026935
4.75458691346518
4.734744907898352
4.714464247316994
4.693755070986138
4.672627690025942
4.651092570790673
4.6291603181116
4.606841658471081
4.584147423176633
4.561088531604865
4.537675974585773
4.513920797998053
4.489834086645798
4.465426948486157
4.440710499276148
4.415695847704954
4.390394081075665
4.364816251597363
4.338973363344933
4.312876359939942
4.286536113001234
4.2599634114087
4.2331689514181265
4.206163327658792
4.178957025038907
4.151560411577148
4.123983732171139
4.096237103306221
4.068330508700168
4.040273795871563
4.0120766736117535
3.983748710332386
3.955299333253016
3.9267378283857965
3.898073341267282
3.86931487838095
3.840471309208075
3.8115513688393916
3.7825636610757005
3.7535166619420104
3.7244187235373625
3.695278078141141
3.666102842496313
3.6369010221909917
3.60768051606172
3.578449120545176
3.549214533909291
3.5199843603001986
3.4907661135478882
3.461567220680614
3.4323950251060005
3.403256789425344
3.374159697856208
3.34511085824728
3.3161173036781486
3.2871859936448162
3.2583238148394305
3.229537581539342
3.200834035626305
3.1722198462608207
3.1437016092395598
3.1152858460651447
3.0869790027572743
3.0587874484323416
3.0307174736754727
3.0027752887241768
2.974967021477032
2.9472987153342705
2.9197763268697896
2.892405723326788
2.865192679921819
2.8381428769352737
2.811261896560136
2.784555219475723
2.758028221109285
2.7316861675455204
2.705534211042632
2.679577385113165
2.653820599128233
2.628268632404644
2.6029261277355746
2.5777975843261007
2.5528873500951663
2.5281996133048215
2.503738393476096
2.479507531548527
2.4555106792378605
2.4317512875446097
2.4082325943659337
2.38495761116644
2.3619291086717418
2.339149601563667
2.3166213321800666
2.2943462532568026
2.272326009795868
2.250561920202394
2.2290549569037537
2.207805726744639
2.1868144515392594
2.1660809492512767
2.1456046163574465
2.1253844120246086
2.105418844783624
2.085705962409551
2.0662433457069787
2.047028106846871
2.0280568928030354
2.009325894292516
1.9908308604396865
1.9725671191685743
1.9545296030971324
1.936712880481031
1.9191111905566909
1.9017184824892315
1.884528457064894
1.8675346102992758
1.8507302782739954
1.8341086827647894
1.8176629775681419
1.8013862958387494
1.7852717991659375
1.7693127294777802
1.7535024650901168
1.7378345822334107
1.722302923120073
1.7069016710039724
1.6916254317108075
1.6764693198059546
1.661429045993874
1.6465010006485725
1.6316823267539717
1.6169709742292446
1.6023657268956362
1.5878661934713214
1.5734727551796632
1.5591864649581386
1.5450088968670914
1.5309419489656002
1.516987608312428
1.503147692353211
1.4894235861142695
1.4758159985956916
1.4623247637990613
1.4489487113034156
1.435685627805133
1.4225323244814325
1.4094848157483837
1.3965386037258005
1.3836890506592054
1.3709318101460801
1.3582632788541102
1.3456810249794184
1.3331841490901142
1.3207735377586827
1.308451980267881
1.2962241326190336
1.284096329278452
1.2720762592588193
1.2601725367961958
1.2483942059007096
1.23675022103218
1.2252489427884505
1.2138976787743314
1.2027022879040108
1.191666854246509
1.1807934273038376
1.1700818218884679
1.1595294737940072
1.1491313566324395
1.1388799779498195
1.1287654848020638
1.1187759153814607
1.108897629532281
1.0991159344552335
1.0894158929877567
1.0797832645867746
1.0702054908804612
1.060672607797312
1.0511779541841366
1.0417185592925153
1.0322951304765045
1.0229116235323923
1.0135744506864763
1.0042914501581421
0.995070790153003
0.985919995699259
0.9768452624762949
0.9678511607163599
0.9589407470475614
0.9501160124814476
0.9413785223955856
0.9327300671094372
0.9241731479971428
0.9157111704878751
0.9073482872412535
0.8990889115317989
0.8909369826737178
0.8828951003034906
0.8749636524306194
0.8671400539202198
0.8594182024444542
0.8517882582696936
0.8442368605059619
0.8367478891244396
0.8293038441532686
0.8218878205672842
0.8144859087307014
0.8070896744335195
0.7996982252306928
0.7923193171402663
0.7849690483337995
0.7776699336987855
0.7704475117680153
0.7633260135446144
0.7563239132265666
0.749450294099009
0.7427028570982511
0.7360680913495478
0.7295236802917014
0.7230427258773837
0.7165989369802989
0.7101716450864691
0.7037494704468321
0.697331727227599
0.6909272222352834
0.6845508533599016
0.6782191149457771
0.6719459736020369
0.6657403750406394
0.6596058993222617
0.6535421142377154
0.6475464841453008
0.641615681978238
0.635745848668447
0.6299322930855441
0.6241696353189982
0.6184530193759484
0.612779959556554
0.6071514593279685
0.6015711339447383
0.5960423641240605
0.5905651588184035
0.5851350280357183
0.5797449661508828
0.5743892865600946
0.5690663895899671
0.5637781853724275
0.5585266130804685
0.553310305117295
0.5481245119027863
0.5429645932776486
0.5378301210203342
0.5327260771971464
0.5276605192028221
0.5226416550718362
0.5176777829121834
0.5127802168593278
0.5079655262350778
0.503253331655988
0.49865986777658416
0.49419139994533184
0.4898413243017247
0.48559113775792695
0.4814130217991145
0.477273170055528
0.47313748165163844
0.4689804553042039
0.4647941840266703
0.4605921322326636
0.45640504929957676
0.45227113774372557
0.44822464942421475
0.44428596965235745
0.44045514335754876
0.4367105798027678
0.43301322828591415
0.42931443863248236
0.42556676005371674
0.4217396466737505
0.41783812942867365
0.41391123113212386
0.41003428677249976
0.40626855971050246
0.4026263103273795
0.39906773041938964
0.3955264442260458
0.3919398201856601
0.38827106761537916
0.384524689966572
0.3807481940415355
0.3770065826523432
0.37334342563403367
0.36976797994570293
0.36627850292024877
0.3628811752540074
0.35957430735844365
0.35632717012922693
0.35309445216936275
0.34985253808300515
0.3466137952128914
0.34341094860901844
0.3402777918256332
0.3372404469873535
0.33431391501251567
0.3314984834807018
0.32877177064370494
0.32607790519984364
0.3233344170268899
0.3204726486171484
0.31748479390737
0.3144316054120094
0.3114012443551626
0.3084533573824818
0.30559646309312416
0.3028173325066225
0.3001146580423606
0.29748644688153947
0.2949096208091207
0.2923518724427754
0.28977186883880024
0.2871157260745921
0.28437049825614147
0.281599843247529
0.27888011437707266
0.2762396509615607
0.27367123859459214
0.2711514196133593
0.2686556889810279
0.2661842436541633
0.26376099049618346
0.2614012873573713
0.259080048059069
0.2567399844979022
0.25432700435081285
0.2518013235145272
0.24916248525832124
0.2464860716896888
0.24389758638010586
0.2414887464243243
0.23925064356034667
0.23713427733705095
0.2351115932403397
0.23311930251503596
0.23112901538031083
0.2292140366233554
0.22738216001087072
0.22553608731304836
0.2236437244806098
0.2217199933240484
0.219699691434684
0.21754150193477745
0.21535085907355248
0.213294062530875
0.21137115066790113
0.2093924727633907
0.20729449276018289
0.20519670568938597
0.20321804620639425
0.20134574783773704
0.1995320312915856
0.19787146137522757
0.19634410191506207
0.19469184795724404
0.19280753998062972
0.19090931921577312
0.18916288537165996
0.1874346391300744
0.1855747326945774
0.18369810164099165
0.18204430731044655
0.18056644216738474
0.1790270682032729
0.17741074246782518
0.17577664425081366
0.17420056327577604
0.172783369170904
0.17142144364227743
0.16989809649888551
0.16819466565008873
0.16653073588060924
0.16505039340411948
0.1635235735936463
0.16183008045406955
0.16017750970756614
0.15870928570466297
0.15748471971613734
0.15628795958768105
0.15491987254069106
0.15346900288624873
0.15195168181690888
0.1504083862450205
0.14871168926264258
0.14704656707828204
0.145772651764844
0.1444750076311042
0.14316908290450608
0.14199802328220776
0.1408793415069932
0.13954766366119783
0.13787411839281577
0.1364592062201011
0.13541544555810237
0.13440782924810635
0.13333549237624798
0.13215228745706184
0.13121337537671676
0.1300607348930601
0.12871633761811144
0.12759457535689184
0.1265828681326849
0.1253734159563529
0.12424039386122845
0.12314700285066559
0.12187398816990036
0.12072160444099368
0.1197298227262873
0.11863704498410874
0.11739095492882336
0.11615806777338138
0.11512666967006009
0.11421471852913899
0.1131062302452787
0.11197010644630287
0.11085093328076512
0.11004738263522736
0.10912938452606986
0.1080278983142961
0.10716337482934503
0.10628585254720468
0.10514483033493621
0.10416812305775726
0.10321403568872356
0.10227673868147415
0.10155986098541797
0.1005971679580799
0.09957400199285311
0.09855849536555605
0.09762504203105611
0.09652789432720703
0.09563603369625545
0.09488471264576591
0.09430409506965527
0.09351446870693915
0.09261857649300019
0.09148394024447942
0.09034525016446186
0.08962781822621078
0.08899582128108006
0.08813998313647725
0.08735842971655942
0.0867253484794241
0.08596820766601124
0.08507264454862973
0.08439578400944815
0.08380647133004436
0.0830994142823768
0.08208178121446433
0.0810402987881089
0.08034730589128762
0.07960075377847554
0.07896180222085153
0.07806118214549615
0.07751467894546434
0.07708765122422315
0.07624596899786185
