0.2316152102562085
0.23376003044384835
0.2359247036665902
0.2381094134480953
0.24031434499855342
0.24253968523601196
0.24478562279629038
0.24705234805302692
0.24934005313204885
0.2516489319251654
0.2539791801092588
0.2563309951618265
0.25870457637462696
0.26110012487452683
0.26351784363655756
0.26595793750250724
0.2684206131954824
0.27090607934130645
0.27341454648170554
0.275946227091554
0.27850133560270207
0.28108008840949456
0.28368270390090466
0.28630940246540154
0.28896040652034943
0.2916359405213226
0.2943362309844279
0.29706150650566815
0.29981199777762046
0.3025879376092553
0.30538956094648173
0.30821710488597653
0.31107080870328857
0.3139509138634521
0.31685766404540117
0.3197913051618767
0.3227520853785957
0.3257402551326594
0.32875606715554573
0.3317997764941139
0.3348716405270746
0.337971918990763
0.3411008739976105
0.3442587700558014
0.3474458740944497
0.3506624554826941
0.35390878605263554
0.35718514011851604
0.3604917945020767
0.3638290285544332
0.36719712417512596
0.3705963658395104
0.3740270406171173
0.3774894381983131
0.38098385091457776
0.38451057376432596
0.3880699044337147
0.39166214332259786
0.39528759356797716
0.39894656106660875
0.40263935449984356
0.40636628536071145
0.4101276679740191
0.4139238195256548
0.41775506008302266
0.42162171262534326
0.4255241030636994
0.4294625602721841
0.4334374161069691
0.4374490054409696
0.44149766618013325
0.44558373929769723
0.44970756885810353
0.45386950204154614
0.4580698891738623
0.4623090837523319
0.4665874424743189
0.4709053252620002
0.4752630952935158
0.479661119027152
0.4840997662332284
0.48857941002060806
0.4931004268646225
0.4976631966364337
0.5022681026316301
0.5069155316009573
0.5116058737767042
0.516339522903549
0.5211168762708135
0.525938334736797
0.5308043027643579
0.5357151884478099
0.5406714035436012
0.5456733635033045
0.5507214875017082
0.5558161984691566
0.5609579231233558
0.5661470919990166
0.5713841394813973
0.576669503836364
0.5820036272437692
0.5873869558287457
0.59281993969409
0.598303032953856
0.6038366937645138
0.6094213843577766
0.6150575710761652
0.6207457244039961
0.6264863189993535
0.6322798337321357
0.6381267517139994
0.6440275603342461
0.6499827512924765
0.6559928206334625
0.6620582687825204
0.6681796005780025
0.6743573253083077
0.6805919567449881
0.686884013178189
0.6932340174522735
0.6996424970008392
0.7061099838818601
0.7126370148133886
0.7192241312098167
0.7258718792161849
0.7325808097465271
0.7393514785164917
0.7461844460825586
0.7530802778775494
0.7600395442449831
0.7670628204787012
0.7741506868562009
0.7813037286776696
0.7885225363012961
0.7958077051804686
0.8031598359000781
0.8105795342143006
0.8180674110821732
0.8256240827056139
0.8332501705661892
0.840946301461004
0.8487131075412585
0.8565512263474884
0.8644613008484267
0.8724439794765442
0.8804999161651649
0.8886297703859415
0.8968342071849783
0.9051138972200323
0.9134695167965485
0.9219017479059107
0.9304112782597369
0.9389988013278571
0.947665016374013
0.9564106284919363
0.9652363486419808
0.9741428936854465
0.9831309864223022
0.9922013556250139
1.0013547360742332
1.0105918685942206
1.019913500087386
1.0293203835676767
1.0388132781971073
1.0483929493175432
1.058060168485421
1.0678157135045683
1.0776603684593768
1.087594923746786
1.0976201761087676
1.1077369286645171
1.1179459909406053
1.1282481789018244
1.1386443149825254
1.1491352281154281
1.1597217537608524
1.1704047339349724
1.1811850172388085
1.1920634588843046
1.2030409207219357
1.214118271265993
1.2252963857202963
1.2365761460018132
1.2479584407653876
1.2594441654258166
1.2710342221797477
1.282729520026906
1.2945309747902212
1.3064395091344123
1.318456052584598
1.3305815415433757
1.3428169193054267
1.3551631360738008
1.3676211489724175
1.380191922058487
1.3928764263337658
1.4056756397535741
1.4185905472355291
1.4316221406655079
1.4447714189039738
1.458039387788473
1.4714270601366415
1.484935455745996
1.4985656013921922
1.5123185308269158
1.5261952847716735
1.5401969109118065
1.5543244638862674
1.568579005278153
1.5829616036000225
1.5974733342792249
1.6121152796398825
1.626888528883389
1.641794178065107
1.656833330069757
1.672007094583652
1.6873165880641974
1.7027629337074746
1.7183472614108088
1.7340707077351392
1.7499344158619892
1.7659395355492011
1.7820872230812081
1.798378641218648
1.8148149591415828
1.8313973523913192
1.84812700280795
1.8650050984635962
1.8820328335918917
1.8992114085142529
1.9165420295603044
1.9340259089860226
1.951664264885826
1.9694583211009347
1.9874093071226284
2.005518457990856
2.023787014188342
2.0422162215284123
2.0608073310385215
2.0795615988378904
2.098480286009977
2.117564658468602
2.136815986818698
2.156235546210325
2.175824616187403
2.195584480529
2.2155164270841583
2.235621747601476
2.255901737548575
2.2763576959274854
2.296990925080994
2.317802730491164
2.3387944205717788
2.359967306450336
2.381322701743951
2.402861922325358
2.424586286081155
2.4464971126603503
2.468595723214422
2.4908834401276936
2.513361586737514
2.5360314870454403
2.558894465418225
2.581951846277135
2.6052049537779864
2.62865511147921
2.652303641999757
2.676151866663815
2.7002011051356294
2.7244526750402827
2.748907891573564
2.7735680670981115
2.7984345107268647
2.823508527893237
2.8487914199071165
2.8742844834976347
2.899989010340037
2.9259062865698864
2.9520375922805244
2.9783842010053836
3.004947379185276
3.0317283856186434
3.058728470895631
3.0859488768152445
3.1133908357848825
3.141055570202772
3.168944291821247
3.1970582010930375
3.2253984864970184
3.2539663238454963
3.282762875571962
3.311789289997734
3.3410467005790516
3.3705362251322613
3.400258965037875
3.4302160044230217
3.4604084093205394
3.4908372268064984
3.521503484113422
3.552408187720163
3.583552322417661
3.6149368503496246
3.646562710028631
3.6784308153260667
3.7105420544362717
3.7428972888140457
3.7754973520851536
3.8083430489290486
3.8414351539339826
3.8747744104234867
3.908361529253662
3.9421971875814923
3.9762820276029016
4.010616655260605
4.045201638921016
4.0800375080200935
4.115124751677264
4.150463817276939
4.186055109018122
4.22189898643004
4.257995762854729
4.294345703896001
4.330949025833352
4.367805894002023
4.40491642113703
4.442280665682592
4.479898630065277
4.517770258931078
4.555895437346131
4.594273988960567
4.632905674135556
4.671790188032695
4.710927158666387
4.750316144918198
4.789956634513334
4.829848041959459
4.869989706447088
4.910380889711839
4.9510207738586764
4.9919084591478295
5.033042961742586
5.074423211419001
5.116048049237711
5.15791622517806
5.200026395734658
5.242377121476839
5.284966864571184
5.32779398626771
5.370856744350006
5.414153290550043
5.457681667928251
5.501439808219239
5.545425529144371
5.5896365316920935
5.63407039736595
5.678724585403081
5.723596429962259
5.768683137284469
5.813981782826358
5.859489308367745
5.905202519095918
5.951118080667025
5.9972325162469255
6.043542203533607
6.090043371762583
6.136732098697719
6.1836043076099525
6.230655764245926
6.277882073789148
6.325278677816639
6.372840851253749
6.420563699330266
6.468442154540384
6.5164709736112165
6.564644734481894
6.6129578332978385
6.661404481423932
6.7099787024804805
6.758674329406384
6.807485001553914
6.856404161819802
6.905425053817442
6.954540719095355
7.00374399440709
7.053027509038272
7.1023836821962965
7.151804720468653
7.201282615356275
7.250809140888053
7.300375851323148
7.349974078948245
7.399594931976385
7.4492292925553185
7.498867814892099
7.548500923502656
7.59811881159361
7.647711439584934
7.697268533781905
7.746779585204967
7.796233848586455
7.8456203415434835
7.894927843935957
7.944144897419627
7.993259805203832
8.042260632023682
8.091135204337071
8.139871110756411
8.188455702725934
8.236876095454923
8.28511916911734
8.333171570328927
8.381019713912755
8.428649784963614
8.47604774122303
8.52319931577509
8.570090020074772
8.616705147319472
8.663029776174579
8.709048774864229
8.75474680563778
8.80010832962265
8.84511761207401
8.889758728031397
8.934015568392294
8.977871846412347
9.021311104641299
9.064316722303774
9.106871923133388
9.148959783667864
9.190563242013102
9.231665107082586
9.272248068318689
9.312294705901252
9.35178750144828
9.390708849212732
9.42904106777841
9.466766412257309
9.503867086989349
9.540325258744883
9.576123070428801
9.611242655284112
9.645666151591591
9.67937571786083
9.712353548506458
9.744581890002149
9.776043057503324
9.806719451928064
9.836593577483924
9.865648059627055
9.893865663437813
9.921229312395825
9.947722107535254
9.973327346959335
9.9980285456914
10.021809455837614
10.044654087034818
10.066546727154721
10.08747196323397
10.107414702597499
10.126360194140526
10.14429404973291
10.16120226570719
10.177071244390271
10.191887815636209
10.205639258316427
10.21831332172143
10.229898246826535
10.240382787372734
10.249756230712043
10.258008418365455
10.265129766240317
10.271111284452777
10.275944596700068
10.279621959126327
10.282136278625417
10.283481130523125
10.28365077558161
10.282640176268016
10.2804450122302
10.277061694922146
10.27248738132278
10.266719986692399
10.259758196312273
10.251601476154205
10.242250082428537
10.231705069960904
10.219968299350324
10.207042442863527
10.192930989023166
10.177638245850586
10.161169342726868
10.143530230839593
10.124727682186176
10.10476928710885
10.0836634503403
10.061419385543424
10.038047108333204
10.013557427773293
9.987961936344853
9.96127299838998
9.93350373703724
9.904668019621752
9.874780441617483
9.843856309104503
9.811911619799032
9.778963042679154
9.745027896243977
9.71012412544894
9.674270277364526
9.63748547561027
9.599789393620128
9.561202226799473
9.521744663637774
9.481437855844504
9.440303387579286
9.398363243850106
9.355639778156203
9.31215567945462
9.267933938531518
9.222997813860962
9.177370797035664
9.13107657785505
9.084139009157257
9.036582071482034
8.988429837652353
8.939706437362524
8.890436021860857
8.840642728814933
8.790350647447339
8.73958378402956
8.688366027821544
8.636721117544177
8.584672608471537
8.532243840229803
8.479457905389298
8.426337618936037
8.372905488708959
8.319183686888962
8.26519402262552
8.210957915886455
8.15649637261605
8.10182996128602
8.046978790922857
7.991962490693944
7.936800191132818
7.881510507081518
7.826111522424926
7.770620776687652
7.715055253559076
7.6594313714057085
7.603764975822563
7.548071334266163
7.492365132801197
7.436660474980926
7.380970882867538
7.325309300183279
7.269688097566376
7.214119079887164
7.15861349556002
7.103182047765986
7.0478349074790785
6.9925817281671065
6.937431662015902
6.882393377504023
6.8274750781347775
6.772684522113635
6.718029042743354
6.6635155692963295
6.609150648115279
6.554940463690143
6.500890859461321
6.447007358108408
6.393295181099962
6.339759267303654
6.286404290488321
6.233234675589825
6.18025461366098
6.1274680754818975
6.074878823869962
6.022490424797284
5.970306257495948
5.918329523805963
5.866563257095181
5.815010331151284
5.7636734695106195
5.712555255743722
5.661658145258867
5.610984479209857
5.5605365010988566
5.510316376646141
5.460326217453791
5.410568108917493
5.3610441427389155
5.311756454260365
5.2627072646852575
5.213898928065039
5.165333982729542
5.117015206619152
5.068945675750907
5.021128824824188
4.973568508754956
4.926269063729804
4.879235366201984
4.832472888120973
4.785987746602653
4.739786746216234
4.693877412090667
4.648268012129885
4.602967566772042
4.557985844928693
4.513333344989391
4.469021260065951
4.425061426967299
4.38146625872835
4.3382486608523925
4.295421931754525
4.252999648205347
4.210995536863329
4.169423333250118
4.128296629767734
4.0876287145878
4.047432403470522
4.007719866806773
3.9685024544314693
3.9297905210379307
3.8915932553316197
3.8539185163890832
3.8167726810136924
3.780160506169794
3.7440850107855574
3.7085473812848666
3.673546905078548
3.639080935853525
3.605144893794871
3.5717323028301244
3.538834865597811
3.506442575153994
3.4745438605285774
3.4431257612614345
3.4121741241652574
3.381673813986172
3.3516089285850565
3.321963008948198
3.2927192349152543
3.2638605990666463
3.235370053714473
3.2072306292335218
3.179425525756958
3.1519381841216596
3.1247523453622934
3.097852110459889
3.071222012918925
3.044847115661822
3.0187131404787793
2.9928066329200984
2.9671151584622217
2.9416275177502214
2.916333960747782
2.8912263729409395
2.8662984026256844
2.8415454979094594
2.816964826181876
2.792555057744739
2.7683160086538154
2.744248154507498
2.720352045134173
2.6966276675754073
2.6730738188804493
2.649687558561347
2.6264638111289953
2.603395180795781
2.5804720231542713
2.55768279362484
2.5350146621055916
2.512454350926718
2.4899891228759836
2.467607821801056
2.4453018537732105
2.4230659947756363
2.4008989228117437
2.3788033980938916
2.356786052759185
2.3348567978952235
2.3130279055935414
2.2913128711794104
2.2697251989410625
2.2482772769046537
2.2269795067682017
2.205839830429673
2.184863744344445
2.16405482128088
2.1434156747965254
2.1229492182373257
2.1026600033717675
2.0825553899236255
2.06264630835194
2.042947438419847
2.0234767286377813
2.004254308096191
1.9853009647809854
1.9666364520492579
1.9482779113987312
1.9302386527516362
1.9125274213208987
1.8951481323926322
1.8780999172785227
1.8613772433439437
1.844969882844905
1.8288626151966552
1.8130347253554258
1.797459546643194
1.782104416473581
1.7669314090527748
1.751899061156161
1.7369650501004463
1.7220894985385855
1.7072383689380517
1.6923863498719214
1.6775187467316817
1.6626321199130982
1.6477336616717801
1.63283946492735
1.6179718652235986
1.6031559725935587
1.588415471178781
1.5737678806662767
1.559219797141953
1.5447630715441996
1.5303732141290765
1.5160112607833394
1.501629731010868
1.4871822079439376
1.472634800270813
1.4579767864046675
1.4432275294277515
1.4284374706918874
1.4136824880811771
1.3990526758244648
1.3846380997798258
1.3705148567079315
1.3567346231336543
1.3433198897577767
1.3302655126080407
1.3175454781451532
1.305122371762286
1.2929564594254686
1.2810118571102023
1.2692588440380737
1.2576732747613832
1.2462352312294127
1.234928780795752
1.2237431336646376
1.2126737868461501
1.2017218233617195
1.1908909149149394
1.180183707498658
1.169600202961301
1.1591393133744428
1.1488018963420414
1.1385918785546343
1.1285135655897776
1.1185671565972022
1.1087473762155686
1.0990486927871936
1.08947497981125
1.0800459493646946
1.0707924048359436
1.0617389111742632
1.0528819922017159
1.0441775805398315
1.0355482298772913
1.026909275923226
1.018200331659001
1.0094032784426457
1.0005357313639356
0.9916261160684415
0.982690182089417
0.9737263047411839
0.9647289026792689
0.955702647565037
0.9466625634412337
0.9376240477966146
0.9285992390993563
0.9196054815029746
0.9106714930554576
0.9018262998686842
0.8930794042902426
0.8844166255690866
0.8758187944545773
0.8672804201069407
0.8588056447296405
0.8503923148530235
0.8420347089190727
0.8337497551263148
0.8255932985930042
0.8176360035498302
0.8099127905597446
0.802392649100492
0.7950007375845761
0.7876787894221902
0.7804355999106015
0.7733456411064652
0.7664963953831294
0.7599252868946557
0.7535863717882298
0.7473561110065695
0.7410703269493212
0.7345841348122935
0.7278312506456737
0.7208441915657808
0.7137278894813869
0.7066239896897075
0.6996876734889147
0.6930538447551451
0.6867881205325388
0.6808741734534282
0.675269460563743
0.6699675639029626
0.664967475881018
0.6601529823797473
0.6552391585585495
0.6499190652035963
0.6440803227925216
0.6378212931764148
0.6312763073149197
0.6245459784229113
0.6178188473392282
0.6114189806429715
0.6056065659558498
0.6003218321360713
0.5951890117598665
0.589832846259469
0.5841780664054609
0.5784219908602147
0.5727982731294311
0.5674221708275038
0.5623012704470647
0.5574242775011274
0.5527858112121163
0.5483559342048593
0.5441290854133225
0.540088709014703
0.5359880386711046
0.5313841403350663
0.5260455849008362
0.5202130862714092
0.5144247733882403
0.5090862010965798
0.5041751269102238
0.49939187736244517
0.49454168682311356
0.48963081567726796
0.4847096191917505
0.4798401760318866
0.475045925522249
0.4702196045202321
0.46528833381536633
0.46042586616229014
0.4559645376641485
0.45210880950926813
0.4488498957150186
0.44605753019097133
0.4435558145788658
0.44108874089837735
0.43830797595763216
0.43499932291483007
0.4312243430902114
0.42726025944386137
0.4232063494313791
0.4189097218355952
0.41442884877017133
0.40994115513148
0.40538439995297826
0.40092290862270646
0.39678254223352766
0.392706857899745
0.3887156514086986
0.3850252077774781
0.3813713327710249
0.3778337135508928
0.37468196772379514
0.3716962980731388
0.36870692106419095
0.36557272543256125
0.36201493150083686
0.35803737026794163
0.3542976310885193
0.3513693887322432
0.3487857957399995
0.3457450308131191
0.34216078188047316
0.3386208184838231
0.335430456768499
0.3325760518988823
0.3301357563859384
0.3274823224550039
0.32479110545286666
0.32211073242572413
0.31877731875376397
0.3150999898511106
0.3114929705817792
0.3082039013079808
0.3052662926013049
0.30266572832059396
0.30021957307634184
0.2975044768887331
0.2947486602974383
0.2922116857637649
0.28974296856375553
0.28729355372461113
0.2848092088523122
0.2826674896816918
0.2806659522502495
0.2782325969456789
0.2755363810740293
0.27292132920445483
0.2705283070941469
0.26858959526130505
0.2663922920976457
0.26381627871979807
0.2609490894986919
0.2578293931977714
0.25418967107924695
0.2504116433653145
0.2473815552949872
0.2461089705374127
0.2456670980082377
0.24473784772645837
0.2431980381961403
0.241467761382167
0.23884801831930103
0.23643513999157384
0.2345455085612433
0.23315920233956955
0.231296265192361
0.22794208544571049
0.2243341953064071
0.22118233518671215
0.2193276392665414
0.2180690887418677
0.21640089820908254
0.2140550335487411
0.21190688024920484
0.20983762967041272
0.2078383613573314
0.2064913736132566
0.204871400827154
0.20313642032686297
0.20094358547517266
0.19835859060844752
0.196467510368686
0.19571182233177314
0.19483191353498164
0.1921771220522606
0.18940271606634473
0.18753931617854716
0.18682760130316625
0.18630999190324193
0.1839687002386695
0.18053171332222645
0.17806939923432635
0.1775496628449954
0.17671807562542297
0.1752815052744347
0.17359789033956546
0.17238725110046263
0.17132385803994868
0.16898759588148538
0.16695341150305745
0.1659459992415314
0.16478003607920014
0.16325657586322354
0.16137351180643184
0.16020701903542914
0.1583655610949188
0.15585330566470512
0.15338101618088062
0.1528329359739552
0.1526182209657075
0.15132124047508003
0.14949447575036215
0.14852091942795143
0.14758707140206984
0.14608975635243174
0.14456125472238748
0.142920061636511
0.14133243360329292
0.13994550996961305
0.13892240752401422
0.13761875813006186
0.13595591322083897
0.1348548571711216
0.13384428831504783
0.13306139031337794
0.13127042401836153
0.1299546375111025
0.12891715768835624
0.12759836852198334
0.1265009246576873
