0.1670216437831939
0.16856832070320513
0.17012931474019813
0.17170475826695927
0.17329478487693636
0.17489952939217615
0.1765191278781195
0.1781537176525482
0.17980343729851236
0.18146842667416713
0.18314882692624201
0.18484478050085532
0.18655643115474688
0.18828392396836055
0.19002740535710136
0.19178702308308587
0.19356292626891752
0.19535526540867676
0.19716419238084595
0.19898986046113082
0.20083242433343157
0.2026920401056899
0.2045688653194391
0.20646305896568554
0.20837478149619343
0.210304194836541
0.21225146240182077
0.21421674910664526
0.2162002213813505
0.21820204718530167
0.22022239601895768
0.22226143894011222
0.22431934857636432
0.22639629913967876
0.22849246644029733
0.2306080279031118
0.2327431625788002
0.23489805116090318
0.23707287600030394
0.23926782111960673
0.24148307222837118
0.2437188167376611
0.24597524377620694
0.24825254420589046
0.25055091063561136
0.2528705374398149
0.25521162077006226
0.25757435857593836
0.2599589506175344
0.2623655984820877
0.26479450560199674
0.2672458772689628
0.2697199206526938
0.27221684481607905
0.27473686073272324
0.2772801813036244
0.279847021374571
0.28243759775361854
0.28505212922710843
0.28769083657929606
0.29035394260823394
0.2930416721446438
0.2957542520691898
0.29849191133105246
0.3012548809661538
0.3040433941149614
0.30685768604183683
0.3096979941529562
0.3125645580153519
0.3154576193764389
0.3183774221823924
0.321324212597748
0.32429823902429605
0.3272997521213782
0.3303290048253185
0.33338625236872454
0.33647175230130943
0.33958576450957356
0.3427285512371044
0.34590037710481636
0.3491015091324477
0.35233221675806853
0.35559277185951105
0.35888344877572714
0.3622045243278528
0.3655562778399341
0.3689389911611202
0.3723529486871688
0.3757984373817858
0.37927574679945264
0.3827851691068574
0.38632699910477347
0.38990153425179264
0.39350907468578805
0.3971499232470347
0.40082438550049415
0.40453276976007624
0.40827538711042977
0.41205255143128305
0.4158645794202749
0.41971179061673736
0.42359450742575466
0.42751305514166904
0.431467761972387
0.4354589590633502
0.4394869805226136
0.44355216344428594
0.4476548479338047
0.4517953771324253
0.4559740972431714
0.4601913575540702
0.46444751046513993
0.468742911512666
0.4730779193950362
0.4774528959988793
0.481868206423598
0.48632421900874084
0.4908213053587215
0.49535984037020275
0.4999402022574114
0.5045627725790842
0.5092279362647196
0.5139360816416033
0.5186876004615627
0.5234828879273764
0.5283223427204635
0.5332063670274466
0.5381353665681501
0.543109750622002
0.5481299320560246
0.5531963273530721
0.5583093566376343
0.5634694437059213
0.5686770160520648
0.5739325048959706
0.5792363452127922
0.5845889757596744
0.5899908391045117
0.5954423816540662
0.6009440536822612
0.6064963093584363
0.6120996067764676
0.6177544079818948
0.6234611790019063
0.6292203898729232
0.6350325146693562
0.6408980315328516
0.6468174227001172
0.6527911745320374
0.6588197775424062
0.6649037264261833
0.6710435200885639
0.6772396616735428
0.6834926585923569
0.6898030225523649
0.6961712695854809
0.7025979200766285
0.7090834987922805
0.7156285349089268
0.7222335620411866
0.7288991182703647
0.7356257461724894
0.7424139928461695
0.7492644099403776
0.7561775536831239
0.7631539849084055
0.7701942690833433
0.7772989763365604
0.7844686814847652
0.7917039640598355
0.7990054083351978
0.8063736033533566
0.8138091429511037
0.821312625786446
0.8288846553642343
0.836525840061291
0.8442367931521659
0.8520181328336393
0.8598704822500052
0.8677944695164103
0.875790727743462
0.88385989506029
0.8920026146380773
0.9002195347121871
0.908511308604854
0.9168785947466354
0.9253220566976376
0.9338423631685349
0.9424401880404077
0.951116210384646
0.9598711144818463
0.9687055898400809
0.9776203312130461
0.9866160386166076
0.9956934173457496
1.0048531779897938
1.0140960364476608
1.0234227139415828
1.0328339370306079
1.0423304376230433
1.0519129529878894
1.061582225765455
1.071339003976682
1.0811840410325055
1.0911180957407403
1.101141932312731
1.1112563203690282
1.1214620349432594
1.1317598564853946
1.1421505708632613
1.1526349693631426
1.1632138486890464
1.173888010960246
1.184658263707466
1.1955254198681144
1.2064902977790375
1.217553721168647
1.2287165191466005
1.2399795261921875
1.251343582141247
1.262809532170099
1.2743782267794013
1.2860505217739957
1.2978272782426756
1.309709362534415
1.32169764623325
1.3337930061307142
1.3459963241959005
1.358308487543244
1.3707303883980007
1.3832629240588794
1.395906996858465
1.4086635141206274
1.4215333881154053
1.4345175360108797
1.447616879822231
1.4608323463577335
1.4741648671616472
1.4876153784536332
1.501184821065542
1.514874140373985
1.5286842862297234
1.5426162128838605
1.5566708789093535
1.570849247119722
1.5851522844830919
1.5995809620323973
1.6141362547715432
1.6288191415769984
1.643630605095184
1.6585716316350632
1.6736432110563422
1.6888463366526285
1.7041820050295755
1.7196512159782311
1.735254972342776
1.7509942798831348
1.7668701471319588
1.7828835852458358
1.7990356078507905
1.8153272308816113
1.8317594724152042
1.8483333524973362
1.8650498929632533
1.8819101172511363
1.8989150502089271
1.916065717894194
1.9333631473666066
1.9508083664729348
1.9684024036246228
1.9861462875673501
2.0040410471425694
2.0220877110409416
2.040287307547118
2.058640864276244
2.077149407900886
2.0958139638695727
2.114635556115586
2.133615206756246
2.152753935782388
2.1720527607379774
2.191512696388993
2.2111347543820954
2.2309199428925517
2.2508692662607155
2.2709837246174773
2.2912643134979778
2.311712023443622
2.332327839591565
2.353112741252222
2.374067701473522
2.39519368659276
2.4164916557745233
2.4379625605353423
2.4596073442544117
2.481426941669923
2.5034222783609907
2.5255942702145875
2.5479438228773774
2.5704718311920787
2.5931791786177927
2.616066736634345
2.6391353641300324
2.662385906772577
2.685819196362742
2.709436050170519
2.733237270253414
2.7572236427565207
2.7813959371937558
2.8057549057104807
2.8303012823265954
2.8550357821600048
2.879959100629979
2.9050719126402553
2.930374871741236
2.9558686092711217
2.981553733475533
3.007430828605279
3.0335004539918473
3.05976314310049
3.086219402560077
3.1128697111699126
3.139714518882825
3.1667542457640634
3.1939892809261274
3.221419981438794
3.2490466712138732
3.2768696398650925
3.304889141541785
3.333105393736983
3.3615185760688124
3.390128829035647
3.41893625274412
3.447940905610092
3.477142803031964
3.5065419160366758
3.5361381698974466
3.5659314427234023
3.5959215640210385
3.6261083132270087
3.65649141821209
3.687070553756623
3.717845339996605
3.748815340841031
3.77998006235975
3.811338951142396
3.842891392628047
3.874636709405495
3.906574159484581
3.93870293453829
3.971022158115931
4.003530883827449
4.036228093499196
4.069112695301158
4.102183521846151
4.135439328261205
4.168878790231538
4.202500502017453
4.236302974444809
4.270284632869412
4.30444381511613
4.338778769393138
4.373287652182284
4.407968526106138
4.4428193577726995
4.477838015598801
4.513022267612872
4.54836977923859
4.583878111060275
4.619544716571453
4.655366939907895
4.69134201356652
4.72746705611178
4.763739069871188
4.800154938621673
4.836711425268579
4.873405169519413
4.910232685554315
4.94719035969542
4.9842744480776195
5.021481074322878
5.058806227220899
5.096245758418879
5.133795380122906
5.171450662814354
5.209207032984132
5.247059770888213
5.285004008327731
5.323034726457376
5.36114675362572
5.399334763251364
5.43759327173902
5.475916636439705
5.514299053659418
5.552734556720912
5.591217014083237
5.629740127523925
5.668297430389003
5.7068822859159445
5.745487885635036
5.784107247854881
5.8227332162375145
5.861358458469373
5.899975465034169
5.938576548093772
5.977153840483902
6.0156992948309185
6.054204682796754
6.092661594458871
6.131061437832247
6.169395438540912
6.20765463964608
6.245829901638787
6.283911902604478
6.321891138567298
6.359757924022286
6.397502392663095
6.435114498313537
6.47258401607115
6.509900543670782
6.54705350307678
6.584032142311736
6.620825537530323
6.657422595346487
6.693812055422115
6.7299824933255055
6.765922323667811
6.801619803525373
6.837063036155918
6.87223997501637
6.90713842808985
6.9417460625292415
6.976050409624331
7.010038870099523
7.04369871974858
7.077017115412448
7.109981101306163
7.142577615700025
7.1747934979600485
7.206615495951967
7.238030273812705
7.269024420092528
7.299584456270461
7.329696845644887
7.359348002600491
7.388524302252002
7.417212090464209
7.4453976942470215
7.473067432523321
7.500207627266401
7.526804615002754
7.552844758674958
7.578314459858222
7.603200171323089
7.627488409935431
7.651165769883853
7.674218936223165
7.696634698721269
7.718399965995569
7.739501779923507
7.7599273303104646
7.7796639697968
7.79869922898435
7.817020831761276
7.834616710802578
7.85147502322212
7.867584166350595
7.882932793612312
7.897509830472172
7.911304490422879
7.924306290980882
7.936505069658276
7.947890999876483
7.958454606786219
7.968186782957234
7.9770788038998806
7.985122343379741
7.992309488485501
7.9986327544093525
8.004085098898486
8.008659936335693
8.012351151406412
8.015153112309422
8.017060683468003
8.018069237698475
8.018174667793067
8.017373397474465
8.01566239167979
8.013039166132565
8.009501796161992
8.005048924730106
7.999679769628518
7.993394129808133
7.986192390806885
7.978075529242458
7.969045116339242
7.959103320461017
7.94825290862356
7.936497246964125
7.923840300147692
7.910286629693138
7.895841391205812
7.880510330506479
7.864299778650325
7.847216645833458
7.829268414188389
7.810463129473759
7.790809391667992
7.770316344480397
7.748993663797672
7.726851545087754
7.703900689787306
7.6801522907031385
7.65561801646196
7.630309995046858
7.604240796462698
7.577423414576341
7.54987124818116
7.521598081338592
7.492618063052636
7.4629456863361
7.432595766729986
7.401583420339828
7.3699240414548175
7.337633279817423
7.304727017612642
7.27122134624722
7.237132542990107
7.202477047545958
7.167271438633754
7.131532410642652
7.095276750436872
7.058521314380735
7.0212830056543245
6.983578751928962
6.945425483470453
6.906840111736427
6.867839508532383
6.828440485788997
6.788659776021002
6.748514013525686
6.708019716376315
6.667193269262977
6.6260509072304385
6.584608700359186
6.542882539432368
6.500888122627621
6.458640943268572
6.41615627866647
6.373449180077508
6.330534463796344
6.287426703400608
6.244140223155094
6.200689092577882
6.157087122163501
6.11334786025067
6.06948459101425
6.0255103335524645
5.981437842031534
5.937279606840849
5.893047856702213
5.848754561667237
5.804411436927629
5.7600299473538294
5.71562131266887
5.671196513156243
5.626766295793801
5.582341180699852
5.537931467773543
5.4935472434095045
5.449198387166527
5.404894578272421
5.360645301852314
5.316459854775438
5.272347351026222
5.228316726519522
5.184376743296376
5.1405359930563534
5.096802900004476
5.053185723014822
5.009692557138422
4.966331334509265
4.923109824728663
4.880035634833227
4.837116208974845
4.7943588279610045
4.751770608819056
4.709358504557908
4.667129304303771
4.6250896339817915
4.583245957702388
4.541604579988665
4.500171648949776
4.458953160464221
4.417954963387583
4.3771827657424325
4.336642141785262
4.296338539778848
4.256277290231142
4.216463614296591
4.176902631976415
4.137599369705096
4.0985587668744685
4.059785680829227
4.02128488987134
3.98306109383977
3.945118911887721
3.907462877164281
3.870097428220666
3.8330268971014423
3.7962554942450697
3.7597872905004093
3.723626196759042
3.687775941898248
3.652240049915565
3.61702181730016
3.5821242918162994
3.547550253956016
3.5133022023393683
3.479382344289604
3.4457925926786093
3.4125345699197136
3.379609619679106
3.347018826488333
3.314763042978968
3.2828429239429995
3.2512589658721063
3.220011550074902
3.1891009869473073
3.158527558515707
3.128291556024686
3.098393309140241
3.0688332033206134
3.0396116820996637
3.0107292314517875
2.982186344069876
2.953983462281802
2.9261208994325676
2.8985987408274947
2.871416726709021
2.8445741211527835
2.818069572132297
2.7919009692227847
2.766065306398324
2.740558558030905
2.7153755764455347
2.690510019159689
2.6659543132010244
2.641699662646035
2.6177361037805076
2.594052610110908
2.5706372469497207
2.5474773725840216
2.5245598802675553
2.5018714726219913
2.479398957671044
2.45712955383657
2.435051189959
2.4131527859001958
2.391424499642349
2.369857928062914
2.348446250738229
2.327184309141789
2.306068617325658
2.285097304406634
2.2642699936598825
2.243587627431611
2.2230522510547406
2.202666772100236
2.182434713240727
2.162359977405466
2.142446642520462
2.122698799849372
2.103120444864603
2.083715422999394
2.064487425127067
2.0454400199905307
2.0265767040611253
2.0079009445326106
1.989416189396341
1.9711258206152849
1.9530330327209005
1.9351406295164277
1.9174507451048954
1.8999645105833636
1.8826817022786702
1.8656004188378668
1.848716840383496
1.8320251213869754
1.8155174589877656
1.799184360633823
1.7830151110817047
1.7669984122579485
1.7511231443933275
1.7353791774486205
1.7197581516119964
1.7042541464023564
1.6888641693599826
1.673588414993589
1.6584302685605536
1.643396052891854
1.628494536211
1.6137362331442682
1.599132540842236
1.58469476040216
1.5704330643025297
1.556355485525918
1.5424670220510692
1.5287689653880316
1.5152585639236256
1.5019291103297372
1.4887704903345365
1.4757701497674733
1.4629143419057375
1.4501894328818228
1.437582999759608
1.4250844796388127
1.4126852282319406
1.4003780070548024
1.388156097547209
1.3760123786957688
1.3639387442666868
1.351926143792792
1.3399653195186179
1.3280480411629296
1.3161684093529722
1.3043237082425252
1.2925144012137877
1.28074317044115
1.2690133067038194
1.2573271040808864
1.2456850428160458
1.234086354110857
1.222531074191807
1.2110230671601088
1.199572973158668
1.1881998638563367
1.1769306909581454
1.1657973313810064
1.1548319031599756
1.1440616806357733
1.1335050625943797
1.1231695502041557
1.1130517849183543
1.1031388338285666
1.0934095765288976
1.0838354859040054
1.0743811120578468
1.0650055700111563
1.0556665693210108
1.0463275907563208
1.0369669561797146
1.027585673143539
1.0182102450666048
1.0088878764478795
0.9996744319188636
0.9906188369064327
0.9817495860443332
0.9730684254575241
0.9645531902900862
0.9561677020176121
0.9478736776494506
0.9396393071189253
0.9314415646805427
0.9232629888490947
0.9150865391367631
0.906892759523338
0.8986617453897932
0.8903794641070394
0.8820454180514575
0.8736776442072195
0.8653119353772192
0.8569944741474324
0.8487698626162329
0.8406687317441026
0.8326997697586912
0.8248496385241448
0.8170912243605302
0.809397283529241
0.8017543973056592
0.7941721349759029
0.7866840025007488
0.7793389690247357
0.7721845926192372
0.7652456158447792
0.758505561189289
0.7519010298800585
0.7453351382836506
0.7387068903784971
0.7319431290528063
0.7250179566561237
0.717953467772947
0.710806682324735
0.7036504002742315
0.6965514689332244
0.6895495382848668
0.682646140645991
0.6758155451776885
0.6690346135319851
0.6623102425714275
0.6556830051976721
0.6492069392643999
0.6429238404476899
0.6368473799292905
0.6309591699959793
0.6252153808376356
0.619565626082388
0.6139789618956727
0.6084578888873701
0.6030235580420799
0.5976826437010968
0.5924126374372852
0.5871918760388415
0.5820521408282371
0.5770935738839789
0.5724278109974656
0.5680921149062761
0.5640171779816106
0.5600748651370241
0.556142902570887
0.5521190001937345
0.5479012379218378
0.5433977494024834
0.5385697169057291
0.5334504856411703
0.528121255928111
0.5226847740674386
0.5172525498762258
0.5119094643044786
0.506655690836858
0.5013962978763998
0.49602183249073983
0.4905166305095681
0.48499567756649703
0.4796557786719288
0.4746976232573476
0.4702504244348324
0.466321787083638
0.46281832043421184
0.45960741805771926
0.45653096044758856
0.4533945620641541
0.4500124140636831
0.44627205335974274
0.4421608475729832
0.43776615389087037
0.43324334993587554
0.4287633539847962
0.42449131308056587
0.42052727633581
0.41675478083041195
0.4128616503680866
0.4086964253451388
0.4045086332629177
0.40069313612345564
0.3973873125636482
0.39437048718754086
0.39127788166431215
0.38785676666339847
0.3840866519492494
0.3802450729006465
0.37669580056608754
0.3734113736589405
0.3701428117665538
0.36696140447140013
0.3640073645644071
0.3611343376437044
0.35821488583656425
0.35529566240971927
0.3522628071781799
0.3488477080643621
0.34508628862449675
0.34123026772608506
0.33743388631400134
0.33390420383377445
0.3307398023209619
0.32766651448314554
0.32450110253465825
0.32133928784027194
0.3182053501244877
0.31515564278154984
0.31237888715267087
0.3099207171095705
0.30746456227597607
0.3047540959747045
0.3020305003620108
0.29946759947755114
0.296805035919973
0.29378792535764925
0.290664074530171
0.2878251335920392
0.2849452126737679
0.28174172575372197
0.2784268588268777
0.2751305842217366
0.2721229058276289
0.26991081456811666
0.26847912683381125
0.2671059560297154
0.26537150061475023
0.26334201926326795
0.2612289286837883
0.25902198528771253
0.25662230782157863
0.2541335900402941
0.2515695840188032
0.2490454450499761
0.24658247299193567
0.24420164715548617
0.2423364044184374
0.2406296272506556
0.23882946811255695
0.23705785090976825
0.23485416585565258
0.23245116103929542
0.2301084681289086
0.22758682987849974
0.2249902784669838
0.22284413289121188
0.2209203850045956
0.21889970059986316
0.2167289755180313
0.21462576186177346
0.21268574925277547
0.21076359033785844
0.2089589164293622
0.2068908892227987
0.2049796711664361
0.20314372123547322
0.20128466108554235
0.19959056583876283
0.19766575133833195
0.19533793269716374
0.1932662502028865
0.19204304918386744
0.19126683442247272
0.18937571824993207
0.18667737161066905
0.18469074601913893
0.18329514945855585
0.18166038172190876
0.18013727597230136
0.17869853160993818
0.17672318748932236
0.17522287404199
0.17403755404444873
0.17305999248715345
0.17200131690728482
0.1699498829600745
0.1677901044603909
0.16619730657795564
0.16462194589861284
0.1628215021290548
0.1611317329035419
0.15960292831565656
0.15795084496731912
0.15637999645611236
0.15478358671499123
0.15359023923764936
0.15238388318392293
0.15082491463868558
0.14961257204615655
0.14829185109040724
0.14671507776830905
0.14513007687499835
0.14379908138225558
0.1427841584920265
0.14142405251616172
0.1401717868144715
0.13888393302045984
0.13834456411148144
0.13732003658539613
0.1358378904726548
0.13456664098376883
0.13323743704942492
0.1319617682221828
0.1305814498328244
0.129195033194454
0.1281299856516699
0.12703230246730926
0.12609490723348207
0.12479282849873127
0.12361739165948102
0.12235670410057048
0.12162583740314378
0.12034813984231156
0.11923721689450333
0.11837009813589126
0.11674059994439308
0.11558515640380664
0.11496788292289481
0.1140424407848443
0.11304988720639034
0.11192993772244243
0.11069701542534378
0.10974933801754187
0.10884263706680881
0.10781050535472439
0.10633247429651517
