0.1385400105860412
0.13982297410634706
0.14111781449791752
0.1424246415940672
0.1437435662396692
0.1450747003020985
0.14641815667708596
0.14777404930386726
0.14914249317260872
0.15052360432711484
0.15191749988587003
0.15332429804387693
0.15474411808535243
0.15617708039294756
0.15762330645782366
0.15908291889058832
0.16055604142925398
0.16204279895281076
0.16354331748731568
0.16505772422126838
0.1665861475127374
0.16812871690094972
0.16968556311528254
0.17125681808990695
0.17284261497264908
0.17444308813481557
0.1760583731832107
0.17768860697187705
0.1793339276131912
0.18099447448932762
0.18267038826192986
0.1843618108877329
0.18606888562562013
0.1877917570515254
0.18953057106875237
0.19128547492108325
0.19305661720480788
0.1948441478783586
0.19664821827996481
0.19846898113446762
0.2003065905675432
0.20216120212065924
0.20403297276200116
0.2059220608979142
0.20782862638790028
0.20975283055764887
0.2116948362120664
0.2136548076456397
0.21563291065941015
0.2176293125749594
0.21964418224399562
0.22167769006589605
0.22373000799881307
0.2258013095745233
0.22789176991502572
0.23000156574185637
0.23213087539444205
0.23427987884259963
0.23644875770182874
0.23863769524622575
0.2408468764256627
0.24307648788032965
0.24532671795345223
0.24759775670890852
0.2498897959455975
0.25220302921074994
0.2545376518203127
0.25689386086903215
0.259271855250847
0.26167183566997065
0.26409400466237154
0.2665385666070745
0.2690057277449525
0.271495696194853
0.27400868196813283
0.2765448969889169
0.2791045551067594
0.2816878721161675
0.28429506577363256
0.28692635581180603
0.2895819639616988
0.2922621139652909
0.29496703159540894
0.2976969446731368
0.3004520830851047
0.30323267880201554
0.30603896589621454
0.30887118055976365
0.31172956112319106
0.3146143480730357
0.31752578407155674
0.3204641139749694
0.3234295848514697
0.32642244600112563
0.32944294897529364
0.3324913475944985
0.3355678979686292
0.33867285851575146
0.34180648998445623
0.34496905546825035
0.3481608204313627
0.35138205272395195
0.35463302260541346
0.35791400276316554
0.3612252683329023
0.36456709692047096
0.36793976862110384
0.37134356604044666
0.3747787743168471
0.378245681140171
0.38174457677512297
0.3852757540805074
0.388839508532234
0.3924361382451406
0.39606594399228784
0.3997292292297662
0.4034263001163043
0.40715746553657767
0.41092303712288825
0.4147233292778581
0.4185586591966409
0.4224293468883719
0.4263357152010328
0.43027808984188487
0.4342567994024323
0.4382721753795742
0.44232455219992345
0.446414267242307
0.4505416608614609
0.4547070764107901
0.45891086026729816
0.4631533618533901
0.46743493366157335
0.47175593127867166
0.476116713408217
0.48051764189576357
0.4849590817526994
0.4894414011793095
0.4939649715910374
0.49853016764078506
0.5031373672438043
0.5077869516032185
0.5124793052331477
0.5172148159836109
0.5219938750659878
0.5268168770762738
0.5316842200207165
0.5365963053410844
0.5415535379378236
0.5465563261962273
0.5516050820111403
0.5567002208112107
0.5618421615846674
0.5670313269030791
0.5722681429477054
0.5775530395332679
0.5828864501336888
0.5882688119060405
0.5937005657167062
0.5991821561647139
0.604714031608465
0.6102966441885337
0.6159304498539764
0.6216159083864438
0.6273534834243488
0.6331436424882112
0.6389868570043976
0.6448836023306218
0.6508343577785463
0.6568396066401431
0.6628998362091357
0.6690155378073819
0.675187206806995
0.6814153426548464
0.68770044889521
0.694043033194602
0.7004436073628663
0.7069026873770659
0.7134207934049362
0.7199984498259677
0.7266361852540385
0.7333345325600759
0.7400940288925517
0.746915215699733
0.7537986387509356
0.760744848156083
0.7677543983875006
0.7748278482991265
0.7819657611466274
0.7891687046065872
0.7964372507952528
0.8037719762873098
0.811173462133566
0.8186422938784415
0.8261790615780685
0.8337843598146009
0.8414587877149508
0.8492029489642117
0.8570174518211146
0.8649029091322721
0.8728599383462697
0.8808891615256446
0.8889912053600181
0.8971667011765448
0.9054162849520173
0.9137405973222158
0.9221402835904595
0.9306159937371528
0.9391683824264571
0.9477981090130643
0.9565058375479124
0.965292236782688
0.9741579801734103
0.9831037458835348
0.9921302167844542
1.0012380804569856
1.010428029189894
1.019700759977814
1.029056974518415
1.0384973792074823
1.048022685133267
1.0576336080690452
1.0673308684644391
1.0771151914349109
1.0869873067507378
1.096947948822782
1.106997856687845
1.117137773992521
1.1273684489737175
1.1376906344390354
1.1481050877450552
1.1586125707719255
1.1692138498988212
1.1799096959747564
1.1907008842888949
1.2015881945379223
1.2125724107911386
1.2236543214540503
1.2348347192281555
1.2461144010696226
1.2574941681443086
1.268974825781144
1.2805571834219176
1.292242054568607
1.304030256728349
1.3159226113540197
1.3279199437836886
1.3400230831750175
1.3522328624378377
1.3645501181624715
1.3769756905451498
1.3895104233097142
1.4021551636254295
1.4149107620211592
1.4277780722963391
1.440757951426776
1.453851259467119
1.4670588594491676
1.4803816172754176
1.4938204016084993
1.5073760837559809
1.5210495375501336
1.5348416392235849
1.5487532672790543
1.5627853023549183
1.5769386270846164
1.5912141259515877
1.605612685137911
1.6201351923675396
1.6347825367438795
1.6495556085809244
1.6644552992288693
1.6794825008925127
1.6946381064440021
1.7099230092285425
1.7253381028631438
1.7408842810284781
1.7565624372539312
1.7723734646942184
1.7883182558999486
1.8043977025786597
1.8206126953494919
1.8369641234886194
1.8534528746669015
1.8700798346783887
1.8868458871608798
1.9037519133063763
1.9207987915635314
1.9379873973293988
1.9553186026324618
1.9727932758051725
1.9904122811468004
2.0081764785752383
2.026086723268943
2.0441438652972144
2.0623487492400177
2.0807022137958446
2.099205091378271
2.117858207700542
2.13666238134767
2.15561842333652
2.1747271366626353
2.19398931583459
2.213405746394548
2.2329772044255196
2.2527044560447416
2.272588256882364
2.2926293515467497
2.3128284730733766
2.333186342360573
2.3537036675882614
2.3743811436217483
2.3952194513994485
2.416219257304096
2.437381212517706
2.45870595235885
2.480194095603492
2.5018462437877256
2.5236629804926474
2.545644870611149
2.5677924595959043
2.5901062726887907
2.6125868141307236
2.63523456635219
2.65804998914404
2.6810335188076886
2.7041855672852475
2.727506521268487
2.750996741287088
2.774656560774979
2.7984862851152434
2.8224861906629815
2.846656523745572
2.8709974996407146
2.8955093015309745
2.920192079435699
2.945045949119284
2.9700709909753464
2.995267248887554
3.020634729065779
3.0461733988577824
3.071883185536637
3.0977639750627453
3.1238156108213078
3.1500378923340864
3.176430573946115
3.2029933634867596
3.2297259209050084
3.2566278568792892
3.2836987314010906
3.3109380523330016
3.3383452739407002
3.3659197953990607
3.3936609592721876
3.42156804996802
3.4496402921666323
3.47787684922337
3.5062768215462334
3.5348392449479547
3.563563088973227
3.592447255200791
3.621490575521356
3.650691810391214
3.6800496470620683
3.7095626977878173
3.7392294980082488
3.7690485045109328
3.7990180935709685
3.829136559070431
3.859402110597187
3.889812871524527
3.920366877072276
3.951062072350325
3.981896310385649
4.012867350133878
4.0439728544765225
4.075210388205313
4.106577415994681
4.138071300364227
4.169689299632229
4.201428565862053
4.2332861428034025
4.265258963829798
4.297343849874309
4.3295375073659566
4.36183652616834
4.394237377523181
4.426736412001069
4.459329857461713
4.492013817026594
4.524784267066627
4.557637055207644
4.590567898357012
4.623572380754099
4.656645952048317
4.689783925407925
4.722981475663297
4.7562336374882745
4.789535303623643
4.822881223146691
4.856265999790961
4.889684090320896
4.923129802965284
4.956597295914892
4.9900805758885225
5.0235734967729035
5.0570697583412745
5.090562905056222
5.124046324962159
5.157513248672981
5.190956748460911
5.224369737452357
5.257744968936928
5.291075035795822
5.324352370056194
5.35756924257775
5.390717762878611
5.42378987910695
5.456777378165629
5.489671885996717
5.522464868033138
5.5551476298248295
5.587711317846645
5.620146920495483
5.652445269284193
5.684597040239977
5.716592755514546
5.748422785214085
5.780077349456335
5.811546520662709
5.842820226092836
5.8738882506291725
5.90474023981927
5.935365703182899
5.965754017791413
5.99589443212656
6.025776070225459
6.055387936118782
6.084718918568353
6.1137577961107725
6.1424932424126455
6.170913831943343
6.199008045970422
6.226764278882521
6.254170844844253
6.281215984786881
6.307887873738364
6.334174628495343
6.360064315639612
6.385544959900327
6.4106045528630045
6.435231062025478
6.459412440199925
6.483136635259679
6.506391600228318
6.5291653037077575
6.551445740640984
6.573220943404216
6.594478993221912
6.615208031897376
6.635396273849979
6.655032018449414
6.674103662635683
6.692599713812478
6.710508803000312
6.7278196982342475
6.744521318189852
6.760602746019539
6.776053243380047
6.790862264630384
6.805019471177927
6.818514745949385
6.83133820796121
6.843480226963157
6.854931438126925
6.865682756750551
6.875725392947647
6.88505086628946
6.893651020366241
6.901518037233051
6.908644451704309
6.915023165459761
6.920647460923859
6.925511014879451
6.929607911775777
6.932932656690096
6.9354801879016215
6.9372458890359265
6.938225600737641
6.938415631829104
6.937812769912573
6.936414291373696
6.934217970744399
6.931222089383783
6.9274254434362845
6.9228273510274985
6.91742765865897
6.911226746764808
6.904225534394496
6.896425482988124
6.8878285992123365
6.878437436827572
6.8682550975597145
6.857285230952024
6.845532033176199
6.833000244784663
6.819695147389487
6.805622559257095
6.7907888298116195
6.775200833043765
6.758865959826182
6.741792109140626
6.723987678226534
6.705461551665148
6.686223089417875
6.666282113842098
6.645648895712311
6.624334139279016
6.602348966402287
6.57970489980141
6.5564138454663015
6.5324880742805815
6.507940202910122
6.482783174014679
6.457030235843736
6.43069492128081
6.403791026403446
6.376332588628586
6.3483338645152205
6.3198093072978585
6.290773544225836
6.261241353784205
6.23122764287241
6.20074742401694
6.169815792693551
6.1384479048336855
6.1066589545882115
6.0744641524196705
6.0418787035919195
6.0089177871230826
5.975596535264748
5.94193001356665
5.907933201582222
5.87362097426636
5.839008084112239
5.8041091440695
5.768938611281532
5.733510771674702
5.697839725427732
5.6619393733446515
5.625823404150249
5.589505282722446
5.5529982392718535
5.516315259474908
5.479469075563337
5.442472158369454
5.405336710324116
5.36807465940162
5.330697654003965
5.293217058775461
5.255643951337603
5.217989119933519
5.180263061971277
5.142475983455448
5.104637799296964
5.066758134492084
5.028846326162437
4.990911426449157
4.95296220625531
4.915007159831973
4.877054510204095
4.839112215432775
4.801187975710738
4.763289241287133
4.725423221216406
4.687596892923929
4.649817012577627
4.612090126250577
4.574422581853783
4.5368205418113385
4.499289996441756
4.461836777999238
4.424466575317442
4.387184948985422
4.3499973469714615
4.312909120595395
4.275925540733969
4.239051814127231
4.20229309963734
4.165654524294633
4.1291411989504345
4.092758233341916
4.056510750362616
4.020403899323198
3.984442867981766
3.94863289312232
3.912979269464174
3.8774873566952905
3.8421625844390492
3.8070104549870742
3.772036543660773
3.737246496701149
3.7026460266294396
3.668240905069918
3.6340369530791445
3.6000400290820296
3.5662560145717856
3.5326907977863686
3.499350255625653
3.466240234118379
3.433366527783325
3.4007348582522665
3.3683508525306407
3.336220021263345
3.3043477373467285
3.2727392151827157
3.241399490808257
3.21033340305457
3.1795455757994904
3.149040401277169
3.11882202430855
3.088894327220813
3.0592609151420174
3.0299251012972133
3.000889891902581
2.9721579702618137
2.94373167972013
2.9156130052293467
2.8878035534225033
2.8603045312856223
2.8331167237392494
2.8062404706920323
2.779675644386037
2.7534216280992583
2.7274772974822605
2.70184100595905
2.6765105756940817
2.651483295597182
2.6267559276904873
2.602324722888174
2.578185446842216
2.5543334159976157
2.530763543402989
2.5074703931728264
2.484448241842393
2.4616911442494835
2.4391930010771414
2.416947624855809
2.3949488011029825
2.373190341412507
2.3516661257150395
2.3303701316143215
2.309296449633593
2.288439284329089
2.267792942464442
2.2473518106924644
2.2271103263477725
2.2070629459001987
2.187204116248273
2.1675282542564656
2.1480297397017973
2.1287029260748556
2.109542172500571
2.090541898472131
2.0716966612332994
2.053001253638027
2.0344508183186774
2.016040972167957
1.9977679336386753
1.9796286443217206
1.9616208757758244
1.9437433127144919
1.925995604426137
1.9083783776937437
1.8908932064337303
1.873542535700854
1.8563295604877612
1.839258062736928
1.8223322130058024
1.8055563460850266
1.7889347223477934
1.7724712884818652
1.756169452312134
1.740031886486449
1.7240603747647834
1.7082557125116553
1.6926176698485258
1.677145021994053
1.66183564691182
1.6466866858434441
1.6316947579510563
1.616856216360778
1.602167429492471
1.5876250686604776
1.5732263804526379
1.5589694203138906
1.5448532222542424
1.5308778791828634
1.5170445099393028
1.5033550938385736
1.4898121626732692
1.4764183543982776
1.463175851975582
1.4500857534525904
1.4371474419912351
1.42435804248522
1.4117120590877268
1.3992012804203235
1.386815013513239
1.3745406642616984
1.3623646264819151
1.3502733830097993
1.3382546731850742
1.3262985543153714
1.3143981900495214
1.3025502393410504
1.2907547906324324
1.2790148732043298
1.2673356613667417
1.2557235460504745
1.2441852657569958
1.232727258172851
1.2213553215688464
1.2100745802743231
1.1988896575931447
1.1878048991210317
1.1768244779941883
1.1659522553898618
1.1551913529423037
1.1445434945230861
1.1340082640450257
1.1235824785721344
1.1132598781177527
1.103031285051721
1.092885298956588
1.0828094859414559
1.072791915273722
1.0628228094488492
1.0528960228196909
1.043010062726084
1.0331684256592282
1.0233791398266203
1.0136535684460355
1.004004698951254
0.9944452714890745
0.9849861380233509
0.9756351696688282
0.9663968664276559
0.9572726328658374
0.9482615416525857
0.9393613627522927
0.9305696781691948
0.92188496200018
0.9133075023738182
0.9048399493064251
0.896487162569164
0.8882550546162487
0.8801484042725329
0.8721681435034234
0.8643091711759434
0.8565599628883578
0.8489048228557226
0.8413285555828497
0.833822023483171
0.8263861845962065
0.8190323831271067
0.8117780356160147
0.8046389015331401
0.7976208701070419
0.7907147049717596
0.7838961228685605
0.7771314077451843
0.7703864893053473
0.7636360319138974
0.7568690570847395
0.7500888268790336
0.7433066903954724
0.7365318667319294
0.7297612077241256
0.722974091140777
0.7161367216733822
0.7092166379101583
0.7022029138988636
0.6951229602630927
0.688046203647004
0.6810698796304354
0.6742909194950844
0.6677756650853169
0.6615410322381556
0.6555552342553902
0.6497564190721015
0.6440793717541409
0.6384782607925324
0.6329374307794875
0.6274686896886239
0.6220981240212712
0.6168470046691101
0.6117120265566706
0.6066519812225535
0.6015891386421748
0.5964296003105278
0.5910966810987334
0.5855615505493763
0.5798551910211787
0.5740569422400751
0.5682682866822001
0.5625852253014173
0.5570777029437274
0.5517784435709462
0.5466821428425954
0.5417560131942291
0.5369586201714317
0.5322573587855076
0.5276335771496251
0.5230729102000483
0.518551507478553
0.5140337435747954
0.5094858574357298
0.5048925908493817
0.5002609511514465
0.4956109743234187
0.4909660611845548
0.4863490094808797
0.4817797071685873
0.4772748568242228
0.47285510696904404
0.46855223408699925
0.4643982863682305
0.46039733405188626
0.4565089167807346
0.4526694958440689
0.44884543563149143
0.44507850292865603
0.44146939007154873
0.438074065720554
0.43478526469680195
0.43134136637813875
0.42749744659771555
0.4231976444926855
0.4185862456691731
0.4138912689981374
0.40930993035880614
0.40494694136518894
0.40080055319686314
0.39679359488397054
0.39283428345949006
0.388889474400657
0.3850219780374245
0.38131096234825224
0.37773491104107426
0.3742257177162722
0.37082061471946803
0.36763131528228316
0.3646869223808237
0.36190477401364424
0.3591571773716004
0.35633354737003214
0.35343052600024866
0.35053530729461024
0.3476293714213104
0.34456649752816526
0.34132637057331366
0.338056750544162
0.334831370614282
0.3316130598515068
0.32839665155542636
0.3251563325308278
0.32179095853695217
0.31831660908979303
0.3149481229205033
0.3118663432220981
0.30904522821347863
0.30637780472083576
0.3038336828947906
0.3013415132432199
0.29873403174792185
0.29601535406245
0.2932995456694034
0.2905250808590515
0.2876900062394165
0.28500430996552645
0.28251147879887667
0.27993758419527087
0.2770824809313345
0.2742443975647441
0.2719275192394019
0.27018074765630107
0.26864288263860364
0.26692357145350815
0.2648213987869438
0.26231792026542833
0.25935965622546703
0.2560828581090132
0.25299339477387256
0.25037370003973114
0.2480914669807078
0.2459579276532488
0.24383530902971398
0.24171446595739543
0.2396714376159175
0.23762124723579228
0.23552583365634586
0.23336694568214764
0.23122060378015127
0.2292554989125258
0.22729488017564675
0.22503454420357383
0.22261816856105793
0.220452717724619
0.21842556860334697
0.21635226576140315
0.21438849414762234
0.21250601370735442
0.21043070407492737
0.20812459558645643
0.20590522512807313
0.20397681774296325
0.20232011529506408
0.20055257347125693
0.19869111878957826
0.19673793402772718
0.19493111680495234
0.19328064192465697
0.19180895445163762
0.1903608861296734
0.1886120056092915
0.18678428040313097
0.18472172586974459
0.18266515298633207
0.1809172220463679
0.17987240502940022
0.17856612111044248
0.17665118296043308
0.17466389742928137
0.17288934627636726
0.17144735338320866
0.17021847169292378
0.16907227517451462
0.16766285600065564
0.16603962825458893
0.16434671656468733
0.16239950966821154
0.16081803512044718
0.15953713779144515
0.15813026427339597
0.1565823370083207
0.15489840402912883
0.15329165646196016
0.15233626718258272
0.1511657233113419
0.14937715962470638
0.1476832945969071
0.1466008652082635
0.1459520045132835
0.14558433040876265
0.14466739666474615
0.14278760563874693
0.14060334162924285
0.13862022597883394
0.13730950428929387
0.13595059882351973
0.13491969520170474
0.1341146513463416
0.13302105912920048
0.13185851736222207
0.1306566993739038
0.12909618790007565
0.12748763349810704
0.12659196827003086
0.12562489979026625
0.1246114901392104
0.12349539417887555
0.12231187082066136
0.12086213678377485
0.11992597450756406
0.11898164103442684
0.11785250491997104
0.11668922968858267
0.11537101959947944
0.11444311754657832
0.11351354016194286
0.11239103971310466
0.11143305517455897
0.11055205394452339
0.10955171028786771
0.10896363043306728
0.1082160672871137
0.10667134884824646
0.10566202511201281
0.10519623506991402
0.10395781929800997
0.10267355801478507
0.10162233961077978
0.10107038513172582
0.1003277267125049
0.09919568923553847
0.09830879529467987
0.09739982893728617
0.09622995220659897
