0.3023460477235672
0.3051457232323522
0.30797131006726736
0.3108230476727574
0.31370117769326356
0.31660594399699055
0.3195375926935694
0.32249637215628446
0.32548253304210834
0.3284963283099601
0.3315380132460063
0.33460784547816724
0.3377060850060707
0.3408329942151584
0.3439888379011774
0.34717388329134996
0.35038840006741806
0.3536326603845993
0.3569069388994363
0.3602115127871092
0.36354666176578243
0.36691266812058515
0.3703098167255595
0.37373839506620393
0.3771986932658926
0.38069100410666223
0.38421562305440377
0.3877728482810094
0.3913629806926224
0.394986323948668
0.3986431844928767
0.40233387157246997
0.4060586972655723
0.40981797650768687
0.41361202711573736
0.41744116981278434
0.42130572825642126
0.4252060290631584
0.4291424018352803
0.4331151791883917
0.43712469677478183
0.44117129331502064
0.44525531062154694
0.4493770936284504
0.45353699041742734
0.45773535224690126
0.46197253357835344
0.4662488921072436
0.47056478878914215
0.47492058787024544
0.47931665691496905
0.4837533668358393
0.48823109192171066
0.49275020987151524
0.49731110181723487
0.5019141523610692
0.506559749601203
0.5112482851643331
0.5159801542357736
0.5207557555912987
0.5255754916266134
0.5304397683908529
0.5353489956172999
0.5403035867562372
0.5453039590067031
0.5503505333478478
0.5554437345731602
0.5605839913231052
0.5657717361181019
0.571007405391381
0.5762914395232308
0.5816242828754546
0.5870063838238267
0.5924381947946574
0.5979201722972971
0.6034527769602924
0.6090364735664444
0.6146717310873411
0.6203590227202962
0.626098825921848
0.6318916224454634
0.6377378983791726
0.6436381441787351
0.6495928547067253
0.6556025292697183
0.6616676716530459
0.6677887901621974
0.673966397656732
0.6802010115908087
0.68649315404933
0.6928433517880856
0.6992521362717597
0.7057200437126288
0.7122476151094796
0.7188353962871881
0.725483937936331
0.7321937956531245
0.7389655299790665
0.7457997064410158
0.7526968955924245
0.7596576730520993
0.7666826195477352
0.773772320954929
0.7809273683390497
0.7881483579963139
0.7954358914965404
0.8027905757239959
0.8102130229196682
0.8177038507236717
0.8252636822178078
0.832893145967832
0.8405928760657809
0.8483635121748878
0.8562056995692693
0.8641200891813041
0.8721073376422889
0.8801681073262759
0.8883030663952796
0.8965128888414621
0.9047982545327875
0.913159849255678
0.921598364760322
0.9301144988047534
0.9387089551988864
0.9473824438504403
0.9561356808079382
0.9649693883072898
0.9738842948148325
0.982881135073852
0.9919606501489295
1.001123587470612
1.010370700881346
1.0197027506803318
1.0291205036680686
1.0386247331924479
1.0482162191932938
1.0578957482481426
1.067664113616452
1.0775221152857801
1.0874705600162697
1.0975102613853673
1.107642039833937
1.1178667227092554
1.1281851443115376
1.138598145937476
1.1491065759249706
1.1597112896982207
1.17041314981064
1.181213025989474
1.1921117951797853
1.203110341587661
1.2142095567236744
1.225410339446166
1.2367135960036377
1.2481202400773943
1.2596311928236588
1.271247382915758
1.2829697465851446
1.2947992276625424
1.3067367776186603
1.3187833556044524
1.330939928490575
1.3432074709070396
1.3555869652816324
1.368079401877981
1.380685778833388
1.3934071021955543
1.4062443859590614
1.4191986521010092
1.4322709306156003
1.4454622595489655
1.4587736850316733
1.47220626131213
1.4857610507878698
1.4994391240363278
1.5132415598446094
1.5271694452389275
1.541223875512064
1.5554059542498573
1.5697167933577791
1.5841575130846228
1.5987292420461334
1.613433117247056
1.6282702841019798
1.643241896454828
1.6583491165963082
1.6735931152811645
1.6889750717424914
1.7044961737055961
1.720157617399371
1.7359606075668481
1.7519063574728488
1.7679960889108668
1.784231032207088
1.8006124262236594
1.8171415183586013
1.8338195645441553
1.8506478292435384
1.867627585444055
1.8847601146491242
1.902046706867245
1.919488660598471
1.9370872828185732
1.9548438889601822
1.9727598028908526
1.9908363568895737
2.009074891618329
2.0274767560924607
2.046043307646399
2.0647759118969886
2.083675942703028
2.1027447821214387
2.1219838203596866
2.14139445572466
2.16097809456761
2.1807361512250285
2.200670047955264
2.2207812148715043
2.2410710898697976
2.261541118552628
2.282192754148304
2.3030274574248972
2.3240466966000457
2.3452519472447007
2.366644692182712
2.3882264213839126
2.4099986318524755
2.431962827509548
2.4541205190690993
2.476473223908974
2.4990224659343236
2.5217697754360913
2.544716688941388
2.5678647490583284
2.59121550431287
2.61477050897912
2.6385313229022014
2.6624995113126912
2.68667664463438
2.7110642982830497
2.735664052457134
2.7604774919207213
2.785506205776108
2.8107517872291314
2.836215833344068
2.861899944789549
2.8878057255742804
2.9139347827734587
2.9402887262440442
2.9668691683299127
2.9936777235564387
3.0207160083130766
3.047985640525328
3.075488239314422
3.1032254246450526
3.131198816961171
3.159410036808489
3.1878607044441396
3.216552439433006
3.245486860230832
3.274665583752195
3.3040902249252424
3.333762396230822
3.3636837072268686
3.393855764057493
3.424280168945504
3.4549585196692325
3.4858924090225876
3.5170834242576516
3.548533146510422
3.580243150208041
3.6122150024581456
3.6444502624190065
3.6769504806508038
3.7097171984471404
3.742751947146567
3.776056247423163
3.8096316085564967
3.8434795276799085
3.8776014890067554
3.9119989630343763
3.9466734057245563
3.9816262576612345
4.0168589431838395
4.052372869496091
4.088169425749753
4.1242499821033265
4.160615888753808
4.1972684749427716
4.234209047934621
4.271438891967401
4.308959267175623
4.346771408483641
4.384876524470208
4.423275796203243
4.461970376043294
4.500961386417007
4.540249918558019
4.579837031216516
4.619723749335378
4.659911062693217
4.700399924513613
4.741191250039707
4.78228591507392
4.8236847544818096
4.865388560660034
4.90739808196728
4.94971402111832
4.992337033539544
5.0352677256868486
5.07850665332408
5.122054319762277
5.165911174058741
5.210077609175898
5.254553960098814
5.299340501911724
5.344437447832122
5.3898449472029
5.435563083441386
5.481591871945429
5.527931257955597
5.5745811143735935
5.621541239536315
5.6688113549451025
5.716391102950443
5.764280044391056
5.812477656187787
5.860983328891985
5.909796364187933
5.958915972349505
6.0083412696509
6.058071275731544
6.108104910914735
6.158440993480581
6.209078236893492
6.26001524698371
6.311250519083684
6.362782435119511
6.414609260657813
6.4667291419080835
6.519140102681953
6.571840041308813
6.62482672750945
6.678097799227845
6.731650759422253
6.785482972816618
6.839591662612783
6.8939739071655595
6.948626636621016
7.003546629519921
7.05873050936759
7.114174741171753
7.169875627950158
7.225829307209883
7.282031747400252
7.338478744341396
7.395165917630815
7.45208870703048
7.509242368837097
7.566621972237811
7.624222395654776
7.682038323081669
7.740064240415005
7.7982944317840435
7.856722975882939
7.915343742308681
7.9741503879093845
8.033136353146501
8.092294858475974
8.151618900752863
8.211101249664095
8.27073444419481
8.330510789133543
8.390422351621655
8.450460957753334
8.510618189231598
8.570885380087205
8.6312536134669
8.691713718497624
8.7522562672343
8.812871571698008
8.873549681012607
8.934280378647733
8.995053179776022
9.055857328753376
9.116681796730905
9.177515279407585
9.238346194932749
9.299162681968264
9.359952597919918
9.420703517348434
9.481402730570016
9.542037242457631
9.602593771453234
9.663058748802511
9.723418318023368
9.783658334619396
9.843764366050635
9.903721691973137
9.963515304759783
10.023129910314287
10.082549929191519
10.141759498036128
10.200742471352527
10.25948242361909
10.317962651759263
10.376166177982883
10.43407575301032
10.491673859692606
10.548942717040688
10.6058642846762
10.662420267716897
10.718592122109296
10.774361060420867
10.829708058104151
10.88461386024451
10.93905898880349
10.993023750368806
11.046488244422008
11.099432372134016
11.15183584569885
11.203678198214366
11.254938794119129
11.305596840193283
11.355631397130528
11.40502139168805
11.453745629419565
11.501782807996433
11.549111531120165
11.595710323029211
11.641557643601013
11.6866319040498
11.73091148321882
11.774374744464536
11.817000053128838
11.858765794593792
11.899650392911946
11.939632330003345
11.978690165409041
12.016802556588708
12.05394827974836
12.09010625118223
12.125255549110804
12.159375435994995
12.192445381304491
12.224445084715915
12.25535449971455
12.285153857570974
12.31382369166177
12.341344862101217
12.367698580648623
12.39286643585355
12.416830418398964
12.439572946600144
12.461076892014741
12.481325605117233
12.500302940988862
12.51799328497185
12.534381578234806
12.549453343193951
12.563194708733109
12.575592435163413
12.586633938861997
12.59630731652739
12.604601368987764
12.611505624496976
12.617010361452124
12.621106630465427
12.623786275722459
12.625041955558064
12.624867162181191
12.623256240479517
12.620204405834988
12.615707760881747
12.609763311138613
12.602368979449116
12.59352361916341
12.583227025997797
12.571479948509507
12.558284097126448
12.543642151674034
12.527557767344048
12.510035579053618
12.491081204145486
12.470701243384905
12.448903280212168
12.42569587821437
12.401088576784453
12.375091884940796
12.3477172732856
12.318977164086027
12.288884919467806
12.25745482771704
12.22470208769223
12.190642791355064
12.155293904435228
12.118673245251275
12.080799461716689
12.041692006567411
12.001371110854297
11.959857755751282
11.917173642737378
11.87334116221803
11.828383360658492
11.782323906309365
11.735187053611389
11.686997606373597
11.637780879825929
11.587562661653692
11.536369172127849
11.48422702345082
11.43116317844345
11.377204908703584
11.322379752371772
11.266715471643613
11.210240010171974
11.152981450505141
11.094967971709446
11.036227807326235
10.976789203813723
10.91668037962426
10.855929485066085
10.794564563096717
10.732613511191698
10.670104044428193
10.607063659917312
10.543519602712218
10.479498833311249
10.415027996865845
10.3501333941925
10.284840954676318
10.21917621114044
10.153164276741425
10.08682982393525
10.02019706554213
9.953289737920926
9.886131086245786
9.818743851859054
9.75115026165528
9.68337201943209
9.615430299124764
9.54734573982297
9.479138442450418
9.410827967972258
9.342433336980287
9.273973030493563
9.205464991802366
9.13692662917634
9.068374819254272
8.999825910933144
8.931295729578789
8.862799581389133
8.794352257754673
8.725968039479328
8.657660700747838
8.589443512753762
8.521329246934712
8.453330177797648
8.385458085356962
8.317724257250903
8.250139490646102
8.182714094085105
8.11545788947661
8.048380214470443
7.981489925498733
7.914795401798614
7.848304550759493
7.782024814956874
7.7159631812441
7.650126192271749
7.584519960790187
7.519150187063488
7.4540221796823305
7.389140880008829
7.324510890418673
7.260136506426404
7.196021752689279
7.132170422786726
7.068586122568216
7.0052723167559146
6.942232378383191
6.879469640549791
6.816987449883678
6.754789221021311
6.692878491356761
6.631258975268446
6.56993461701233
6.508909641473856
6.448188601997831
6.387776424564057
6.327678447645022
6.267900457165438
6.208448716077416
6.149329988162336
6.09055155576468
6.032121231246633
5.974047362017894
5.916338829037153
5.859005038695487
5.802055907975094
5.745501842729906
5.689353708861931
5.63362279607514
5.578320773789032
5.523459638699798
5.469051653405611
5.4151092754810755
5.3616450764134305
5.308671649916416
5.25620150933085
5.204246974113699
5.152820045813148
5.10193227442144
5.051594616577897
5.001817287740476
4.9526096111257125
4.903979866897883
4.855935145726127
4.808481211378438
4.761622377437359
4.715361403461072
4.669699415936616
4.624635859147951
4.580168480589086
4.536293354780269
4.493004948292979
4.450296227469154
4.408158808754566
4.366583149790188
4.325558777466288
4.285074547102545
4.24511892485097
4.205680283421368
4.1667471994172
4.128308739078679
4.090354718213938
4.052875921723985
4.015864268558378
3.979312909322234
3.943216246195371
3.9075698683543534
3.8723704006425224
3.8376152686242015
3.803302389063696
3.76942980083061
3.7359952566858294
3.7029958007225607
3.670427358813414
3.6382843697405396
3.6065594824568152
3.5752433401291515
3.5443244645909964
3.5137892462914877
3.483622035809511
3.4538053247481737
3.4243199976172
3.3951456332322136
3.366260834865524
3.3376435728933274
3.3092715312619214
3.2811224582520455
3.2531745306770072
3.2254067464628733
3.197799361370547
3.1703343799764148
3.1429960986606655
3.115771680503855
3.0886517214881977
3.0616307483781386
3.0347075759356277
3.0078854492806824
2.9811719094690634
2.9545783475760357
2.9281192524837647
2.901811204604099
2.8756717136002736
2.8497180330133647
2.823966099246667
2.7984297300514918
2.7731201767811093
2.748046059783307
2.723213638382214
2.6986272920422967
2.674290035763838
2.6502038768429763
2.626369851715685
2.602787660330483
2.5794549288205983
2.556366255335067
2.533512297681808
2.5108792135307927
2.488448740950417
2.466199101525588
2.4441067336758784
2.4221486546329767
2.4003050559332744
2.3785616138478596
2.356910987831817
2.335353108022106
2.3138941046272943
2.2925440594176774
2.271314085477186
2.250213476697078
2.2292477343325774
2.2084181296613012
2.187723107581533
2.167161344114004
2.146735760601834
2.126457413278496
2.106348048504503
2.086440312995909
2.0667751151026734
2.0473963284522805
2.0283437207143313
2.009645471051626
1.9913117623577532
1.973330669720921
1.9556670205030742
1.9382642727933272
1.9210489533753659
1.9039369350642965
1.8868408059209287
1.869677672376353
1.8523768059167889
1.8348865205923817
1.8171795972000797
1.7992565572395842
1.7811462200165329
1.762903246522342
1.7446027114857656
1.7263320923332082
1.7081814402392352
1.690232957927462
1.6725517017473672
1.6551793967979054
1.6381330309330615
1.621408777086695
1.6049901485461462
1.5888578468772383
1.572998304904355
1.5574087456113328
1.5420982078998944
1.5270855326799835
1.512396066781918
1.4980587317779352
1.4841044152373364
1.4705655940924875
1.457475789195836
1.444866368236831
1.432758551591355
1.421151260608731
1.4100098461458963
1.3992634264580468
1.3888158760026208
1.3785672905877167
1.368434225558636
1.358355559090986
1.3482795503614293
1.3381414149042674
1.3278493838014993
1.3172936630667236
1.30637865945441
1.2950632667946613
1.2833866788841084
1.27146300245838
1.2594447807375064
1.2474745789639692
1.235652309404103
1.2240350643695634
1.2126606616454751
1.201565605123129
1.1907725399269677
1.1802512118485002
1.1698866221335316
1.1594920255362429
1.1488778326070084
1.1379495603118834
1.1267833259966293
1.115629661683302
1.104826797441813
1.0946535574491771
1.0851958602467693
1.076305920293175
1.067682427644207
1.0590205533275907
1.0501344259148535
1.040983827512422
1.0316162352385219
1.0220916060487855
1.0124444193987012
1.0026852576464675
0.9928165406954831
0.9828506870053219
0.9728333510644029
0.9628638666365176
0.953096951664471
0.9437262048664541
0.9349605042781542
0.9269845998177675
0.9198856849416799
0.9135681415500004
0.907724204527188
0.9019106689551742
0.8957109873365342
0.8888981457198986
0.8814983143071596
0.8737144202153326
0.8657766793211881
0.8578298085840261
0.84989523386225
0.8418845657750144
0.833658797633615
0.8251185741071421
0.8162566316205628
0.8071408011125097
0.7979014488864593
0.7887825937341423
0.7801752045318691
0.7725016123306246
0.765962426538409
0.7603225524438257
0.7549402906530298
0.7491079812765924
0.7424792344023816
0.7352201536308668
0.7278337749385266
0.7208395163192369
0.7144062577008335
0.7082255085876704
0.7018764678054641
0.6952181250368088
0.6883555257302576
0.6814949934664335
0.6748216097352537
0.6682321254666083
0.6614665409960502
0.6547799286909225
0.6488522584990518
0.6437387274577523
0.6386612584092616
0.6328826290407634
0.6261000036411386
0.6184108670521129
0.6104458109046372
0.6029766427016062
0.5964016170952642
0.5909321643748748
0.5867014404342377
0.5835854532165741
0.5811016090900227
0.5783775757474022
0.5746845019320989
0.5700312929662121
0.5647872092300245
0.5591388882866436
0.5532262158027822
0.5471659773054172
0.541027347799296
0.5353803785048085
0.53111114033142
0.5281660440905788
0.5253247581958119
0.5216748242813896
0.5172052724291905
0.512036410290395
0.506287810123154
0.5000887568765319
0.4938354730677599
0.48794532493339876
0.48244794715304834
0.4775425555829364
0.4737630155432156
0.47149816019828694
0.4697772586952247
0.4669136075795825
0.4625566883267403
0.45736742141807535
0.45157947119752684
0.4455032049767986
0.43983049722727846
0.4350686816123962
0.43164786119568055
0.4297304118684269
0.42832602049188734
0.42618088248857794
0.42275067055382387
0.41800201086146604
0.4129529360796893
0.40837922786738456
0.4042414652599262
0.4001159626681286
0.3962236729539156
0.392658570048551
0.38850110351127615
0.38350230614194475
0.37833965568574385
0.37376802924049835
0.3692429135253061
0.36449005669708656
0.36106250818406904
0.35924465738468003
0.3576076373263522
0.35620038493017003
0.35427953626851233
0.3512410024597277
0.3473254530937281
0.34273694874570587
0.33829902092653974
0.3354034731127674
0.3343094116496542
0.33389212624703085
0.33283257578385006
0.3305921534552035
0.32583572825646423
0.3195996084742553
0.3142507327938957
0.31137186052085175
0.3095192643750385
0.3066846135745301
0.30251143057808993
0.299298784288571
0.29642871495787754
0.2941412312844244
0.2919983688977999
0.28881713000736997
0.28533383393990247
0.28133393255445993
0.277680762641532
0.27634018072980937
0.2770192639792963
0.27622379806359687
0.2729066511593216
0.2684171714349197
0.2658376956778584
0.2640687591124253
0.26107351616795776
0.2575182365875647
0.2565320057930735
0.25720554892248076
0.2562312572174607
0.25259131647405814
0.24785494020656068
0.24468316108625132
0.24354777966010213
0.2431420712053092
0.2400778835968109
0.23651849149447748
0.23412455660474266
0.23269343898762768
0.2318679533364434
0.22964869336836968
0.22694467503121116
0.2250174925021417
0.22314725997670398
0.21976375140885607
0.21598842866065118
0.21461209127875266
0.21523155094247784
0.2148807412908943
0.21193044234821434
0.20815197648037037
0.20480696608257712
0.2032303968773243
0.20174509136917004
0.1997820975131716
0.19947567766732052
0.19901587280482463
0.198232060785845
0.19456641009248304
0.19082554378689778
0.18852423606712
0.18917152212305172
0.18731577243364791
0.18339558380884513
0.18117161887001812
0.18079056066361648
0.18049044488240443
0.17965818177790105
0.17817236862892297
0.1758385564483378
0.17434360619013262
0.17214817144978628
0.16967073841565625
0.16867858394407234
0.1691556798139312
0.16896469470658287
0.16432534998484458
0.16223585235283972
0.16222789330686305
0.1608971096747937
0.15888470178184277
0.1588220086641493
0.1566653528117965
0.15458911146599572
0.15359884074864183
0.15297710710123133
0.14986422283997097
0.147438755053314
0.14644205720145922
