0.258505698021949
0.26089951073354206
0.2633154806638543
0.26575381261941666
0.26821471329242585
0.2706983912775107
0.2732050570878253
0.27573492317433196
0.2782882039411369
0.2808651157679002
0.28346587702103804
0.28609070807623355
0.2887398313368918
0.2914134712500257
0.2941118543253243
0.2968352091568682
0.299583766436247
0.3023577589780872
0.3051574217333909
0.3079829918118373
0.31083470850297534
0.31371281329208295
0.31661754988127233
0.31954916421057
0.32250790447819516
0.3254940211583341
0.3285077670243313
0.3315493971687085
0.33461916902371136
0.3377173423814577
0.3408441794168632
0.3439999447072185
0.3471849052566086
0.35039933051416183
0.3536434923977277
0.3569176653167554
0.36022212619215355
0.36355715448206694
0.3669230322006986
0.3703200439445234
0.3737484769146209
0.3772086209375761
0.38070076849034795
0.38422521472634
0.3877822574946628
0.3913721973679051
0.394995337663679
0.3986519844703377
0.4023424466718971
0.4060670359711693
0.4098260669166728
0.41361985692661435
0.41744872631393254
0.4213129983133772
0.4252129991055965
0.4291490578441387
0.43312150668162686
0.43713068079499784
0.4411769184134371
0.4452605608447446
0.44938195250240776
0.4535414409311303
0.4577393768378483
0.46197611411508394
0.46625200987297694
0.47056742446383343
0.47492272151184584
0.479318267941995
0.48375443400778784
0.48823159332089866
0.4927501228792085
0.49731040309848823
0.5019128178372104
0.5065577544323765
0.5112456037249653
0.5159767600914403
0.5207516214742655
0.5255705894131832
0.5304340690741869
0.5353424692822706
0.5402962025524564
0.5452956851197962
0.5503413369719967
0.5554335818828396
0.5605728474414156
0.565759565086338
0.5709941701376016
0.5762771018295467
0.5816088033439484
0.5869897218427851
0.5924203085012029
0.5979010185429018
0.6034323112721008
0.6090146501078831
0.614648502619198
0.620334340558993
0.6260726398980309
0.6318638808608585
0.6377085479600971
0.6436071300323299
0.6495601202722748
0.6555680162705457
0.6616313200476532
0.6677505380904689
0.6739261813892291
0.6801587654730807
0.6864488104468609
0.6927968410288099
0.6992033865863101
0.7056689811731943
0.7121941635684137
0.7187794773117839
0.7254254707432051
0.7321326970394313
0.7389017142531334
0.7457330853500367
0.752627378248198
0.7595851658555726
0.7666070261101295
0.7736935420170999
0.7808453016890631
0.7880628983843262
0.7953469305470479
0.8026980018450331
0.810116721211603
0.8176037028827331
0.825159566438329
0.8327849368421006
0.8404804444797928
0.8482467252022011
0.8560844203616107
0.8639941768554796
0.8719766471641006
0.8800324893924232
0.8881623673097894
0.8963669503908299
0.9046469138550526
0.9130029387087383
0.9214357117841051
0.9299459257804987
0.9385342793052357
0.9472014769130983
0.9559482291483884
0.96477525258336
0.9736832698609982
0.9826730097336186
0.9917452071038714
1.0009006030651058
1.010139944941337
1.019463986327217
1.0288734871281788
1.0383692136002733
1.0479519383891607
1.057622440571073
1.067381505690511
1.077229925800262
1.087168499499774
1.0971980319749033
1.1073193350348314
1.1175332271514096
1.1278405334963935
1.1382420859790245
1.148738723284069
1.1593312909076483
1.1700206411939762
1.180807633371929
1.1916931335907417
1.202678014954437
1.2137631575573837
1.2249494485185644
1.2362377820148878
1.247629059314863
1.259124188810896
1.2707240860514404
1.282429673772608
1.294241881928347
1.3061616477211775
1.3181899156311438
1.3303276374439366
1.342575772279532
1.3549352866180027
1.3674071543265207
1.3799923566835297
1.3926918824039496
1.4055067276611821
1.4184378961098312
1.4314863989066746
1.4446532547308577
1.4579394898018287
1.4713461378971302
1.4848742403694517
1.4985248461602905
1.5122990118142803
1.5261978014913293
1.5402222869767763
1.5543735476909766
1.5686526706965898
1.5830607507046757
1.5975988900786569
1.6122681988366707
1.6270697946524584
1.6420048028537815
1.6570743564189963
1.6722795959717478
1.6876216697740205
1.7031017337156489
1.718720951303102
1.7344804936447185
1.7503815394338973
1.7664252749310765
1.78261289394032
1.7989455977860591
1.8154245952853398
1.8320511027176858
1.8488263437925874
1.8657515496126416
1.882827958635215
1.9000568166289258
1.9174393766288835
1.9349768988864215
1.9526706508171314
1.9705219069432274
1.988531948834448
2.006702065042359
2.0250335510334283
2.043527709115442
2.0621858483610196
2.0810092845268082
2.099999339966969
2.1191573435431645
2.1384846305288487
2.157982542509287
2.1776524272757216
2.197495638714602
2.2175135366915324
2.2377074869290117
2.258078860879125
2.2786290355898813
2.2993593935651435
2.32027132261893
2.341366215722702
2.362645470846234
2.3841104907912483
2.405762683018762
2.427603459468329
2.4496342363701227
2.47185643404972
2.494271476724244
2.5168807922913286
2.539685812108802
2.562687970766335
2.585888705848451
2.6092894576877796
2.6328916691101387
2.656696785168691
2.680706252869682
2.704921520887169
2.7293440392677644
2.7539752591246165
2.7788166323211536
2.8038696111428654
2.8291356479575955
2.8546161948648825
2.8803127033328746
2.9062266238223042
2.9323594053987785
2.9587124953310355
2.9852873386766765
3.0120853778540493
3.039108052199759
3.066356797512151
3.0938330455799674
3.1215382236959455
3.1494737541551285
3.177641053736882
3.206041533171275
3.2346765965886903
3.263547640952162
3.292656055472498
3.322003221005975
3.351590509433355
3.3814192830203087
3.4114908937590442
3.4418066826901925
3.47236797920494
3.5031761003266615
3.534232349971744
3.5655380181890464
3.59709438037799
3.628902696483642
3.660964210169979
3.6932801479692445
3.7258517184079127
3.7586801111088497
3.7917664958676984
3.82511202170566
3.8587178158950866
3.8925849829598747
3.926714603648581
3.961107733880621
3.9957654036645147
4.0306886159879864
4.065878345679379
4.101335538239091
4.13706110864195
4.1730559401086165
4.209320882846277
4.245856752757802
4.2826643301187906
4.319744358222363
4.357097541990395
4.394724546551587
4.432625995785191
4.47080247083011
4.509254508558847
4.5479826000157635
4.586987188819164
4.6262686695266195
4.665827385963335
4.705663629512576
4.7457776373684135
4.786169590749453
4.826839613073823
4.867787768094699
4.909014057996132
4.950518421448434
4.992300731622966
5.034360794166482
5.076698345133479
5.119313048877739
5.162204495901264
5.205372200662016
5.248815599338651
5.292534047553157
5.336526818050811
5.380793098337274
5.425331988273305
5.470142497626129
5.515223543578434
5.56057394819443
5.606192435843464
5.652077630581002
5.6982280534874805
5.744642119965481
5.791318136994919
5.83825430034733
5.885448691759509
5.932899276066898
5.980603898297639
6.028560280727772
6.0767660198985105
6.125218583596503
6.173915307797892
6.222853393577586
6.272029903984452
6.32144176088407
6.371085741770644
6.4209584765486385
6.471056444287186
6.521375969947686
6.571913221087435
6.622664204540761
6.673624763079996
6.724790572058781
6.776157136039897
6.827719785410187
6.87947367298602
6.931413770610962
6.983534865750365
7.035831558084739
7.088298256106383
7.140929173722392
7.193718326868329
7.246659530136108
7.299746393420995
7.35297231859178
7.406330496188913
7.4598139021557355
7.51341529460768
7.5671272106452845
7.6209419632160555
7.674851638031619
7.728848090546058
7.782922943001826
7.837067581549856
7.891273153450999
7.945530564365622
7.999830475739223
8.054163302291288
8.108519209615919
8.16288811190201
8.217259669781958
8.271623288317294
8.325968115130685
8.380283038693472
8.434556686778514
8.488777425088202
8.542933356067735
8.597012317914334
8.65100188379294
8.704889361269352
8.758661791972223
8.812305951495029
8.865808349550015
8.919155230385895
8.972332573481253
9.025326094526259
9.078121246704852
9.130703222290238
9.183056954566327
9.23516712008817
9.28701814129406
9.338594189482725
9.389879188168521
9.440856816827646
9.491510515048658
9.541823487100407
9.591778706929972
9.641358923603985
9.690546667205624
9.739324255199973
9.787673799280027
9.835577212705124
9.88301621814369
9.929972356031227
9.976426993454604
10.022361333572725
10.067756425583443
10.112593175245584
10.156852355964784
10.200514620450408
10.243560512950694
10.285970482071807
10.327724894185724
10.368804047431048
10.409188186309182
10.448857516877709
10.487792222540932
10.525972480436762
10.563378478417086
10.599990432617755
10.635788605612216
10.670753325141568
10.704865003411618
10.73810415694594
10.770451426981804
10.801887600393894
10.832393631128516
10.861950662128987
10.890540047730315
10.918143376499357
10.944742494493806
10.970319528911174
10.994856912096404
11.018337405873963
11.040744126167905
11.062060567870631
11.08227062991835
11.101358640528755
11.119309382553467
11.136108118895358
11.151740617938113
11.16619317893268
11.179452657282804
11.191506489669223
11.202342718949765
11.211950018769999
11.220317717817116
11.227435823647458
11.233295046016087
11.237886819635104
11.241203326285701
11.243237516207547
11.243983128687931
11.243434711772064
11.24158764101537
11.23843813719811
11.233983282922635
11.228221038013826
11.221150253643865
11.212770685103441
11.203083003142929
11.192088803808678
11.17979061670207
11.16619191159119
11.151297103308556
11.135111554871465
11.117641578765884
11.098894436339192
11.078878335252089
11.0576024249456
11.035076790084965
11.01131244194891
10.986321307739459
10.96011621779523
10.93271089069876
10.904119916276908
10.874358736501978
10.843443624310428
10.811391660365354
10.778220707798722
10.743949384979327
10.70859703636264
10.672183701488962
10.6347300822069
10.59625750820948
10.55678790098061
10.516343736260032
10.474948005144745
10.432624173954858
10.38939614300106
10.34528820439995
10.300324999091803
10.25453147322295
10.207932834062103
10.160554505625866
10.112422084193975
10.063561293898834
10.01399794257697
9.96375787807171
9.912866945177012
9.861350943411276
9.809235585807786
9.756546458904447
9.703308984110256
9.649548380618805
9.595289630030647
9.540557442836183
9.48537622689899
9.429770058066074
9.37376265301694
9.317377344446987
9.260637058663136
9.20356429565097
9.146181111652703
9.08850910427458
9.030569400120807
8.972382644929278
8.91396899616201
8.85534811798105
8.79653917851872
8.737560849329718
8.678431306891955
8.619168236004093
8.55978883490973
8.500309821962418
8.440747443632187
8.381117483642885
8.321435273021546
8.261715700835472
8.201973225391152
8.142221885670484
8.082475312785178
8.022746741239464
7.963049019804087
7.903394621821331
7.843795654781603
7.784263869035924
7.724810665536135
7.665447102525035
7.606183901131358
7.54703144985925
7.487999807998251
7.4290987080164195
7.370337557036256
7.3117254375287954
7.2532711073958
7.19498299964144
7.136869221863196
7.078937555815739
7.021195457320322
6.963650056805052
6.90630816076796
6.849176254453684
6.79226050602609
6.735566772502703
6.6791006076918675
6.622867272340713
6.566871746660827
6.511118745349892
6.455612735171445
6.400357955092403
6.345358438909925
6.29061804022631
6.236140459554308
6.181929273257026
6.12798796394733
6.074319951893519
6.020928626902513
5.96781738008039
5.914989634805341
5.862448876191399
5.8101986782755
5.758242728127175
5.706584846062514
5.65522900114445
5.6041793211723165
5.553440096408196
5.5030157763586
5.452910959029681
5.403130372205357
5.35367884646216
5.30456127983304
5.255782594265418
5.207347684284498
5.159261358568776
5.111528275464853
5.064152873805948
5.017139300742387
4.970491338629125
4.924212333329263
4.878305126564475
4.832771995151809
4.787614600088792
4.742833948462062
4.6984303710355935
4.654403518103608
4.6107523757540445
4.567475304072248
4.524570098020042
4.482034070763004
4.439864158111195
4.398057041521828
4.356609285837963
4.315517486670456
4.274778421149049
4.234389194761109
4.1943473762572845
4.154651112226235
4.1152992130135395
4.076291202255471
4.03762732346625
3.9993084988747394
3.9613362380309294
3.923712496525448
3.886439488367552
3.8495194589804713
3.812954429183238
3.7767459236842864
3.740894700242121
3.705400497477554
3.670261820097198
3.635475779804305
3.601038008300361
3.566942655487967
3.533182481360189
3.4997490443196035
3.4666329821558293
3.433824375079337
3.4013131736017432
3.3690896682481193
3.337144973650223
3.3054714969916357
3.2740633604119225
3.2429167489942348
3.2120301603023003
3.1814045378023965
3.1510432783824505
3.1209521128617395
3.091138867057438
3.0616131188075304
3.032385772595514
3.0034685775172356
2.9748736159748224
2.946612789692099
2.9186973267567162
2.891137329023151
2.863941374165408
2.83711618182169
2.8106663494129482
2.784594160893949
2.758899471096657
2.733579669194959
2.7086297264509405
2.684042334718048
2.6598081418979422
2.6359160874488814
2.6123538342538803
2.589108282474379
2.5661661371610265
2.5435144861403023
2.5211413308036255
2.499036003332402
2.477189403161651
2.4555939960544437
2.434243542507258
2.413132557602151
2.392255548462086
2.371606122080368
2.351176097342224
2.3309547815159686
2.310928575122242
2.291081044278838
2.2713935450502287
2.2518464040918165
2.2324205636698826
2.213099501418983
2.1938711532904334
2.174729519514147
2.1556756325109983
2.1367176209504217
2.11786971537411
2.099150197809853
2.0805784803573895
2.062171677264872
2.043941178056058
2.0258898025407373
2.0080100952853277
1.9902841838399146
1.9726853874917325
1.9551814503831575
1.9377389362837347
1.9203280313834445
1.902926831200132
1.8855242016104656
1.8681205339897213
1.8507261425662669
1.8333576014988806
1.8160328607626848
1.7987663589065546
1.7815654307931996
1.7644290225346395
1.7473491157053627
1.7303144869371798
1.7133157258978922
1.6963500465855301
1.6794245059750508
1.6625567810099975
1.6457734664416663
1.6291066466574304
1.6125899736460934
1.5962554859571072
1.5801319591871783
1.5642448902773884
1.548617566004439
1.5332722870368198
1.5182308221845262
1.5035135215860764
1.4891370914017226
1.4751116473397816
1.4614381260684408
1.4481072561020834
1.435100944159931
1.4223961346444778
1.4099701823835136
1.3978059650917578
1.3858947860215507
1.3742357654483859
1.3628316640180012
1.3516823573689292
1.3407779088242209
1.3300931289947608
1.3195849088732003
1.3091929578836208
1.2988441746855184
1.2884605575980426
1.277969855078661
1.2673168787106863
1.256472149410307
1.2454345240840905
1.234226480072848
1.2228841988857342
1.2114473931372864
1.1999538269503955
1.1884404000183533
1.1769485640383421
1.1655295164260844
1.154245261764636
1.1431641088797886
1.132351553372262
1.1218589288264258
1.1117129481551948
1.1019093162603855
1.092412427239647
1.0831609849044528
1.0740777834267476
1.065081891170874
1.0561017260495822
1.0470860756184588
1.038008356167303
1.0288614185646134
1.0196467482682252
1.010367058417575
1.0010285910902343
0.9916505662098102
0.9822725070903692
0.9729508452478854
0.9637424401729906
0.9546812438179274
0.9457627244650912
0.936951461182964
0.9282123001900202
0.9195425794310557
0.9109771487061358
0.9025608141068298
0.8943113841532652
0.8862006334725755
0.8781627138574558
0.8701239458256197
0.8620401568163287
0.8539179303857896
0.8457949936148811
0.8376848324636132
0.8295354411432166
0.821257379581668
0.8128168782004264
0.8043144967704543
0.7959624190956487
0.7879644899146164
0.7804123209026279
0.7733018258220259
0.7666280466539357
0.7604131041106005
0.7546188548503744
0.749058389733687
0.7434150262316922
0.7373529971935208
0.7306544872011739
0.7233212132113618
0.7155675140357954
0.7077048142145195
0.7000276572050461
0.6927545047598657
0.6859682571406586
0.679580584798282
0.6734108153548135
0.6673134352508598
0.6612141003860267
0.6550844955974446
0.6489381726369079
0.6428054708310516
0.6366864168178953
0.6305637852894258
0.6244478871323458
0.6184028394595668
0.6125826284798191
0.6071917700753934
0.6022817051833051
0.5975778506257154
0.5926112579157836
0.5870984729940925
0.5811886872535975
0.5753580690877207
0.5700964839913681
0.5655851122577866
0.5615783747510882
0.5575885490224164
0.5531204801135714
0.5478487864048949
0.5418214280432954
0.5354697861148827
0.5293190623328352
0.5237075837566678
0.5187446945184738
0.5143334373496125
0.5101590519031339
0.5059268909944175
0.5016504519269689
0.4974231403585457
0.49312978972143273
0.4887245567217583
0.48423799708567555
0.47942365006688087
0.474170382963185
0.46909363879167704
0.4649052325408291
0.46140157330366205
0.45773591599703845
0.45355329662110255
0.44917277359244595
0.4448896339383926
0.44094055250610914
0.4374544189024078
0.4340575697943422
0.430201892096402
0.4258951769422118
0.421591783996337
0.4174245462425994
0.4133522459409341
0.40976149549524427
0.4066813497457504
0.40349579051446566
0.3996898517598652
0.39542564180300793
0.3911159644583785
0.38691052058804404
0.38314432172682616
0.3799169602951529
0.37666131904162964
0.3728399768522332
0.3685463385725894
0.36431116107056627
0.3604927760061875
0.3573987024834197
0.3548675049930169
0.35261168312392266
0.35049379646585443
0.3476691866269788
0.34403666567715085
0.34057967045725185
0.33762505030196394
0.3350295461895537
0.33271401970958314
0.33008058785359784
0.3269939747294336
0.3234147977228809
0.3196037070812054
0.31656579098977483
0.3142176707055195
0.3120454892999928
0.3097555306987921
0.3071863361740856
0.30415055502696403
0.30125561554047603
0.2984095111958011
0.2950142659547849
0.29138699627887
0.2880319152989592
0.28516490495399255
0.2833108132960893
0.28202371584070085
0.2798792916221731
0.276950034245166
0.27420441296400483
0.2726121315776506
0.2717910320781787
0.2695965100342737
0.2659238452751502
0.26240880973468667
0.2596916151382645
0.2564984943367072
0.2532447690573489
0.25117068672998016
0.2498285795103781
0.24886382878150246
0.24739785243018153
0.245215092765957
0.24257313272855272
0.24039510325039903
0.2384205143915426
0.23623866533155952
0.23315661526190942
0.23093930010947594
0.2292945730185495
0.22698853747705622
0.22494961794464252
0.22244242700275318
0.21975413821815812
0.21772849605579217
0.21568054910117673
0.21381732778085413
0.21234871384375378
0.21045361429407308
0.20765604254030642
0.2055395458731808
0.2038709931903317
0.2022354597698029
0.2002551836215442
0.19863748854901694
0.19613142544399023
0.19387433188549655
0.19092143088995686
0.18921881397040755
0.18873986133410386
0.18774900968169833
0.18522042344121478
0.1837221632841264
0.18245032742855527
0.1807699850419203
0.1785246440628859
0.1767062094796268
0.17532268678026788
0.17401170475979957
0.17295659421765175
0.17076218863677814
0.16869539848056875
0.16768918613797562
0.16746776643353928
0.16595084027002333
0.16427810060231518
0.16268745984461952
0.15975488395247622
0.15786781848739045
0.1567693071075206
0.15600229061501736
0.15450136283902355
0.1524718119127963
0.1495034440402275
0.14959721286950306
0.15001698835898816
0.14968373448777827
0.14756151764818662
0.1445360155863526
0.14279784743509338
0.14193671526068377
0.1408638751990685
0.13956198934826344
0.13869665900789674
0.13785481567051242
