0.166115461098748
0.16765378116509452
0.16920634178840485
0.17077327465324996
0.17235471265664293
0.17395078992110352
0.17556164180525477
0.1771874049144913
0.17882821711292562
0.18048421753428973
0.18215554659498465
0.18384234600308402
0.18554475877297613
0.18726292923555632
0.18899700305021766
0.1907471272182563
0.19251345009257204
0.19429612139319216
0.19609529221714295
0.19791111505184636
0.1997437437877032
0.2015933337312536
0.20346004161715123
0.20534402562206167
0.20724544537681092
0.20916446198001212
0.2111012380115448
0.21305593754575883
0.21502872616483779
0.21701977097285363
0.21902924060911563
0.22105730526205847
0.22310413668349266
0.2251699082030509
0.22725479474111993
0.2293589728248398
0.2314826206014751
0.23362591785271705
0.2357890460115848
0.2379721881742963
0.24017552911685747
0.24239925531068823
0.24464355493646625
0.24690861790044671
0.24919463584963358
0.25150180218712304
0.25383031208837703
0.2561803625167137
0.25855215223995376
0.2609458818450463
0.2633617537563511
0.26579997225051943
0.2682607434737401
0.27074427545808605
0.27325077813847204
0.27578046337022316
0.2783335449444953
0.28091023860739406
0.28351076207644715
0.28613533505771527
0.2887841792646538
0.2914575184342798
0.294155578346748
0.29687858684237195
0.29962677384000347
0.3024003713562001
0.30519961352214137
0.3080247366040841
0.3108759790207709
0.31375358136333886
0.31665778641373615
0.31958883916431485
0.32254698683713495
0.3255324789036087
0.32854556710435373
0.3315865054684088
0.33465555033402644
0.33775296036794017
0.3408789965867957
0.3440339223766248
0.34721800351392446
0.3504315081861694
0.35367470701307635
0.3569478730675264
0.36025128189643496
0.36358521154248274
0.3669499425661065
0.37034575806599157
0.37377294370187353
0.3772317877166148
0.3807225809576765
0.38424561689962755
0.3878011916673129
0.3913896040573644
0.3950111555620196
0.3986661503913836
0.40235489549662345
0.40607770059335074
0.40983487818536246
0.41362674358731993
0.41745361494943267
0.42131581328074663
0.42521366247308906
0.42914748932557134
0.43311762356914524
0.437124397890132
0.44116814795613524
0.44524921243953697
0.4493679330436465
0.45352465452689583
0.4577197247284692
0.46195349459352847
0.4662263181990431
0.4705385527790872
0.4748905587508994
0.47928269974087856
0.4837153426105313
0.4881888574827448
0.49270361776842303
0.49726000019263694
0.5018583848217159
0.5064991550895785
0.5111826978251816
0.5159094032789905
0.5206796651508239
0.5254938806167124
0.5303524503564055
0.5352557785812186
0.5402042730611699
0.5451983451535638
0.5502384098301853
0.5553248857056277
0.5604581950655095
0.5656387638945631
0.5708670219049364
0.5761434025649723
0.5814683431271775
0.5868422846573947
0.5922656720630685
0.5977389541223782
0.6032625835129017
0.6088370168406946
0.6144627146691131
0.6201401415480325
0.6258697660430231
0.6316520607642182
0.6374875023960891
0.6433765717261908
0.6493197536748809
0.6553175373241364
0.6613704159476765
0.6674788870395529
0.6736434523441908
0.6798646178853227
0.6861428939955523
0.6924787953459074
0.6988728409748935
0.7053255543178533
0.7118374632365834
0.7184091000482928
0.7250410015547937
0.7317337090716658
0.7384877684574557
0.7453037301424925
0.7521821491578691
0.7591235851639567
0.7661286024794459
0.773197770109609
0.7803316617747346
0.7875308559384263
0.7947959358355692
0.8021274895003552
0.8095261097937339
0.8169923944313252
0.8245269460102891
0.8321303720364202
0.8398032849511496
0.8475463021579344
0.8553600460483716
0.8632451440283107
0.8712022285435018
0.8792319371045485
0.8873349123121959
0.8955118018816101
0.9037632586668726
0.9120899406842576
0.920492511135944
0.9289716384324492
0.937527996215455
0.9461622633792693
0.9548751240924086
0.9636672678183444
0.9725393893354218
0.9814921887568703
0.9905263715495061
0.9996426485520085
1.0088417359928183
1.0181243555066422
1.0274912341510236
1.0369431044213442
1.0464807042656175
1.0561047770981598
1.0658160718124414
1.075615342792964
1.085503349926251
1.0954808586109148
1.105548639766621
1.1157074698419136
1.1259581308211086
1.1363014102298703
1.1467381011398106
1.1572690021715597
1.1678949174969728
1.1786166568394318
1.1894350354734102
1.2003508742223152
1.2113649994545979
1.222478243078783
1.2336914425368657
1.2450054407956805
1.2564210863371073
1.2679392331461423
1.2795607406973522
1.2912864739393413
1.3031173032775687
1.3150541045546078
1.3270977590290594
1.339249153351775
1.3515091795402867
1.3638787349502535
1.3763587222458578
1.3889500493663418
1.4016536294909776
1.4144703810011674
1.4274012274399337
1.4404470974685775
1.4536089248205426
1.4668876482524051
1.4802842114919945
1.4937995631829633
1.5074346568267547
1.5211904507207235
1.535067907893246
1.5490679960351734
1.5631916874277247
1.5774399588665573
1.5918137915822217
1.606314171156433
1.6209420874346032
1.6356985344337998
1.6505845102468129
1.6656010169414026
1.6807490604555544
1.6960296504872365
1.7114438003802128
1.7269925270043485
1.742676850630901
1.7584977948027603
1.7744563861992146
1.7905536544949205
1.8067906322137424
1.8231683545760657
1.83968785934068
1.856350186640078
1.8731563788097176
1.8901074802103999
1.9072045370442512
1.9244485971636967
1.9418407098733619
1.959381925724826
1.9770732963036177
1.9949158740089685
2.0129107118253735
2.03105886308632
2.0493613812295814
2.067819319544123
2.0864337309082446
2.1052056675188555
2.1241361806114933
2.1432263201710575
2.1624771346328235
2.181889670573612
2.2014649723928352
2.221204081983194
2.24110803839068
2.261177877463703
2.281414631491175
2.3018193288289184
2.322392993514568
2.3431366448704565
2.364051297094105
2.3851379588362787
2.406397632766089
2.427831315122963
2.449439995255173
2.471224655144461
2.4931862689167694
2.515325802338373
2.5376442122973506
2.560142446269907
2.582821441771494
2.6056821257918332
2.6287254142143146
2.651952211218408
2.675363408665874
2.6989598854693657
2.722742506943727
2.746712124139477
2.770869573157937
2.795215674447832
2.8197512320828744
2.844477033020087
2.869393846338219
2.8945024224562803
2.919803492331299
2.945297766635584
2.9709859349121936
2.9968686647092957
3.0229466006920482
3.0492203637322675
3.0756905499751785
3.1023577298829608
3.129222447254693
3.1562852182222447
3.183546530221819
3.211006840940719
3.238666577238879
3.2665261340449705
3.2945858732264606
3.3228461224335177
3.3513071739161244
3.3799692833142836
3.4088326684207737
3.4378975079162695
3.467163940076323
3.496632061450056
3.5263019255101034
3.5561735412735493
3.586246871893581
3.6165218332216567
3.646998292339662
3.677676066062127
3.7085549194081096
3.7396345640424515
3.7709146566864735
3.80239479749766
3.8340745284183324
3.865953331493179
3.8980306271555887
3.9303057724825017
3.9627780594180684
3.9954467129658626
4.028310889349745
4.061369674143444
4.094622080369021
4.128067046564213
4.161703434818981
4.1955300287813815
4.22954553163313
4.2637485640351045
4.298137662043162
4.332711274994768
4.367467763366905
4.402405396605716
4.437522350928587
4.4728167070993425
4.508286448177257
4.543929457240716
4.5797435150864105
4.615726297905073
4.651875374934749
4.688188206092785
4.724662139587729
4.761294409512535
4.7980821334203965
4.835022309884779
4.872111816045203
4.909347405140713
4.946725704032521
4.9842432107182
5.02189629183909
5.059681180183445
5.097593972187499
5.13563062543689
5.173786956171125
5.212058636793757
5.250441193391227
5.288930003263286
5.32752029246831
5.366207133386795
5.404985442306484
5.443849977032862
5.482795334528883
5.521815948587801
5.560906087543419
5.6000598520221585
5.639271172741212
5.678533808357933
5.717841343375032
5.757187186106877
5.796564566712135
5.8359665352983034
5.875385960103784
5.914815525763451
5.954247731663731
5.993674890393656
6.033089126298188
6.072482374140694
6.111846377881399
6.1511726895789005
6.19045266842214
6.22967747990021
6.268838095117788
6.307925290264028
6.346929646242947
6.385841548473587
6.424651186868382
6.463348555998172
6.5019234554527765
6.540365490405824
6.578664072392986
6.61680842031264
6.654787561658261
6.692590333991855
6.730205386667887
6.767621182817111
6.8048260015999515
6.841807940738881
6.878554919339409
6.9150546810092655
6.951294797285181
6.987262671376878
7.0229455422374105
7.058330488969265
7.093404435575195
7.128154156062726
7.1625662799109575
7.1966272979081065
7.2303235683679326
7.2636413237327835
7.296566677570708
7.329085631973604
7.361184085362986
7.392847840709364
7.424062614170628
7.4548140441544986
7.485087700808972
7.5148690959444995
7.544143693390462
7.572896919787919
7.601114175819613
7.628780847877367
7.655882320165923
7.682403987241312
7.7083312669806485
7.733649613979144
7.758344533368879
7.782401595052531
7.805806448344033
7.828544837006617
7.850602614677253
7.87196576066509
7.892620396109787
7.912552800484089
7.931749428423363
7.95019692686306
7.967882152463253
7.984792189297831
8.000914366783901
8.016236277825158
8.030745797141268
8.044431099753242
8.057280679592981
8.06928336820339
8.08042835349338
8.090705198510422
8.100103860191389
8.108614708050624
8.116228542762506
8.122936614593998
8.12873064164112
8.133602827821703
8.137545880575363
8.140553028220232
8.142618036914852
8.14373522717242
8.143899489873734
8.143106301724256
8.141351740100268
8.13863249722841
8.13494589364287
8.1302898908643
8.124663103244798
8.118064808923661
8.110494959839354
8.101954190743953
8.092443827167669
8.081965892282332
8.070523112614692
8.05811892256227
8.044757467666926
8.030443606603976
8.0151829118476
7.998981668976604
7.981846874588129
7.96378623279084
7.944808150253193
7.924921729787
7.904136762451089
7.882463718164993
7.85991373482777
7.8364986059426265
7.812230766753657
7.787123278906927
7.761189813654199
7.734444633623761
7.706902573189128
7.678579017472701
7.649489880027958
7.619651579249985
7.589081013570634
7.557795535500753
7.525812924588099
7.49315135936541
7.459829388368945
7.425865900313126
7.391280093512087
7.356091444643781
7.320319676956531
7.283984728021894
7.247106717141152
7.209705912515625
7.171802698293221
7.133417541605556
7.0945709597109134
7.055283487358826
7.015575644491756
6.975467904398522
6.934980662432421
6.894134205404596
6.852948681760322
6.81144407264198
6.769640163938122
6.727556519413007
6.685212455005219
6.642627014377627
6.599818945794219
6.556806680391871
6.513608311907306
6.470241577911296
6.4267238425936535
6.383072081133695
6.3393028656818355
6.295432352968979
6.251476273551105
6.207449922687282
6.1633681528405555
6.119245367782094
6.0750955182705235
6.030932099270247
5.986768148664636
5.94261624741263
5.898488521090631
5.8543966427551615
5.810351837056338
5.766364885527113
5.722446132969214
5.678605494853003
5.634852465645824
5.591196127981331
5.547645162581037
5.504207858838576
5.4608921259775585
5.417705504694475
5.3746551791995785
5.331747989570854
5.288990444338561
5.246388733221083
5.203948739936247
5.161676055016269
5.119575988558693
5.077653582850168
5.0359136248047145
4.994360658162953
4.952998995403663
4.911832729324203
4.870865744251158
4.830101726847537
4.789544176487775
4.749196415176352
4.709061596990459
4.669142717031403
4.629442619873688
4.589964007504464
4.550709446749771
4.511681376187445
4.472882112549707
4.434313856621304
4.395978698641963
4.357878623224222
4.3200155137999765
4.282391156611255
4.245007244262395
4.207865378852626
4.170967074709379
4.134313760744166
4.097906782453844
4.061747403591164
4.025836807529443
3.990176098346799
3.954766301656019
3.9196083652066305
3.884703159285994
3.8500514769463643
3.8156540340850116
3.781511469404225
3.747624344277842
3.7139931425504287
3.6806182702947323
3.6475000555522104
3.614638748080508
3.5820345191307807
3.5496874612764544
3.5175975883136212
3.485764835251854
3.454189058412483
3.4228700356496193
3.391807466707396
3.3610009737248605
3.330450101897987
3.3001543203061017
3.270113022908027
3.2403255297110345
3.21079108811358
3.181508874420853
3.1524779955300377
3.123697490780301
3.095166333960789
3.0668834354681236
3.0388476446033756
3.0110577519971704
2.9835124921503
2.956210546076174
2.9291505440307217
2.902331068314556
2.875750656131928
2.8494078024906186
2.823300963126986
2.7974285574404645
2.7717889714221147
2.7463805605623914
2.7212016527238747
2.6962505509654875
2.6715255363057073
2.6470248704132033
2.62274679821447
2.5986895504091985
2.5748513458853295
2.5512303940269763
2.5278248969096184
2.504633051378306
2.481653051005726
2.4588830879282013
2.436321354558854
2.413966045178161
2.391815357403132
2.369867493537261
2.3481206618041823
2.3265730774686433
2.305222963849101
2.2840685532266556
2.2631080876555387
2.2423398196806033
2.221762012967578
2.201372942851919
2.1811708968121533
2.1611541748736403
2.1413210899485513
2.12166996811771
2.1021991488598144
2.0829069852332704
2.063791844015592
2.044852105805105
2.026086165089297
2.0074924302839006
1.9890693237464074
1.9708152817674682
1.9527287545432506
1.9348082061315122
1.9170521143939208
1.8994589709267995
1.8820272809822303
1.8647555633812456
1.8476423504205672
1.8306861877741527
1.8138856343906666
1.7972392623877809
1.7807456569441054
1.7644034161893702
1.7482111510934435
1.732167485354611
1.7162710552874745
1.7005205097107883
1.6849145098354674
1.6694517291529332
1.654130853323981
1.6389505800682678
1.623909619054501
1.609006691791415
1.5942405315195742
1.579609883104044
1.5651135029279444
1.5507501587869188
1.5365186297845235
1.5224177062285298
1.5084461895281622
1.4946028920922638
1.4808866372283684
1.467296259042705
1.4538306023411116
1.4404885225308435
1.427268885523294
1.4141705676375942
1.4011924555051087
1.3883334459747918
1.3755924460194235
1.3629683726427042
1.3504601527871933
1.338066723243103
1.3257870305579254
1.3136200309468846
1.301564690204215
1.289619983615258
1.2777848958693514
1.266058420973534
1.254439562167035
1.242927331836544
1.2315207514322661
1.220218851384744
1.209020671022446
1.1979252584901028
1.1869316706678013
1.1760389730908232
1.1652462398702066
1.1545525536140493
1.1439570053495312
1.1334586944456462
1.1230567285366504
1.1127502234462119
1.1025383031122513
1.0924200995124773
1.0823947525906044
1.072461410183249
1.0626192279474906
1.052867369289104
1.043205005291451
1.033631314645016
1.0241454835775974
1.0147467057851385
1.0054341823631847
0.9962071217389808
0.9870647396041868
0.978006258848207
0.9690309094921387
0.9601379286233207
0.9513265603304889
0.9425960556395182
0.9339456724497615
0.9253746754709724
0.916882336160801
0.9084679326628687
0.9001307497454126
0.8918700787404853
0.8836852174837198
0.8755754702546477
0.8675401477175563
0.8595785668628998
0.851690050949239
0.8438739294457227
0.8361295379750859
0.8284562182571803
0.8208533180530215
0.8133201911093451
0.8058561971036743
0.7984607015898971
0.7911330759443305
0.7838726973122914
0.7766789485551545
0.7695512181978906
0.7624889003770944
0.7554913947894827
0.7485581066408725
0.7416884465956174
0.7348818307265168
0.7281376804651828
0.7214554225528572
0.7148344889916872
0.7082743169964456
0.7017743489466907
0.6953340323393691
0.6889528197418552
0.6826301687454149
0.6763655419191025
0.6701584067640776
0.664008235668345
0.6579145058619034
0.6518766993723104
0.6458943029806578
0.6399668081779426
0.6340937111218458
0.6282745125939071
0.6225087179570866
0.616795837113723
0.6111353844638759
0.6055268788640464
0.5999698435862809
0.5944638062776503
0.5890082989200964
0.5836028577906529
0.5782470234220259
0.5729403405635426
0.5676823581424497
0.5624726292255753
0.5573107109813391
0.5521961646421087
0.5471285554669065
0.5421074527044561
0.5371324295565666
0.5322030631418546
0.5273189344598016
0.522479628355135
0.5176847334825408
0.5129338422716999
0.508226550892644
0.503562459221428
0.49894117080612016
0.49436229283310534
0.4898254360936919
0.48533021495103024
0.48087624730733514
0.47646315457140376
0.4720905616264368
0.4677580967981546
0.4634653918232014
0.45921208181784495
0.4549978052469598
0.4508222038932985
0.44668492282704
0.4425856103756217
0.4385239180938482
0.4344995007342706
0.43051201621784185
0.4265611256048399
0.42264649306605634
0.41876778585425106
0.41492467427586954
0.4111168316630168
0.4073439343456918
0.40360566162427386
0.3999016957422649
0.3962317218592777
0.39259542802427494
0.38899250514905437
0.38542264698197404
0.3818855500819213
0.37838091379252153
0.37490844021657954
0.3714678341907596
0.3680588032604968
0.3646810576551362
0.36133431026330476
0.358018276608503
0.35473267482492804
0.35147722563351325
0.34825165231818705
0.3450556807023559
0.34188903912559687
0.3387514584205645
0.3356426718901157
0.33256241528463537
0.32951042677957915
0.32648644695321627
0.32349021876457673
0.32052148753160625
0.317580000909516
0.3146655088693315
0.31177776367664367
0.3089165198705489
0.3060815342427835
0.3032725658170538
0.3004893758285514
0.2977317277036563
0.29499938703983125
0.29229212158569556
0.2896097012212821
0.2869518979384799
0.284318485821652
0.28170924102843026
0.27912394177069233
0.27656236829570763
0.2740243028674565
0.27150952974812576
0.26901783517976896
0.2665490073661357
0.2641028364546718
0.26167911451867815
0.25927763553963973
0.2568981953897127
0.2545405918143717
0.2522046244152212
0.24989009463295958
0.2475968057305006
0.24532456277625286
0.2430731726275492
0.2408424439142282
0.23863218702237
0.23644221407817778
0.23427233893200708
0.2321223771425452
0.22999214596113254
0.22788146431622747
0.2257901527980174
0.2237180336431679
0.22166493071971113
0.21963066951207705
0.217615077106258
0.2156179821751102
0.2136392149637925
0.21167860727533636
0.20973599245634755
0.20781120538284337
0.20590408244621358
0.20401446153931665
0.20214218204269888
0.20028708481094082
0.19844901215913188
0.19662780784946587
0.19482331707795958
0.1930353864612964
0.19126386402378762
0.1895085991844532
0.1877694427442246
0.18604624687326127
0.18433886509838432
0.18264715229062806
0.18097096465290285
0.17931015970777134
0.1776645962853397
0.17603413451125707
0.17441863579482497
0.1728179628172193
0.17123197951981672
0.16966055109262898
0.16810354396284544
0.1665608257834787
0.16503226542211383
0.163517732949764
0.16201709962982522
0.16053023790713308
0.1590570213971222
0.15759732487508132
0.15615102426551095
0.15471799663157612
0.1532981201646556
0.15189127417399
0.15049733907642188
0.14911619638623042
0.14774772870506162
0.14639181971194826
0.14504835415342227
0.14371721783371913
0.1423982976050707
0.14109148135808655
0.13979665801222627
0.13851371750635658
0.13724255078939557
0.13598304981104437
0.13473510751260243
0.13349861781786637
0.13227347562411515
0.13105957679317531
0.12985681814256844
0.12866509743674218
0.12748431337837915
0.1263143655997861
0.12515515465436405
0.12400658200815348
0.12286855003146042
0.12174096199055712
0.12062372203945904
0.11951673521177907
0.1184199074126547
0.11733314541074924
0.11625635683032834
0.11518945014340723
0.11413233466197036
0.11308492053026391
0.11204711871715732
0.11101884100857515
