0.1388738883060014
0.14015995608893314
0.14145792982521335
0.14276791962539714
0.1440900366163622
0.14542439294872914
0.14677110180743974
0.14813027742086762
0.14950203506961693
0.1508864910973849
0.152283762919936
0.1536939690349369
0.15511722903138825
0.15655366360094436
0.15800339454621393
0.15946654479232358
0.1609432383960704
0.16243360055696363
0.16393775762767882
0.16545583712355635
0.16698796773420177
0.16853427933387663
0.17009490299195204
0.17166997098417677
0.1732596168035998
0.17486397517134344
0.17648318204754407
0.17811737464358207
0.17976669143225246
0.181431272160242
0.18311125785833837
0.1848067908548752
0.18651801478573976
0.18824507460733106
0.18998811660788065
0.19174728841969008
0.1935227390319764
0.1953146188013883
0.19712307946634613
0.1989482741580207
0.2007903574138087
0.2026494851894926
0.2045258148722086
0.2064195052934433
0.20833071674157363
0.21025961097584017
0.21220635123862183
0.21417110226921282
0.2161540303173859
0.21815530315661885
0.2201750900979868
0.222213562004318
0.22427089130269612
0.22634725200049977
0.22844281969759805
0.23055777160207336
0.23269228654358864
0.2348465449882911
0.23702072905375599
0.2392150225227846
0.2414296108591495
0.243664681221871
0.2459204224810716
0.24819702523217543
0.2504946818122393
0.2528135863148035
0.25515393460552077
0.25751592433787135
0.2598997549692713
0.2623056277764475
0.26473374587247245
0.26718431422195976
0.2696575396576595
0.272153630897651
0.2746727985606824
0.2772152551838686
0.2797812152393406
0.2823708951509611
0.2849845133115274
0.28762229010025525
0.2902844478998345
0.2929712111139961
0.29568280618545734
0.29841946161321187
0.3011814079707373
0.3039688779241433
0.3067821062499145
0.3096213298537548
0.3124867877883748
0.31537872127283134
0.31829737371064715
0.3212429907089659
0.3242158200972607
0.3272161119468581
0.3302441185898964
0.3333000946384402
0.336384297005001
0.3394969849211844
0.342638419957758
0.3458088660448355
0.3490085894918896
0.3522378590077325
0.35549694572115403
0.3587861232010612
0.3621056674773582
0.36545585706195904
0.3688369729689657
0.3722492987360191
0.37569312044612796
0.37916872674750457
0.3826764088764499
0.3862164606782042
0.38978917862856133
0.393394861856087
0.3970338121635408
0.40070633405052575
0.4044127347355197
0.4081533241779232
0.41192841510083167
0.41573832301370284
0.41958336623472986
0.4234638659140203
0.42738014605646796
0.4313325335447055
0.4353213581624322
0.4393469526178921
0.44340965256716675
0.44750979663752244
0.45164772645168316
0.45582378665086254
0.46003832491935487
0.4642916920082406
0.46858424175935115
0.47291633112971543
0.4772883202159661
0.48170057227847546
0.48615345376596286
0.4906473343403498
0.49518258690111316
0.49975958761039585
0.5043787159174571
0.5090403545840911
0.5137448897095495
0.5184927107553567
0.5232842105707094
0.5281197854179271
0.5329998349973605
0.5379247624730346
0.5428949744980781
0.5479108812399449
0.5529728964062314
0.558081437270118
0.5632369246958694
0.5684397831648892
0.5736904408006273
0.578989329395023
0.584336884433641
0.5897335451217107
0.5951797544098087
0.6006759590192652
0.6062226094680683
0.6118201600965679
0.617469069093074
0.6231697985192844
0.6289228143361776
0.6347285864292439
0.6405875886341231
0.6465002987619912
0.6524671986245801
0.6584887740598251
0.6645655149568457
0.6706979152810344
0.6768864730987564
0.6831316906024283
0.6894340741350427
0.695794134214702
0.7022123855590662
0.7086893471094666
0.7152255420547724
0.7218214978555817
0.7284777462675514
0.7351948233646962
0.7419732695629228
0.7488136296424953
0.7557164527710245
0.7626822925256321
0.7697117069149306
0.7768052584010562
0.783963513920834
0.7911870449068993
0.7984764273084587
0.8058322416116291
0.8132550728592289
0.8207455106703929
0.8283041492595629
0.8359315874550262
0.8436284287170985
0.8513952811558388
0.8592327575476258
0.8671414753522851
0.8751220567286364
0.8831751285497931
0.891301322418121
0.8995012746789776
0.9077756264341902
0.9161250235547609
0.924550116692626
0.9330515612919698
0.9416300175991781
0.9502861506728022
0.9590206303918298
0.9678341314634599
0.9767273334300879
0.9857009206749049
0.9947555824267433
1.0038920127639666
1.0131109106169518
1.0224129797699357
1.0317989288610963
1.0412694713819133
1.0508253256751454
1.060467214931334
1.0701958671843381
1.0800120153049826
1.0899163969938435
1.099909754772037
1.1099928359707603
1.1201663927192624
1.130431181930983
1.1407879652882342
1.1512375092248577
1.1617805849073672
1.1724179682139426
1.1831504397117634
1.1939787846320753
1.2049037928434365
1.215926258822685
1.2270469816238052
1.2382667648444863
1.2495864165901909
1.2610067494362398
1.2725285803870026
1.284152730832667
1.2958800265033912
1.307711297420675
1.3196473778460247
1.3316891062266902
1.343837325138196
1.3560928812242254
1.3684566251330246
1.3809294114505588
1.3935120986304828
1.406205548920581
1.4190106282854875
1.4319282063260268
1.4449591561945725
1.4581043545065862
1.4713646812482042
1.4847410196796498
1.4982342562344078
1.5118452804142064
1.5255749846792404
1.5394242643341671
1.5533940174090417
1.5674851445354487
1.5816985488178643
1.5960351356996578
1.6104958128237994
1.6250814898883577
1.6397930784961259
1.6546314919988265
1.6695976453351764
1.6846924548630444
1.699916838185387
1.7152717139697768
1.7307580017614406
1.7463766217894927
1.762128494766387
1.7780145416802076
1.7940356835797433
1.8101928413521289
1.8264869354927094
1.8429188858673053
1.8594896114662467
1.876200030150142
1.8930510583874345
1.9100436109829775
1.9271786007979506
1.9444569384605792
1.9618795320675788
1.9794472868759168
1.9971611049848956
2.015021885008245
2.0330305217357543
2.0511879057845346
2.069494923239506
2.0879524552827524
2.1065613778116465
2.1253225610455093
2.1442368691202405
2.163305159671103
2.18252828340292
2.201907083647785
2.221442395909716
2.2411350473961793
2.260985856536027
2.2809956324836773
2.301165174609124
2.321495271973581
2.341986702790384
2.362640233870817
2.383456620054613
2.4044366036248217
2.425580913706648
2.446890265649895
2.4683653603949316
2.4900068838215765
2.5118155060806084
2.533791880907848
2.555936644920032
2.578250416892481
2.6007337970181337
2.623387366147503
2.6462116850093613
2.6692072934116973
2.6923747094226913
2.715714428531244
2.7392269227868793
2.762912639918566
2.786772002432126
2.810805406685917
2.835013221944485
2.8593957894098017
2.88395342122972
2.9086863994834893
2.9335949751438055
2.9586793670152036
2.983939760648462
3.009376307230746
3.0349891224510275
3.0607782853408434
3.086743837089672
3.112885779835062
3.1392040754269614
3.1656986441662713
3.1923693635170562
3.2192160667926006
3.246238541814698
3.2734365295463994
3.3008097226976165
3.32835776430384
3.3560802462776023
3.3839767079326384
3.412046634480622
3.440289455500601
3.4687045433807726
3.4972912117329646
3.526048713779529
3.5549762407129633
3.5840729200281207
3.6133378138273478
3.642769917098537
3.6723681559663643
3.7021313859170637
3.7320583899967974
3.7621478769841143
3.7923984795369083
3.82280875231413
3.8533771700729167
3.8841021257415833
3.9149819284690883
3.946014801651643
3.977198880937162
4.008532212208387
4.040012749545497
4.071638353169113
4.103406787364785
4.135315718389974
4.167362712364694
4.199545233147083
4.231860640195276
4.2643061864168885
4.29687901600779
4.329576162281637
4.362394545492048
4.395330970649036
4.428382125331885
4.461544577500332
4.494814773306259
4.528189034908248
4.56166355829137
4.595234411094668
4.628897530449163
4.662648720829001
4.696483651918818
4.730397856500372
4.764386728361553
4.798445520231384
4.832569341744239
4.866753157437206
4.900991784784314
4.935279892271626
4.969611997517366
5.003982465441445
5.038385506488823
5.072815174911386
5.107265367113228
5.141729820064249
5.176202109787344
5.2106756499245
5.245143690387351
5.279599316097895
5.314035445825256
5.348444831124631
5.3828200553845145
5.417153532988782
5.4514375086000975
5.48566405657145
5.519825080492723
5.55391231287938
5.587917315010476
5.621831476923432
5.65564601757298
5.689351985162116
5.722940257652661
5.756401543463445
5.7897263823641465
5.822905146572754
5.855928042065028
5.888785110104088
5.92146622899851
5.953961116097266
5.986259330029896
6.018350273200316
6.0502231945425935
6.081867192547092
6.113271218565167
6.144424080400679
6.175314446196419
6.205930848623308
6.236261689380248
6.266295244012146
6.296019667053541
6.325422997504866
6.3544931646482
6.383217994208981
6.411585214869803
6.439582465141935
6.46719730059991
6.494417201483898
6.5212295806740395
6.5476217920405
6.573581139172152
6.599094884486298
6.624150258721017
6.6487344708110125
6.67283471814697
6.696438197217553
6.7195321146323295
6.742103698522796
6.764140210317759
6.7856289568882175
6.806557303055718
6.826912684457023
6.846682620756673
6.8658547291977285
6.884416738479682
6.902356502951098
6.919662017103209
6.936321430349114
6.952323062071814
6.967655416922805
6.982307200351243
6.996267334342281
7.009524973341453
7.02206952034034
7.033890643097205
7.044978290464515
7.055322708793693
7.064914458385807
7.073744429955208
7.081803861071618
7.08908435254451
7.095577884712151
7.101276833596211
7.106173986881325
7.11026255967777
7.113536210024064
7.115989054085159
7.117615681000795
7.118411167337646
7.118371091098063
7.117491545237492
7.115769150642118
7.11320106851791
7.109785012142031
7.105519257927525
7.100402655752392
7.094434638504551
7.087615230794751
7.07994505679032
7.071425347123771
7.062057944831474
7.051845310279258
7.040790525033577
7.028897294638991
7.01616995026499
7.0026134491879075
6.988233374076465
6.9730359310527215
6.957027946503544
6.940216862621504
6.922610731657933
6.904218208875135
6.885048544189146
6.865111572499056
6.844417702703774
6.822977905412125
6.800803699357387
6.7779071365327015
6.754300786069206
6.729997716884395
6.705011479133665
6.6793560845037465
6.653045985392313
6.626096053023639
6.598521554555661
6.570338129239229
6.541561763695556
6.512208766382831
6.4822957413279
6.451839561203308
6.420857339834234
6.38936640422373
6.3573842661880855
6.324928593697147
6.29201718201695
6.258667924754135
6.2248987849030355
6.190727765997336
6.1561728834685585
6.121252136313427
6.085983479171254
6.050384794911147
6.014473867826673
5.9782683575328806
5.94178577365737
5.905043451413071
5.868058528135924
5.830847920865539
5.7934283050414
5.7558160943809895
5.7180274219996745
5.680078122825308
5.641983717353137
5.6037593967789325
5.5654200095406265
5.526980049290466
5.488453644311696
5.449854548385664
5.411196133106933
5.372491381636045
5.333752883871673
5.294992833016216
5.256223023501488
5.217454850234196
5.17869930911426
5.139966998772914
5.10126812347181
5.062612497099434
5.024009548196536
4.98546832593839
4.946997506998639
4.908605403216754
4.8702999699892615
4.8320888153037735
4.7939792093340925
4.75597809451485
4.718092096014716
4.680327532528563
4.642690427310719
4.605186519373764
4.567821274780207
4.530599897957572
4.493527342970971
4.456608324691329
4.419847329801519
4.383248627587124
4.346816280463232
4.3105541541933174
4.274465927761096
4.238555102861057
4.202825012978257
4.167278832032614
4.131919582567652
4.096750143468223
4.061773257196069
4.026991536536262
3.992407470851699
3.958023431846508
3.923841678842807
3.8898643635787096
3.8560935345384095
3.8225311408281812
3.7891790356145845
3.7560389791437037
3.723112641362194
3.690401604162863
3.657907363279158
3.6256313298542717
3.5935748317117264
3.5617391143553
3.530125341726777
3.4987345967504737
3.467567881693837
3.43662611837333
3.405910148234735
3.375420732336541
3.345158551264579
3.3151242050052185
3.2853182128034493
3.2557410130310824
3.2263929630889168
3.197274339365172
3.1683853372709576
3.1397260713716495
3.1112965756311612
3.083096803784123
3.0551266298488176
3.02738584879161
2.999874177351324
2.97259125502988
2.945536645253201
2.9187098367041773
2.8921102448274008
2.865737213503205
2.839590016886555
2.8136678614045136
2.787969887904177
2.7624951739413786
2.737242736199083
2.712211533023058
2.6874004670613374
2.6628083879931954
2.6384340953325562
2.6142763412903913
2.5903338336802912
2.5666052388514133
2.543089184633067
2.5197842632754743
2.496689034371796
2.473802027747069
2.45112174630046
2.428646668788214
2.406375252535596
2.3843059360672387
2.3624371416464887
2.3407672777155257
2.319294741229286
2.2980179198774358
2.276935194189946
2.256044939522997
2.235345527923103
2.2148353298685506
2.194512715888254
2.1743760580591003
2.1544237313838503
2.1346541150523937
2.1150655935898914
2.095656557896016
2.0764254061799443
2.0573705447962496
2.038490388987109
2.019783363536533
2.0012479033424406
1.9828824539124532
1.964685471789335
1.9466554249118702
1.9287907929168462
1.911090067387673
1.893551752054888
1.876174362953541
1.8589564285422178
1.8418964897880794
1.8249931002220452
1.808244825967857
1.7916502457485055
1.7752079508731333
1.7589165452072206
1.742774645128597
1.7267808794715125
1.71093388946072
1.6952323286373359
1.6796748627779583
1.6642601698083357
1.648986939712721
1.6338538744398388
1.6188596878062802
1.6040031053979744
1.5892828644703176
1.574697713847417
1.5602464138208036
1.5459277360479495
1.5317404634508287
1.5176833901146944
1.5037553211872665
1.4899550727784256
1.4762814718605044
1.462733356169266
1.4493095741056072
1.436008984638036
1.4228304572059358
1.4097728716236524
1.396835117985413
1.3840160965710664
1.3713147177526737
1.3587299019019343
1.3462605792984415
1.333905690038777
1.3216641839464376
1.3095350204825686
1.2975171686575304
1.2856096069432617
1.273811323186459
1.2621213145225363
1.2505385872903838
1.2390621569479123
1.2276910479883572
1.2164242938573662
1.2052609368708413
1.1942000281335314
1.1832406274583773
1.1723818032865982
1.1616226326085013
1.1509622008850309
1.140399601970032
1.1299339380332216
1.1195643194838785
1.1092898648952219
1.0991097009294966
1.0890229622637297
1.079028791516183
1.0691263391734755
1.0593147635183697
1.0495932305582265
1.0399609139541193
1.0304169949505875
1.0209606623060457
1.011591112223829
1.0023075482838648
0.9931091813749794
0.9839952296278222
0.9749649183484083
0.9660174799522642
0.9571521538991854
0.9483681866285918
0.9396648314954691
0.9310413487069068
0.9224970052592169
0.9140310748756225
0.905642837944528
0.8973315814583517
0.8890965989529155
0.8809371904473988
0.872852662384837
0.8648423275731718
0.8569055051268347
0.849041520408874
0.8412497049736113
0.833529396509819
0.8258799387844261
0.8183006815867387
0.8107909806731685
0.8033501977124725
0.7959777002314978
0.7886728615614148
0.7814350607844543
0.7742636826811264
0.7671581176779297
0.7601177617955326
0.7531420165974366
0.7462302891391105
0.7393819919175865
0.7325965428215221
0.7258733650817246
0.7192118872221186
0.712611543011174
0.7060717714137767
0.699592016543537
0.6931717276155404
0.6868103588995298
0.6805073696735204
0.674262224177834
0.6680743915695607
0.6619433458774389
0.6558685659571429
0.6498495354469884
0.6438857427240414
0.6379766808606279
0.6321218475812446
0.6263207452198684
0.6205728806776499
0.6148777653810023
0.6092349152400706
0.6036438506075864
0.5981040962380939
0.5926151812475549
0.5871766390733253
0.5817880074344932
0.576448828292587
0.5711586478126428
0.5659170163246242
0.5607234882852028
0.5555776222398872
0.5504789807854968
0.5454271305329826
0.5404216420705912
0.5354620899273604
0.5305480525369571
0.5256791122018418
0.520854855057766
0.5160748710385907
0.5113387538414321
0.5066461008921265
0.501996513311008
0.49738959587900594
0.49282495700405105
0.4883022086877878
0.4838209664925951
0.4793808495089105
0.4749814803228499
0.47062248498412806
0.46630349297427265
0.4620241371751309
0.45778405383766174
0.4535828825510183
0.44942026621191394
0.44529585099426533
0.4412092863191184
0.4371602248248501
0.4331483223376398
0.4291732378422153
0.4252346334528678
0.4213321743847286
0.41746552892531363
0.4136343684063271
0.40983836717572597
0.4060772025700363
0.40235055488692884
0.39865810735804386
0.3949995461220642
0.39137456019803807
0.38778284145894537
0.3842240846055057
0.38069798714022823
0.3772042493416996
0.37374257423910623
0.37031266758699255
0.36691423784024896
0.3635469961293317
0.360210656235707
0.35690493456752265
0.353629550135504
0.3503842245290673
0.3471686818926557
0.3439826489022923
0.34082585474234506
0.33769803108250873
0.33459891205499703
0.331528234231942
0.3284857366030043
0.32547116055318454
0.3224842498408437
0.3195247505759211
0.3165924111983519
0.31368698245668725
0.3108082173869062
0.3079558712914222
0.305129701718287
0.3023294684405776
0.29955493343598105
0.29680586086656024
0.2940820170587061
0.29138317048327844
0.28870909173592363
0.28605955351757406
0.28343433061513057
0.2808331998823172
0.2782559402207123
0.275702332560958
0.2731721598441377
0.2706652070033239
0.26818126094530115
0.2657201105324505
0.2632815465648019
0.2608653617622545
0.2584713507469563
0.2560993100258457
0.2537490379733567
0.25142033481427967
0.24911300260677866
0.24682684522556886
0.2445616683452445
0.2423172794237597
0.24009348768606528
0.23789010410788924
0.2357069413996725
0.23354381399064789
0.23140053801306518
0.2292769312865647
0.22717281330269054
0.22508800520954603
0.22302232979659353
0.2209756114795902
0.21894767628566203
0.21693835183851817
0.214947467343798
0.21297485357455187
0.21102034285685925
0.20908376905557502
0.20716496756020678
0.2052637752709249
0.20338003058469808
0.20151357338155557
0.19966424501097912
0.19783188827841636
0.19601634743191834
0.19421746814890228
0.19243509752303306
0.19066908405122507
0.18891927762076668
0.1871855294965578
0.18546769230846968
0.18376562003881716
0.1820791680099462
0.18040819287193807
0.17875255259042352
0.1771121064345087
0.17548671496481488
0.1738762400216251
0.17228054471313928
0.17069949340384055
0.1691329517029648
0.16758078645307664
0.1660428657187528
0.1645190587753662
0.16300923609797396
0.16151326935030882
0.16003103137387006
0.15856239617711362
0.15710723892474482
0.1556654359271061
0.1542368646296627
0.15282140360258675
0.15141893253043517
0.15002933220192166
0.14865248449978544
0.1472882723907502
0.14593657991557552
0.144597292179202
0.143270295340983
0.14195547660500996
0.14065272421052374
0.13936192742241418
0.1380829765218091
0.13681576279674718
0.13556017853293675
0.13431611700460147
0.1330834724654075
0.13186214013947478
0.13065201621247194
0.12945299782279154
0.12826498305280595
0.12708787092020568
0.12592156136941507
0.12476595526308687
0.1236209543736767
0.12248646137509311
0.12136237983442398
0.12024861420374106
0.11914506981197755
0.1180516528568804
0.11696827039703833
0.11589483034398106
0.114831241454351
0.11377741332214913
0.11273325637104863
0.1116986818467822
0.11067360180959739
0.10965792912678095
0.1086515774652537
0.10765446128423156
0.10666649582795384
0.1056875971184803
0.10471768194855202
0.10375666787451851
0.10280447320933082
0.10186101701559756
0.10092621909870468
