0.22877156307750102
0.23089004881455374
0.23302814402866343
0.23518602999931065
0.23736388967648664
0.2395619076950959
0.24178027038967986
0.24401916580928465
0.2462787837351194
0.2485593156942907
0.25086095497618477
0.2531838966492429
0.2555283375766735
0.2578944764319497
0.2602825137162819
0.2626926517754591
0.2651250948143944
0.2675800489167942
0.2700577220605807
0.2725583241348276
0.27508206695808785
0.27762916429536466
0.28019983187450187
0.28279428740674234
0.2854127506017509
0.288055443187009
0.29072258892650926
0.293414413637635
0.2961311452108247
0.2988730136281208
0.30164025098155733
0.3044330914928126
0.30725177153080996
0.3100965296336198
0.31296760652524
0.31586524513676967
0.31878969062716156
0.32174119039934057
0.32471999412516567
0.32772635376272446
0.33076052357704505
0.33382276016173656
0.3369133224594762
0.34003247178227564
0.3431804718336984
0.34635758872905
0.3495640910177475
0.35280024970509694
0.356066338272946
0.3593626327033584
0.36268941149951167
0.36604695570854057
0.3694355489445432
0.3728554774103028
0.3763070299214655
0.3797904979284993
0.38330617554067736
0.38685435954983416
0.3904353494526189
0.39404944747625087
0.39769695860097803
0.40137819058546986
0.40509345399039265
0.40884306220311306
0.4126273314634952
0.416446580887338
0.42030113249247014
0.42419131122429016
0.4281174449809944
0.43207986463862474
0.43607890407893224
0.4401149002136116
0.44418819301107587
0.4482991255241561
0.4524480439152473
0.45663529748420273
0.46086123869534656
0.46512622320407326
0.46943060988588287
0.4737747608626041
0.47815904153061894
0.48258382058990323
0.4870494700711146
0.4915563653648464
0.49610488525039415
0.5006954119240807
0.5053283310286271
0.5100040316828733
0.5147229065107178
0.5194853516711186
0.524291766887998
0.5291425554798779
0.5340381243909963
0.5389788842210694
0.54396524925651
0.5489976375009765
0.5540764707062782
0.5592021744041389
0.5643751779377096
0.5695959144923476
0.5748648211282641
0.5801823388128843
0.5855489124516817
0.5909649909221076
0.5964310271054248
0.6019474779195861
0.6075148043522631
0.6131334714937027
0.618803948571023
0.624526708980362
0.6303022303217812
0.6361309944320989
0.6420134874199468
0.6479501996993289
0.6539416260239872
0.6599882655221327
0.6660906217312411
0.6722492026327495
0.6784645206870282
0.6847370928688051
0.6910674407022416
0.6974560902963748
0.7039035723808349
0.7104104223419133
0.7169771802577894
0.7236043909351352
0.7302926039447935
0.7370423736583013
0.7438542592844954
0.7507288249053244
0.7576666395132525
0.7646682770473204
0.7717343164303924
0.7788653416055956
0.7860619415737656
0.7933247104301485
0.8006542474017129
0.8080511568843083
0.8155160484796657
0.8230495370331976
0.8306522426706983
0.838324790836296
0.8460678123293129
0.8538819433422755
0.8617678254976686
0.8697261058858237
0.8777574371022043
0.8858624772846798
0.8940418901511464
0.9022963450362852
0.9106265169294863
0.9190330865116385
0.9275167401924673
0.9360781701472591
0.9447180743541521
0.9534371566306697
0.962236126670388
0.9711157000799476
0.9800765984148131
0.9891195492159306
0.9982452860454615
1.0074545485229531
1.0167480823604373
1.0261266393984576
1.0355909776406431
1.0451418612887573
1.0547800607773887
1.0645063528079235
1.0743215203824812
1.0842263528377887
1.0942216458780807
1.104308201607977
1.114486828564774
1.1247583417506393
1.1351235626636689
1.1455833193292384
1.1561384463302729
1.1667897848372426
1.1775381826373326
1.1883844941636192
1.1993295805226247
1.2103743095222184
1.2215195556982505
1.2327662003404602
1.244115131517967
1.2555672441038546
1.2671234397985416
1.278784627152928
1.2905517215901918
1.3024256454267986
1.314407327892478
1.3264977051494684
1.3386977203101207
1.3510083234543064
1.3634304716444698
1.3759651289406734
1.3886132664137283
1.4013758621572112
1.4142539012982234
1.427248376006691
1.4403602855031674
1.4535906360653215
1.4669404410327465
1.480410720810223
1.4940025028694044
1.5077168217484258
1.521554719050279
1.5355172434390811
1.5496054506340957
1.563820403402506
1.5781631715494313
1.5926348319062562
1.6072364683167872
1.6219691716207632
1.6368340396353647
1.6518321771343345
1.666964695824388
1.6822327143190199
1.6976373581098565
1.7131797595352387
1.7288610577457069
1.7446823986667537
1.7606449349584605
1.7767498259720689
1.7929982377032667
1.80939134274215
1.825930320219829
1.8426163557510544
1.8594506413740375
1.876434375485542
1.8935687627726765
1.9108550141406724
1.928294346636037
1.9458879833661094
1.9636371534135786
1.981543091747094
1.9996070391265939
2.017830242004492
2.0362139524211162
2.0547594278959926
2.0734679313131243
2.092340730801077
2.111379099607933
2.1305843159697617
2.149957662973998
2.1695004284161343
2.1892139046505514
2.2090993884349013
2.22915818076779
2.24939158671973
2.269800915257182
2.290387479059441
2.311152594328016
2.3320975805886253
2.353223760485397
2.3745324595670274
2.3960250060644572
2.417702730660962
2.4395669662525443
2.461619047700075
2.483860311572148
2.506292095878572
2.5289157397941784
2.551732583372749
2.5747439672509462
2.597951232341593
2.6213557195164703
2.6449587692781416
2.668761721420319
2.6927659146770546
2.716972686359859
2.7413833719826037
2.765999304874353
2.7908218157791844
2.8158522324428525
2.84109187918641
2.866542076465841
2.892204140417573
2.918079382389943
2.944169108459633
2.9704746189329083
2.9969972078317872
3.023738162363906
3.05069876237662
3.0778802797941145
3.1052839780379022
3.1329111114295305
3.1607629245760864
3.1888406517368963
3.2171455161722067
3.245678729472416
3.274441490868223
3.3034349865206702
3.332660388791117
3.3621188554902397
3.391811529106139
3.4217395360106204
3.451903985643363
3.48230596967389
3.5129465611400157
3.5438268135632813
3.5749477600401973
3.6063104123090652
3.637915759792037
3.6697647686115866
3.701858380581307
3.734197512170105
3.766783053439774
3.7996158669549445
3.8326967866654016
3.86602661675993
3.899606130491319
3.933436068971982
3.9675171399397797
4.001850016493494
4.036435335797349
4.0712736977543225
4.10636566364751
4.141711754749296
4.177312450897584
4.213168189038845
4.24927936173739
4.2856463156504665
4.3222693499685745
4.359148714820783
4.396284609644535
4.4336771815193075
4.471326523464073
4.509232672697893
4.547395608863376
4.5858152522125515
4.624491461755025
4.663424033367775
4.702612697866465
4.742057119038145
4.7817568916346485
4.821711539326949
4.861920512619846
4.902383186727164
4.943098859407018
4.984066748757327
5.025285990971205
5.066755638052519
5.108474655491289
5.150441919899346
5.192656216606028
5.235116237214269
5.2778205771172
5.320767732975571
5.363956100156217
5.407383970132156
5.451049527844452
5.494950849026578
5.539085897491959
5.583452522384991
5.628048455396525
5.672871307944788
5.717918568322145
5.763187598809297
5.8086756327574784
5.8543797716402075
5.900296982075719
5.946424092821432
5.992757791742144
6.03929462275334
6.086030982741571
6.132963118463648
6.180087123426648
6.227398934750987
6.2748943300186815
6.322568924109335
6.370418166026314
6.418437335716029
6.466621540882894
6.5149657138034085
6.56346460814225
6.612112795773962
6.660904663613767
6.709834410461276
6.758896043861123
6.808083376984489
6.857390025536197
6.90680940469164
6.956334726068519
7.005958994738332
7.05567500628279
7.105475343900781
7.155352375571317
7.20529825127862
7.255304900305358
7.305364028600517
7.355467116228445
7.405605414906149
7.455769945635807
7.505951496440032
7.556140620207482
7.6063276326567335
7.656502610426628
7.706655389301518
7.756775562580042
7.806852479596487
7.856875244403804
7.90683271462784
7.956713500502427
8.00650596409524
8.056198218734723
8.105778128648293
8.155233308822654
8.204551125096984
8.253718694499915
8.302722885841858
8.35155032057375
8.400187373924052
8.448620176325607
8.496834615144392
8.544816336721876
8.592550748743376
8.640023022944371
8.687218098167051
8.734120683779288
8.780715263468334
8.826986099421385
8.872917236905042
8.918492509255973
8.963695543294314
9.008509765171791
9.052918406665981
9.096904511931916
9.140450944722032
9.183540396085078
9.22615539255408
9.26827830483329
9.309891356993143
9.35097663618215
9.391516102863566
9.431491601584439
9.470884872283502
9.509677562143882
9.547851237995548
9.585387399271541
9.622267491520946
9.658472920480662
9.693985066706636
9.728785300764196
9.762854998975627
9.796175559722029
9.828728420294656
9.860495074289789
9.891457089539333
9.92159612656776
9.950893957564185
9.979332485856675
10.00689376587377
10.033560023576465
10.059313677341722
10.084137359276456
10.108013936938972
10.13092653544236
10.152858559912344
10.173793718269623
10.193716044304406
10.212609921008633
10.23046010412875
10.247251745899685
10.262970418918197
10.277602140111354
10.291133394753492
10.30355116048275
10.314842931265778
10.324996741257134
10.334001188497501
10.341845458392859
10.34851934691464
10.354013283459006
10.358318353301508
10.361426319581861
10.36332964475191
10.364021511418601
10.36349584251267
10.361747320712718
10.358771407053727
10.354564358648544
10.349123245450697
10.342445965986917
10.334531261988154
10.325378731848517
10.314988842842572
10.3033629420327
10.290503265800044
10.276412947934393
10.261096026220976
10.244557447464807
10.2268030708964
10.207839669906313
10.187674932059865
10.166317457347791
10.143776754633265
10.120063236260945
10.095188210799128
10.069163873892041
10.042003297205401
10.013720415455127
9.984330011515775
9.953847699612497
9.922289906607752
9.889673851401694
9.856017522472783
9.821339653593489
9.785659697763755
9.748997799413264
9.711374764931621
9.672812031593836
9.633331634956473
9.592956174807837
9.551708779763302
9.509613070604425
9.466693122467545
9.422973425994599
9.378478847565074
9.33323458873402
9.287266145006429
9.240599264082954
9.19325990371617
9.145274189319831
9.09666837147646
9.047468783490258
8.997701799133521
8.947393790734923
8.896571087757328
8.845259936011235
8.79348645764751
8.741276612069731
8.688656157902038
8.635650616143467
8.582285234633554
8.52858495394728
8.474574374829645
8.42027772727203
8.365718841323297
8.310921119718905
8.255907512401283
8.20070049299386
8.145322037280186
8.08979360372827
8.034136116088666
7.978369948083187
7.922514910189594
7.866590238515973
7.81061458574718
7.7546060141347315
7.698581990490821
7.6425593831370255
7.586554460748513
7.5305828930258025
7.4746597531177486
7.418799521711866
7.363016092701756
7.30732278033536
7.2517323277429755
7.196256916740207
7.140908178797864
7.08569720706878
7.030634569360609
6.97573032194322
6.92099402408012
6.8664347531747385
6.812061120424801
6.757881286880891
6.70390297980896
6.6501335092608524
6.596579784761555
6.543248332026985
6.490145309631766
6.437276525552083
6.384647453514589
6.332263249088561
6.280128765464385
6.228248568867581
6.176626953563474
6.125267956413401
6.0741753709489625
6.023352760935988
5.972803473405128
5.922530651130584
5.872537244542821
5.822826023065374
5.773399585869371
5.72426037204282
5.67541067017484
5.626852627357625
5.578588257611409
5.530619449739803
5.482947974624884
5.43557549197295
5.388503556523373
5.341733623734366
5.295267054960544
5.249105122138185
5.20324901199517
5.157699829803345
5.112458602691828
5.0675262825407215
5.022903748475235
4.978591808981098
4.934591203662645
4.890902604665875
4.847526617789183
4.804463783305182
4.761714576517653
4.71927940807806
4.677158624086575
4.63535250600296
4.593861270392912
4.552685068535583
4.511823985918194
4.471278041643437
4.4310471877752216
4.39113130864789
4.3515302201635455
4.312243669101388
4.273271332462019
4.234612816868755
4.196267658046662
4.158235320398611
4.120515196696255
4.083106607902024
4.046008803136421
4.00922095980311
3.972742183882112
3.9365715103994914
3.900707904079636
3.8651502601842544
3.829897405539921
3.794948099753906
3.760301036616019
3.725954845682119
3.691908094033011
3.658159288200781
3.6247068762528527
3.591549250022557
3.558684747473777
3.526111655185983
3.4938282109450225
3.461832606424364
3.4301229899408194
3.398697469268525
3.367554114494694
3.3366909609008286
3.306106011853216
3.2757972416869365
3.245762598568264
3.216000007321002
3.1865073722031236
3.15728257962116
3.1283235007707595
3.0996279941930127
3.07119390823739
3.043019083423333
3.015101354693859
2.9874385535557444
2.9600285101022155
2.932869054915211
2.9059580208454827
2.8792932446699653
2.8528725686268706
2.8266938418298886
2.8007549215638563
2.7750536744649748
2.7495879775893313
2.7243557193741683
2.6993548004967134
2.674583134635883
2.650038649142367
2.6257192856229152
2.60162300044468
2.57774776516553
2.554091566896255
2.5306524086004476
2.5074283093376675
2.4844173044553837
2.4616174457348547
2.439026801495865
2.416643456664976
2.3944655128115766
2.3724910881557455
2.3507183175515634
2.329145352449242
2.307770360839087
2.286591527179985
2.265607052314866
2.244815153375285
2.2242140636769707
2.2038020326080408
2.183577325511277
2.163538223561692
2.1436830236404436
2.1240100382059954
2.1045175951632555
2.0852040377313212
2.0660677243103627
2.0471070283480697
2.028320338205982
2.0097060570260226
1.991262602597444
1.9729884072243427
1.9548819175939163
1.936941594645562
1.9191659134408712
1.9015533630346195
1.8841024463467764
1.8668116800355745
1.8496795943716426
1.8327047331132433
1.8158856533826098
1.7992209255433693
1.7827091330790847
1.7663488724728886
1.7501387530882013
1.7340773970505476
1.7181634391304508
1.702395526627388
1.686772319254818
1.6712924890262568
1.6559547201424065
1.6407577088793026
1.6257001634775021
1.6107808040322875
1.5959983623848653
1.5813515820145765
1.5668392179320938
1.5524600365735908
1.5382128156958905
1.5240963442725777
1.5101094223910518
1.4962508611505403
1.4825194825610415
1.4689141194431883
1.455433615329042
1.4420768243637885
1.4288426112083454
1.4157298509428486
1.402737428971038
1.3898642409255182
1.3771091925738808
1.3644711997256946
1.351949188140355
1.3395420934357636
1.3272488609978594
1.3150684458909776
1.302999812769024
1.2910419357874732
1.2791937985161688
1.2674543938529308
1.2558227239379434
1.2442978000689409
1.2328786426171692
1.2215642809441098
1.2103537533189788
1.199246106836982
1.1882403973383093
1.1773356893278866
1.1665310558958573
1.15582557863879
1.1452183475816184
1.1347084611002882
1.1242950258451232
1.113977156664885
1.1037539765315363
1.0936246164656946
1.0835882154627647
1.0736439204197539
1.0637908860627603
1.054028274875119
1.0443552570262142
1.0347710103009473
1.0252747200298393
1.0158655790197906
1.0065427874854642
0.9973055529813087
0.9881530903341924
0.9790846215766675
0.9700993758808437
0.9611965894928625
0.9523755056679788
0.943635374606242
0.9349754533887541
0.9263950059145263
0.9178933028379098
0.909469621506598
0.9011232459002025
0.8928534665693887
0.8846595805755766
0.8765408914311842
0.8684967090404289
0.8605263496406705
0.8526291357442859
0.8448043960810849
0.8370514655412539
0.8293696851188161
0.8217584018556179
0.8142169687858289
0.8067447448809449
0.7993410949953029
0.7920053898120918
0.7847370057898624
0.7775353251095222
0.7703997356218214
0.7633296307953228
0.7563244096648413
0.7493834767803632
0.7425062421564356
0.7356921212220114
0.7289405347707636
0.7222509089118534
0.7156226750211458
0.7090552696928775
0.7025481346917685
0.6961007169055686
0.6897124682980442
0.6833828458623943
0.6771113115750957
0.6708973323501679
0.6647403799938618
0.6586399311597644
0.6525954673043104
0.6466064746427077
0.6406724441052664
0.6347928712941241
0.6289672564403735
0.6231951043615837
0.6174759244197049
0.6118092304793664
0.6061945408665544
0.6006313783276701
0.5951192699889603
0.5896577473163238
0.5842463460754881
0.5788846062925449
0.573572072214854
0.5683082922723052
0.5630928190389317
0.5579252091948799
0.5528050234887282
0.5477318267001471
0.5427051876029076
0.5377246789282253
0.5327898773284437
0.5279003633410473
0.5230557213530075
0.518255539565457
0.5134994099586835
0.5087869282574494
0.504117693896629
0.49949130998715746
0.49490738328229666
0.4903655241442095
0.4858653465108381
0.4814064678630903
0.4769885091923236
0.47261109496813125
0.4682738531064191
0.4639764149377794
0.4597184151761552
0.45549949188778754
0.45131928646045244
0.44717744357297995
0.44307361116504856
0.43900744040726136
0.43497858567149617
0.4309867045015246
0.4270314575839056
0.42311250871913986
0.4192295247930968
0.41538217574869746
0.41157013455785746
0.4077930771936934
0.4040506826029781
0.4003426326788489
0.3966686122337731
0.3930283089727509
0.38942141346677533
0.3858476191265283
0.382306622176318
0.37879812162826193
0.3753218192567007
0.3718774195728463
0.36846462979966976
0.36508315984701234
0.361732722286926
0.35841303232924543
0.35512380779737895
0.35186476910432113
0.34863563922889146
0.34543614369218567
0.34226601053424244
0.3391249702909308
0.3360127559710432
0.33292910303359935
0.3298737493653637
0.3268464352585636
0.3238469033888123
0.32087489879323955
0.31793016884881786
0.3150124632508876
0.31212153399188486
0.309257135340256
0.30641902381957425
0.3036069581878422
0.30082069941698475
0.2980600106725341
0.2953246572934977
0.2926144067724098
0.2899290287355716
0.2872682949234672
0.2846319791713606
0.2820198573900736
0.27943170754693736
0.27686730964691747
0.274326445713917
0.27180889977224754
0.2693144578282688
0.2668429078522024
0.2643940397601075
0.26196764539602224
0.2595635185142729
0.25718145476194126
0.25482125166149383
0.25248270859357297
0.250165626779943
0.24786980926659258
0.24559506090699668
0.24334118834552515
0.24110800000101057
0.23889530605046233
0.23670291841293004
0.23453065073351947
0.2323783183675506
0.2302457383648613
0.22813272945425936
0.22603911202811264
0.22396470812708108
0.22190934142499272
0.21987283721385426
0.21785502238899962
0.21585572543437864
0.21387477640797609
0.21191200692736614
0.2099672501554015
0.20804034078603106
0.20613111503024772
0.20423941060216827
0.20236506670523793
0.20050792401856152
0.19866782468336278
0.1968446122895657
0.19503813186249816
0.19324822984972106
0.19147475410797526
0.1897175538902482
0.18797647983296262
0.18625138394327792
0.18454211958651293
0.18284854147368085
0.18117050564913842
0.17950786947835182
0.1778604916357713
0.1762282320928178
0.1746109521059819
0.17300851420502975
0.17142078218131723
0.1698476210762135
0.16828889716962903
0.16674447796864775
0.1652142321962674
0.1636980297802396
0.16219574184201294
0.1607072406857797
0.15923239978762105
0.15777109378475118
0.15632319846486337
0.15488859075557082
0.1534671487139445
0.15205875151614984
0.15066327944717536
0.1492806138906563
0.1479106373187939
0.14655323328236322
0.14520828640081687
0.1438756823524766
0.14255530786481524
0.1412470507048298
0.13995079966950102
0.13866644457634
0.1373938762540244
0.13613298653311764
0.13488366823687406
0.13364581517213006
0.13241932212027682
0.13120408482831608
