0.11468562427960899
0.11574770712626431
0.1168196227757306
0.11790146217744989
0.1189933171202375
0.12009528023895097
0.12120744502318313
0.1223299058244417
0.12346275786447501
0.12460609724295611
0.12576002094529729
0.1269246268513078
0.12810001374297147
0.1292862813125783
0.1304835301715719
0.13169186185813062
0.13291137884669532
0.13414218455498353
0.13538438335458342
0.13663808057736
0.1379033825262699
0.1391803964830489
0.14046923071708345
0.14176999449544933
0.1430827980901048
0.14440775278952545
0.14574497090546057
0.1470945657840273
0.1484566518141908
0.14983134443750637
0.1512187601576005
0.15261901654998067
0.15403223227152546
0.15545852707036273
0.15689802179627382
0.1583508384095603
0.15981709999193694
0.16129693075682558
0.16279045605873066
0.16429780240450584
0.16581909746309104
0.1673544700763915
0.1689040502699132
0.17046796926294178
0.1720463594797277
0.17363935456079935
0.1752470893724247
0.17686970001975805
0.17850732385613594
0.1801600994953234
0.18182816682226494
0.1835116670054278
0.1852107425072213
0.18692553709630802
0.18865619585908935
0.19040286521179378
0.19216569291194724
0.1939448280706174
0.1957404211646337
0.1975526240488655
0.19938158996792182
0.20122747356961138
0.2030904309163119
0.20497061949852896
0.20686819824722402
0.20878332754651538
0.2107161692470836
0.21266688667856914
0.21463564466307394
0.2166226095288123
0.21862794912273623
0.22065183282418868
0.22269443155901386
0.22475591781259435
0.22683646564380988
0.22893625069926873
0.23105545022694665
0.2331942430905235
0.2353528097832733
0.2375313324430184
0.2397299948660623
0.2419489825219502
0.24418848256801953
0.24644868386459295
0.24872977698930782
0.25103195425250835
0.2533554097124325
0.25570033919036605
0.2580669402857623
0.26045541239202985
0.2628659567120864
0.26529877627414145
0.26775407594714773
0.2702320624572095
0.2727329444034453
0.2752569322740602
0.27780423846288177
0.28037507728557576
0.28296966499632403
0.2855882198044006
0.28823096189076036
0.290898113425438
0.29358989858393053
0.296306543564784
0.29904827660662275
0.30181532800548627
0.3046079301324003
0.3074263174509771
0.31027072653505156
0.31314139608654923
0.3160385669533121
0.31896248214745754
0.3219133868632797
0.32489152849552827
0.3278971566582109
0.33093052320239397
0.3339918822358486
0.33708149014059585
0.3401996055931234
0.34334648958197667
0.34652240542808416
0.34972761880306463
0.352962397749124
0.356227012698168
0.35952173649143054
0.36284684439926057
0.3662026141404986
0.3695893259028434
0.37300726236239407
0.37645670870397924
0.3799379526411348
0.3834512844366387
0.38699699692254735
0.3905753855208841
0.39418674826434236
0.39783138581661126
0.4015096014932747
0.4052217012830017
0.4089679938677778
0.41274879064450115
0.4165644057460498
0.4204151560622313
0.4243013612611881
0.4282233438107856
0.43218142900000917
0.4361759449604442
0.440207222687892
0.44427559606403805
0.44838140187813397
0.45252497984873996
0.45670667264547726
0.4609268259111442
0.4651857882834594
0.4694839114170507
0.47382155000561144
0.4781990618037281
0.4826168076493374
0.48707515148544844
0.4915744603825936
0.4961151045609322
0.5006974574123524
0.5053218955227681
0.5099887986943401
0.514698549967652
0.5194515356439391
0.5242481453073
0.5290887718468225
0.5339738114787813
0.5389036637689081
0.5438787316541862
0.5488994214651607
0.5539661429478662
0.5590793092857004
0.5642393371215081
0.569446646579086
0.5747016612852679
0.5800048083911873
0.585356518594144
0.5907572261588186
0.5962073689387735
0.6017073883973516
0.6072577296291244
0.61285884138045
0.6185111760704132
0.6242151898112953
0.6299713424291006
0.6357800974836034
0.6416419222885219
0.6475572879310854
0.6535266692918058
0.6595505450636925
0.665629397771294
0.6717637137895234
0.6779539833620514
0.6842007006196464
0.6905043635979875
0.6968654742552334
0.7032845384891507
0.7097620661539434
0.7162985710768645
0.7228945710740887
0.7295505879664126
0.7362671475943067
0.7430447798328709
0.7498840186058846
0.7567854018996241
0.7637494717761175
0.770776774385646
0.7778678599790985
0.7850232829191864
0.7922436016916199
0.7995293789151721
0.8068811813513732
0.8142995799132272
0.8217851496736285
0.829338469872476
0.8369601239236072
0.8446506994204545
0.8524107881409548
0.8602409860519536
0.8681418933119979
0.8761141142740195
0.8841582574863902
0.892274935693286
0.9004647658338925
0.9087283690406638
0.9170663706362795
0.9254794001295888
0.933968091210284
0.9425330817423416
0.9511750137562156
0.9598945334396547
0.9686922911271832
0.9775689412881018
0.9865251425131415
0.9955615574994489
1.0046788530341488
1.0138776999761911
1.0231587732364953
1.0325227517565643
1.0419703184850528
1.0515021603527037
1.0611189682452595
1.0708214369744953
1.0806102652471916
1.090486155631957
1.100449814524109
1.110501952108064
1.1206432823176447
1.13087452279396
1.1411963948407655
1.1516096233775759
1.162114936889875
1.1727130673768777
1.183404750296522
1.194190724507535
1.2050717322088014
1.2160485188754688
1.227121833192211
1.23829242698316
1.2495610551386802
1.2609284755387646
1.272395448972849
1.2839627390562331
1.2956311121428346
1.3074013372340088
1.3192741858836867
1.3312504320994225
1.3433308522393896
1.3555162249051782
1.3678073308302265
1.3802049527637956
1.3927098753504727
1.4053228850048585
1.4180447697814742
1.4308763192397551
1.4438183243038556
1.4568715771173137
1.470036870892361
1.4833149997535737
1.4967067585759575
1.5102129428173072
1.5238343483444081
1.5375717712532975
1.5514260076831103
1.5653978536234758
1.579488104715532
1.5936975560457103
1.6080270019330856
1.622477235709113
1.637049049490455
1.651743233943949
1.6665605780442123
1.6815018688230599
1.6965678911111175
1.7117594272709897
1.727077256922006
1.7425221566562497
1.7580948997457886
1.7737962558407177
1.7896269906578437
1.8055878656599014
1.8216796377250342
1.8379030588061505
1.8542588755801461
1.8707478290866375
1.887370654355984
1.904128080026376
1.9210208279497123
1.938049612786036
1.9552151415863122
1.9725181133632068
1.9899592186496353
2.0075391390449426
2.025258546748173
2.0431181040784767
2.0611184629822006
2.07926026452629
2.097544138378055
2.115970702270649
2.1345405614542607
2.1532543081325493
2.1721125208840943
2.191115764068651
2.2102645872178166
2.229559524409815
2.249001093628164
2.268589796103899
2.2883261156411225
2.3082105179254166
2.328243449815005
2.348425338614278
2.368756591329394
2.3892375939056563
2.4098687104464136
2.430650282413128
2.4515826278064003
2.4726660403275487
2.4939007885206257
2.515287114894381
2.5368252350240943
2.5585153366329174
2.580357578652383
2.6023520902619808
2.62449896990742
2.64679828429741
2.6692500673785893
2.6918543192886637
2.714611005287079
2.737520054663494
2.7605813596235675
2.783794774151847
2.807160112851877
2.830677149763
2.8543456171539527
2.8781652042930888
2.902135556195033
2.9262562723437138
2.950526905391857
2.974946959836562
2.999515890671282
3.0242331020140076
3.049097945711665
3.0741097199209384
3.0992676676653974
3.1245709753692346
3.150018771367545
3.1756101243935304
3.201344042042712
3.2272194692143983
3.253235286530819
3.2793903087340532
3.305683283061341
3.3321128875990396
3.3586777296157746
3.38537634387527
3.4122071909294274
3.4391686553923146
3.46625904419568
3.493476584826825
3.5208194235495434
3.54828562360905
3.5758731634218797
3.603579934751645
3.631403740871846
3.659342294716845
3.687393217022246
3.715554034456
3.7438221777416247
3.772194979775069
3.8006696737367913
3.8292433912006696
3.8579131602416554
3.886675903543869
3.9155284365113046
3.944467465383043
3.9734895853553307
4.0025912787127735
4.03176891297096
4.061018739033295
4.0903368893645
4.119719376183648
4.149162089679693
4.178660796252475
4.208211136782416
4.237808624932267
4.267448645484275
4.297126452716452
4.326837168821683
4.356575782373477
4.386337146842556
4.416115979168266
4.445906858389347
4.475704224338405
4.505502376404789
4.535295472370643
4.565077527325116
4.594842412661729
4.6245838551642935
4.6542954361866355
4.6839705909317635
4.713602607836163
4.743184628065014
4.77270964512436
4.802170504596333
4.831559904003665
4.86087039280992
4.890094372561896
4.91922409718084
4.94825167340923
4.977169061419883
5.005968075594454
5.0346403854781405
5.063177516917826
5.091570853390771
5.119811637530965
5.147890972860436
5.175799825732729
5.203529027495797
5.231069276881549
5.2584111426291935
5.2855450663495915
5.312461365637644
5.339150237439724
5.365601761682927
5.39180590517298
5.417752525767225
5.443431376829099
5.468832111970196
5.493944290085809
5.518757380689454
5.543260769551729
5.5674437646483
5.591295602421641
5.6148054543604795
5.637962433900692
5.660755603650658
5.683173982943711
5.705206555719637
5.726842278736589
5.748070090114081
5.768878918207095
5.789257690810424
5.809195344691744
5.828680835450938
5.847703147702368
5.866251305575792
5.884314383530723
5.901881517477956
5.9189419162008825
5.935484873068177
5.951499778028258
5.9669761298746975
5.981903548770581
5.996271789018524
6.010070752061773
6.023290499700443
6.035921267505675
6.047953478413058
6.059377756475251
6.070184940752407
6.080366099317498
6.0899125433522805
6.098815841308157
6.107067833104853
6.114660644338334
6.121586700468086
6.127838740952489
6.133409833299716
6.138293387000268
6.1424831673061515
6.145973308820392
6.148758328859605
6.150833140551331
6.152193065626817
6.15283384686928
6.152751660176806
6.1519431261986055
6.150405321502746
6.148135789233302
6.145132549214588
6.1413941074602105
6.136919465044788
6.131708126296593
6.125760106269819
6.119075937456035
6.111656675695177
6.103503905247727
6.0946197429909725
6.085006841703926
6.074668392407256
6.063608125726652
6.051830312250329
6.039339761853897
6.0261418219685785
6.012242374771741
5.997647833281903
5.982365136343824
5.966401742492914
5.949765622692032
5.932465251937786
5.914509599737645
5.8959081194635425
5.876670736592118
5.8568078358464515
5.836330247258771
5.8152492311784805
5.793576462254665
5.771324012427143
5.748504332964896
5.725130235595668
5.70121487277514
5.67677171714877
5.651814540263939
5.626357390594278
5.60041457094225
5.574000615289824
5.547130265170798
5.519818445641478
5.4920802409293925
5.46393086984229
5.435385661021736
5.406460028127346
5.3771694450389385
5.347529421164595
5.317555476942827
5.28726311962683
5.256667819437917
5.225784986173848
5.194629946355891
5.163217920995984
5.131564004062368
5.099683141718495
5.067590112406084
5.035299507838585
5.002825714966359
4.9701828989695445
4.937384987328693
4.904445655017129
4.871378310852638
4.8381960850392645
4.804911817923119
4.771538049979142
4.738087013038497
4.704570622759201
4.671000472335385
4.637387827433618
4.6037436223377535
4.570078457277113
4.536402596906418
4.502725969899792
4.469058169615346
4.43540845578175
4.401785757153172
4.368198675074724
4.334655487896772
4.301164156173192
4.267732328575987
4.234367348456648
4.20107626098314
4.16786582078058
4.13474250000329
4.101712496766337
4.068781743865473
4.035955917715738
4.0032404474410335
3.9706405240492155
3.938161109630126
3.905806946517226
3.8735825663569767
3.8414922990340137
3.809540281404226
3.777730465792247
3.7460666282142268
3.714552376291379
3.6831911568244626
3.651986263003973
3.6209408412354107
3.5900578975636557
3.5593403036848583
3.5287908025385546
3.4984120134769925
3.4682064370124546
3.438176459147275
3.4083243552945683
3.3786522938011534
3.349162339086964
3.319856454418016
3.290736504332478
3.2618042567414167
3.2330613847277
3.2045094680680717
3.176149994504662
3.147984360793117
3.120013873555287
3.092239749964725
3.0646631182934185
3.037285018347986
3.010106401823245
2.983128132600339
2.9563509870157576
2.9297756541265367
2.903402735995584
2.877232748019576
2.8512661193203055
2.8255031932184758
2.7999442278070243
2.774589396639066
2.74943878954335
2.724492413577987
2.6997501941309063
2.6752119761733315
2.650877525670259
2.626746531149688
2.6028186054302886
2.57909328750501
2.5555700445761635
2.5322482742357355
2.5091273067828364
2.486206407668691
2.4634847800581814
2.440961567495694
2.418635856661997
2.396506680208093
2.3745730196512915
2.352833808318387
2.33128793432053
2.309934243544434
2.2887715426446658
2.2677986020220935
2.247014158774137
2.226416919603085
2.2060055636695037
2.1857787453787756
2.1657350970897427
2.14587323173554
2.126191745347928
2.1066892194775586
2.087364223503918
2.0682153168298467
2.049241050956852
2.030439971438554
2.01181061971078
1.9933515347979422
1.9750612548963395
1.9569383188359482
1.9389812674231934
1.9211886446679154
1.903558998898392
1.8860908837689483
1.8687828591650464
1.851633492011216
1.8346413569874052
1.8178050371595709
1.8011231245304167
1.7845942205161924
1.7682169363554814
1.7519898934557543
1.7359117236832997
1.7199810696019928
1.7041965846660518
1.688556933371683
1.6730607913722317
1.6577068455611084
1.6424937941264692
1.62742034658126
1.6124852237719602
1.5976871578690166
1.5830248923416301
1.5684971819193247
1.554102792542403
1.5398405013031393
1.5257090963793647
1.511707376961834
1.4978341531765837
1.4840882460033338
1.4704684871907945
1.4569737191696328
1.4436027949636934
1.4303545781000122
1.4172279425180316
1.4042217724783483
1.3913349624712952
1.3785664171255714
1.3659150511170806
1.3533797890781447
1.3409595655071869
1.3286533246789571
1.3164600205553842
1.3043786166970879
1.2924080861755893
1.2805474114862363
1.268795584461871
1.2571516061872499
1.2456144869142023
1.2341832459775604
1.222856911711838
1.2116345213686575
1.2005151210349365
1.1894977655518166
1.1785815184343258
1.1677654517917857
1.1570486462489404
1.146430190867816
1.1359091830702843
1.1254847285613465
1.1151559412531216
1.1049219431895216
1.0947818644716296
1.0847348431837571
1.0747800253201782
1.0649165647125398
1.0551436229579383
1.0454603693476512
1.0358659807965278
1.0263596417730287
1.0169405442298995
1.0076078875354906
0.9983608784056998
0.9891987308365469
0.9801206660373567
0.9711259123645647
0.9622137052561279
0.9533832871665328
0.944633907502404
0.9359648225587073
0.9273752954555287
0.9188645960754411
0.9104320010014461
0.9020767934554783
0.8937982632374815
0.88559570666504
0.8774684265135675
0.8694157319570377
0.8614369385092668
0.8535313679657326
0.8456983483459222
0.8379372138362161
0.8302473047332952
0.8226279673880603
0.8150785541500752
0.8075984233125165
0.800186939057624
0.7928434714026589
0.7855673961463534
0.7783580948158546
0.7712149546141512
0.7641373683679866
0.7571247344762502
0.7501764568588372
0.7432919449059835
0.7364706134280649
0.7297118826058516
0.7230151779412253
0.7163799302083481
0.7098055754052733
0.7032915547060089
0.6968373144130138
0.6904423059101368
0.6841059856159794
0.677827814937693
0.6716072602251995
0.6654437927258279
0.6593368885393699
0.6532860285735522
0.6472906984999067
0.6413503887100567
0.6354645942723991
0.6296328148891832
0.6238545548539863
0.6181293230095768
0.6124566327061685
0.6068360017600506
0.6012669524126046
0.595749011289695
0.5902817093614287
0.5848645819022895
0.5794971684516373
0.5741790127745651
0.56890966282312
0.5636886706978815
0.5585155926098849
0.553389988842902
0.5483114237160636
0.5432794655468278
0.5382936866142846
0.5333536631227994
0.5284589751659927
0.5236092066910439
0.5188039454633283
0.5140427830313785
0.5093253146921618
0.5046511394566825
0.5000198600158985
0.49543108270694713
0.4908844174796844
0.48637947786353203
0.4819158809346244
0.4774932472832614
0.4731112009816576
0.46876936955198933
0.46446738393473164
0.4602048784572889
0.4559814908029138
0.4517968619799072
0.44765063629110535
0.44354246130364594
0.439471987819009
0.4354388698433356
0.43144276455801944
0.4274833322905649
0.4235602364857152
0.4196731436768454
0.4158217234576178
0.41200564845389553
0.4082245942959165
0.40447823959072254
0.40076626589483877
0.3970883576872066
0.3934442023423651
0.3898334901038758
0.38625591405799375
0.38271117010758104
0.3791989569462557
0.37571897603278226
0.3722709315656944
0.36885453045815336
0.3654694823130327
0.36211549939823595
0.35879229662223944
0.35549959150985777
0.35223710417823423
0.3490045573130508
0.34580167614495516
0.3426281884262054
0.3394838244075296
0.33636831681519563
0.33328140082829333
0.33022281405622406
0.3271922965163986
0.3241895906121363
0.32121444111077035
0.3182665951219536
0.3153458020761606
0.31245181370339015
0.30958438401206306
0.3067432692681105
0.3039282279742579
0.30113902084949734
0.2983754108087478
0.29563716294270387
0.2929240444978661
0.2902358248567593
0.28757227551832903
0.2849331700785167
0.2823182842110185
0.27972739564821564
0.27716028416228
0.2746167315464583
0.27209652159651987
0.26959944009238296
0.2671252747799042
0.2646738153528355
0.2622448534349506
0.25983818256233127
0.25745359816581664
0.2550908975536175
0.2527498798940855
0.2504303461986411
0.2481320993048622
0.2458549438597239
0.24359868630299153
0.24136313485077102
0.23914809947920546
0.2369533919083217
0.23477882558602903
0.2326242156722607
0.2304893790232611
0.228374134176021
0.2262783013328517
0.2242017023461008
0.222144160703012
0.22010550151072006
0.21808555148138373
0.21608413891745876
0.21410109369710031
0.21213624725970526
0.2101894325915831
0.20826048421175866
0.20634923815790823
0.2044555319724215
0.20257920468859142
0.20072009681693417
0.19887805033163117
0.19705290865709582
0.19524451665466636
0.19345272060941818
0.1916773682170967
0.1899183085711733
0.18817539215001752
0.18644847080418608
0.1847373977438324
0.18304202752622828
0.18136221604340003
0.17969782050988123
0.17804869945057472
0.1764147126887265
0.17479572133401206
0.17319158777072974
0.17160217564610256
0.17002734985869
0.16846697654690201
0.1669209230776227
0.16538905803493545
0.16387125120895157
0.16236737358474426
0.16087729733138117
0.15940089579105785
0.1579380434683334
0.1564886160194626
0.15505249024182535
0.1536295440634565
0.15221965653266833
0.15082270780776896
0.14943857914687753
0.1480671528978296
0.14670831248817656
0.14536194241527794
0.14402792823648305
0.14270615655940228
0.14139651503227035
0.1400988923343955
0.13881317816669644
0.13753926324232807
0.13627703927739165
0.1350263989817295
0.13378723604980688
0.13255944515167517
0.13134292192401797
0.13013756296128182
0.12894326580688473
0.12775992894450897
0.12658745178947137
0.12542573468017276
0.12427467886962817
0.12313418651707245
0.12200416067964308
0.12088450530414131
0.11977512521886674
0.11867592612552731
0.11758681459122473
0.11650769804051239
0.11543848474752537
0.11437908382818512
0.11332940523247356
0.11228935973677819
0.11125885893630903
0.1102378152375838
0.10922614185098159
0.10822375278336695
0.1072305628307798
0.10624648757119236
0.1052714433573345
0.10430534730958295
0.10334811730891591
0.10239967198993423
0.10145993073394377
0.10052881366210398
0.09960624162863765
0.09869213621410286
0.09778641971872833
0.0968890151558084
0.09599984624515846
0.09511883740663228
0.09424591375369683
0.09338100108706665
0.09252402588839774
0.0916749153140378
0.09083359718883421
