0.29433012711823625
0.2970556396323064
0.2998063787164163
0.3025825775282739
0.3053844713727589
0.3082122977191227
0.3110662962216228
0.3139467087385122
0.3168537793542421
0.3197877543958035
0.3227488824577967
0.32573741441877296
0.32875360346430627
0.3317977051071788
0.3348699772083928
0.33797067999875113
0.34110007609967946
0.3442584305455482
0.34744601080553117
0.3506630868031657
0.35390993094254897
0.3571868181282322
0.36049402578782835
0.3638318338946374
0.36720052499218925
0.37060038421513275
0.37403169931373675
0.37749476067806953
0.3809898613604083
0.38451729709901084
0.38807736634399415
0.3916703702798734
0.3952966128504098
0.39895640078497413
0.40265004362037016
0.40637785372895513
0.41014014634194573
0.41393723957680195
0.4177694544607805
0.4216371149583272
0.42554054799774144
0.429480083496285
0.4334560543868171
0.43746879664630006
0.441518649320695
0.4456059545532335
0.4497310576127789
0.45389430691934324
0.458096054074297
0.4623366538868858
0.466616464403491
0.47093584693584184
0.475295166089707
0.47969478979493063
0.4841350893330864
0.48861643936794136
0.4931392179761218
0.4977038066745142
0.5023105904533461
0.5069599578040613
0.5116523007521204
0.5163880148869069
0.5211674993922011
0.5259911570793561
0.5308593944168581
0.5357726215634845
0.5407312524001527
0.5457357045618298
0.5507863994711467
0.5558837623693257
0.561028222351035
0.5662202123967651
0.5714601694066419
0.5767485342340499
0.5820857517196245
0.5874722707255731
0.5929085441700338
0.598395029062063
0.603932186536833
0.6095204818893712
0.6151603846119936
0.620852368429172
0.6265969113328687
0.6323944956195756
0.6382456079266733
0.6441507392684878
0.6501103850734364
0.6561250452218749
0.6621952240825321
0.6683214305505827
0.6745041780854465
0.6807439847489122
0.6870413732434518
0.6933968709507479
0.699811009970435
0.7062843271596551
0.7128173641713274
0.7194106674948431
0.726064788494783
0.7327802834514668
0.739557713600804
0.7463976451748463
0.753300649442693
0.7602673027509876
0.7672981865644548
0.7743938875084379
0.7815549974095707
0.7887821133373316
0.7960758376464768
0.8034367780187794
0.8108655475054919
0.818362764569622
0.8259290531287384
0.8335650425982819
0.8412713679337233
0.8490486696746493
0.8568975939876458
0.8648187927102581
0.8728129233942424
0.8808806493500138
0.8890226396903884
0.8972395693752909
0.90553211925499
0.9139009761157056
0.9223468327240539
0.9308703878714418
0.9394723464191937
0.9481534193433656
0.9569143237800196
0.9657557830703206
0.9746785268057985
0.9836832908738914
0.9927708175031252
1.001941855308672
1.0111971593381457
1.0205374911167262
1.0299636186930918
1.0394763166853513
1.0490763663259923
1.0587645555081
1.0685416788309923
1.0784085376453656
1.088365940099626
1.0984147011846588
1.108555642780133
1.1187895936992434
1.1291173897343902
1.139539873702054
1.1500578954884486
1.1606723120942677
1.1713839876789862
1.1821937936064482
1.1931026084883567
1.2041113182295216
1.215220816070979
1.2264320026343767
1.237745785965331
1.2491630815766905
1.2606848124913221
1.272311909284977
1.2840453101285818
1.2958859608297015
1.3078348148745855
1.31989283346911
1.3320609855790364
1.3443402479706512
1.3567316052500509
1.3692360499027862
1.3818545823315496
1.394588210895013
1.4074379519449132
1.4204048298623344
1.4334898770944156
1.446694134188873
1.4600186498295598
1.4734644808690027
1.4870326923622408
1.500724357598402
1.5145405581319886
1.5284823838131452
1.5425509328165463
1.5567473116699961
1.5710726352811766
1.5855280269634928
1.60011461846144
1.6148335499733666
1.6296859701745003
1.6446730362375048
1.6597959138519236
1.6750557772425692
1.690453809186562
1.705991201027354
1.7216691526895258
1.7374888726896662
1.7534515781468478
1.7695584947910452
1.785810856969273
1.802209907650352
1.818756898427384
1.8354530895179901
1.852299749762843
1.8692981566215894
1.886449596166553
1.9037553630742925
1.9212167606141068
1.9388351006348423
1.9566117035482167
1.9745478983098472
1.9926450223974612
2.010904421785889
2.029327450919595
2.0479154726811575
2.066669858357613
2.085591987602553
2.104683248395345
2.1239450369966097
2.1433787578998365
2.16298582377963
2.1827676554354563
2.2027256817322662
2.222861339535644
2.243176073644068
2.263671336715517
2.2843485891905564
2.3052092992097233
2.3262549425270316
2.347487002417534
2.3689069695804044
2.390516342036407
2.4123166250200496
2.43430933086569
2.4564959788884915
2.4788780952588647
2.5014572128706507
2.5242348712036815
2.5472126161789386
2.570392000007593
2.5937745810328514
2.617361923564655
2.641155597707241
2.6651571791789803
2.689368249124553
2.713790393919073
2.7384252049641145
2.7632742784752478
2.7883392152608852
2.813621620492166
2.8391231034637636
2.8648452773453763
2.8907897589232108
2.9169581683318295
2.9433521287757705
2.969973266240249
2.9968232091919575
3.0239035882676295
3.051216035952352
3.0787621862454873
3.1065436743148656
3.1345621361387916
3.162819208135216
3.1913165267779124
3.2200557281998936
3.2490384477824508
3.2782663197307174
3.307740976634855
3.3374640490163063
3.3674371648591954
3.397661949126087
3.4281400232581265
3.458873004658771
3.4898625061609123
3.52111013547699
3.5526174946316478
3.584386179376516
3.616417778586404
3.6487138736372824
3.681276037764518
3.714105835401703
3.747204821499302
3.780574540822796
3.8142165272295903
3.8481323029243875
3.882323377692707
3.9167912481115317
3.95153739673718
3.986563291269453
4.021870383691713
4.057460109386245
4.093333886224774
4.129493113632818
4.165939171628103
4.202673419832149
4.2396971964543075
4.277011817248106
4.3146185744388275
4.3525187356222546
4.390713542633435
4.429204210385607
4.4679919256778
4.507077845971362
4.546463098134324
4.586148777152903
4.626135944810157
4.6664256283303756
4.707018818989364
4.747916470689202
4.789119498497862
4.830628777151934
4.87244513952292
4.914569375045798
4.957002228109398
4.9997443964082215
5.042796529254811
5.0861592258522395
5.129833033526173
5.173818445915718
5.218115901122701
5.262725779818817
5.307648403309821
5.352884031556725
5.398432861152758
5.444295023256493
5.4904705814797214
5.536959529730361
5.58376179000946
5.6308772101620095
5.678305561581273
5.726046536866136
5.7740997474309745
5.822464721068183
5.871140899462415
5.920127635656872
5.96942419147106
6.01902973486998
6.0689433372845025
6.119163970882887
6.1696905057935085
6.220521707278522
6.271656232858724
6.3230926293896985
6.374829330089331
6.4268646515168815
6.4791967905041705
6.531823821038911
6.584743691100773
6.637954219450805
6.691453092374573
6.745237860379929
6.7993059348499925
6.853654584652333
6.908280932705337
6.963181952502671
7.018354464597185
7.073795133045495
7.129500461814585
7.185466791152091
7.24169029392184
7.29816697190639
7.354892652078699
7.41186298284478
7.469073430259738
7.526519274219507
7.584195604630813
7.642097317562232
7.700219111378997
7.758555482864953
7.817100723334582
7.875848914738852
7.93479392576837
7.993929407957896
8.05324879179597
8.112745282844417
8.172411857871873
8.23224126100633
8.292225999911556
8.352358341992796
8.4126303106371
8.473033681494222
8.5335599788039
8.594200471776068
8.654946171030328
8.715787825101694
8.776715917019796
8.837720660968763
8.898791999035717
8.959919598055912
9.02109284656261
9.082300851850718
9.14353243716279
9.204776139006873
9.266020204615687
9.327252589557053
9.388460955505833
9.449632668187803
9.510754795506386
9.571814105863393
9.632797066685113
9.693689843165789
9.754478297240178
9.815147986797879
9.875684165151913
9.93607178077446
9.996295477313017
10.056339593900422
10.116188165772305
10.175824925206088
10.23523330279539
10.294396429074435
10.353297136506727
10.411917961852732
10.470241148931315
10.52824865178977
10.585922138297434
10.643242994177772
10.700192327493982
10.756750973603054
10.812899500593192
10.868618215219294
10.923887169351262
10.978686166949496
11.032994771581707
11.08679231449512
11.140057903257484
11.192770430980046
11.244908586135269
11.296450862981313
11.347375572604996
11.397660854593994
11.447284689348576
11.496224911042193
11.544459221239403
11.591965203178692
11.638720336726688
11.684702014009137
11.729887555722831
11.774254228131285
11.817779260745827
11.860439864691898
11.902213251759237
11.943076654132593
11.983007344798118
12.021982658618551
12.059980014068662
12.096976935619958
12.132951076761943
12.167880243644877
12.201742419326516
12.234515788603236
12.26617876340323
12.296710008717106
12.326088469038368
12.354293395283934
12.381304372161715
12.407101345949757
12.431664652648456
12.454975046464536
12.477013728582511
12.497762376176416
12.517203171611746
12.535318831784362
12.552092637540444
12.567508463118482
12.581550805551537
12.594204813965069
12.605456318703087
12.615291860212489
12.623698717613122
12.63066493687856
12.636179358550397
12.640231644906631
12.642812306502996
12.643912728004143
12.643525193220237
12.641642909263279
12.638260029736413
12.633371676868824
12.626973962508496
12.619064007884997
12.609639962054784
12.598701018942188
12.586247432890307
12.57228053263751
12.556802733637184
12.53981754864053
12.52132959646526
12.501344608876039
12.479869435506403
12.456912046755935
12.43248153460133
12.406588111264945
12.379243105690218
12.350458957779374
12.320249210355414
12.288628498817483
12.25561253846607
12.2212181094825
12.18546303955537
12.148366184155218
12.109947404467814
12.070227543005519
12.029228396925873
11.986972689096188
11.94348403695286
11.898786919214007
11.852906640514231
11.805869294040194
11.757701722255645
11.708431475814418
11.658086770769438
11.606696444195089
11.554289908349203
11.50089710350958
11.446548449627802
11.39127479695065
11.335107375766215
11.278077745437933
11.220217742894944
11.161559430751872
11.10213504523455
11.041976944090845
10.981117554667513
10.919589322334515
10.857424659437795
10.794655894959934
10.731315225065602
10.667434664704816
10.60304600044216
10.538180744674344
10.472870091391293
10.407144873627951
10.341035522745072
10.274572029667278
10.20778390819568
10.140700160501158
10.073349244891748
10.005759045934932
9.937956847002122
9.869969305288976
9.801822429351072
9.733541559180207
9.665151348832515
9.596675751605309
9.528138007745582
9.459560634659676
9.390965419580263
9.322373414634244
9.2538049342433
9.185279554777622
9.116816116373004
9.048432726812138
8.98014676736273
8.911974900457581
8.843933079095681
8.776036557838447
8.708299905271273
8.640737017797745
8.57336113463267
8.506184853859303
8.439220149416915
8.372478388886758
8.305970351946872
8.239706249369855
8.17369574244228
8.107947962689344
8.042471531794225
7.977274581607892
7.912364774151924
7.847749321523862
7.783435005621955
7.7194281976136825
7.655734877079823
7.592360650773203
7.52931077093875
7.466590153148377
7.404203393611003
7.342154785924713
7.280448337243879
7.219087783839944
7.158076606039655
7.097418042529483
7.037115104019144
6.977170586261
6.9175870824256505
6.8583669948368895
6.799512546071713
6.741025789433465
6.682908618807831
6.625162777912991
6.56778986895664
6.510791360713383
6.454168596037097
6.397922798823326
6.342055080437575
6.2865664456257075
6.231457797923095
6.176729944579732
6.12238360101879
6.06841939484653
6.014837869432045
5.961639487075699
5.908824631785591
5.85639361168213
5.804346661051137
5.752683942066747
5.701405546205729
5.650511495375783
5.600001742780693
5.549876173545894
5.500134605128591
5.450776787536887
5.401802403382771
5.3532110677941205
5.305002328210932
5.25717566409093
5.209730486549687
5.162666137959897
5.115981891534028
5.069676950913844
5.023750449789518
4.978201451569942
4.933028949124599
4.888231864616145
4.843809049441161
4.799759284294875
4.756081279373981
4.712773674729606
4.669835040780554
4.627263878994892
4.585058622745769
4.543217638345299
4.501739226258068
4.460621622493889
4.419863000177253
4.3794614712889155
4.339415088573326
4.2997218476037125
4.260379688995005
4.221386500753471
4.1827401207504575
4.1444383393066015
4.106478901872033
4.068859511787238
4.031577833108795
3.994631493483949
3.958018087057756
3.921735177396723
3.885780300413026
3.8501509672739527
3.8148446672817546
3.7798588707097904
3.74519103158187
3.7108385903826044
3.6767989766876137
3.6430696117037766
3.6096479107107617
3.5765312853963955
3.543717146079743
3.5112029038169665
3.4789859723863534
3.4470637701500264
3.4154337217911466
3.3840932599264146
3.353039826594718
3.322270874623787
3.2917838688775203
3.2615762873873684
3.231645622371923
3.2019893811493505
3.1726050869477245
3.1434902796188138
3.114642516260984
3.086059371757177
3.057738439233909
3.029677330447357
3.001873676102458
2.9743251261108323
2.9470293497932345
2.9199840360319524
2.893186893378298
2.866635650120158
2.8403280543141434
2.8142618737866014
2.7884348961074656
2.7628449285405168
2.7374897979733643
2.7123673508300703
2.687475452969118
2.6628119895690685
2.6383748650039696
2.6141620027103962
2.590171345047695
2.5664008531527953
2.542848506790819
2.519512304202469
2.4963902619490512
2.473480414755866
2.450780815354565
2.4282895343249646
2.4060046599367086
2.3839242979911432
2.3620465716636496
2.3403696213466363
2.31889160449338
2.297610695462846
2.2765250853655554
2.2556329819106127
2.2349326092539443
2.21442220784775
2.1941000342912473
2.173964361182694
2.1540134769727177
2.1342456858189256
2.114659307441838
2.095252676982121
2.0760241448590957
2.0569720766305544
2.0380948528538476
2.019390868948237
2.0008585350585113
1.9824962759198625
1.9643025307239752
1.9462757529863668
1.9284144104149339
1.9107169847797123
1.8931819717838179
1.8758078809355834
1.8585932354218726
1.8415365719825378
1.8246364407860503
1.8078914053062625
1.7913000422002974
1.7748609411875662
1.7585727049298974
1.742433948912752
1.7264433013275464
1.7105994029550478
1.6949009070498327
1.6793464792258175
1.663934797342833
1.6486645513942446
1.6335344433955945
1.6185431872742744
1.6036895087602132
1.5889721452775545
1.57438984583734
1.559941370931179
1.5456254924258812
1.5314409934590687
1.5173866683357435
1.503461322425797
1.489663772062469
1.4759928444417332
1.4624473775226123
1.4490262199283963
1.435728230848778
1.4225522799428876
1.4094972472432037
1.3965620230603601
1.3837455078888252
1.3710466123134337
1.358464256916792
1.3459973721875276
1.3336448984293732
1.3214057856710981
1.3092789935772555
1.2972634913597576
1.285358257690252
1.2735622806133111
1.2618745574604169
1.2502940947647285
1.2388199081766391
1.227451022380108
1.2161864710097527
1.2050252965687087
1.1939665503472467
1.1830092923421223
1.1721525911766815
1.1613955240216896
1.1507371765168946
1.1401766426932989
1.1297130248961549
1.1193454337086657
1.1090729878763796
1.0988948142322832
1.088810047622587
1.078817830833178
1.068917314516761
1.0591076571206652
1.0493880248153054
1.0397575914233106
1.0302155383492946
1.0207610545102808
1.0113933362667509
1.0021115873543411
0.9929150188161583
0.9838028489357145
0.9747743031704826
0.9658286140860621
0.9569650212909417
0.9481827713718669
0.9394811178298026
0.930859321016475
0.9223166480715034
0.9138523728601058
0.9054657759113796
0.897156144357141
0.8889227718713324
0.8807649586099878
0.8726820111517399
0.8646732424388806
0.8567379717189642
0.8488755244869363
0.8410852324278041
0.8333664333598308
0.8257184711782452
0.818140695799474
0.8106324631058868
0.8031931348910406
0.7958220788054358
0.7885186683027626
0.7812822825866489
0.774112306557886
0.7670081307621481
0.7599691513381897
0.7529947699665119
0.7460843938185089
0.7392374355060766
0.7324533130316817
0.7257314497388926
0.7190712742633658
0.7124722204842748
0.7059337274761921
0.699455239461409
0.6930362057626963
0.6866760807564926
0.6803743238265275
0.6741303993178709
0.667943776491398
0.6618139294786776
0.6557403372372752
0.6497224835064597
0.6437598567633229
0.6378519501793017
0.6319982615770928
0.6261982933879704
0.6204515526094907
0.614757550763589
0.6091158038550545
0.6035258323303933
0.5979871610370657
0.5924993191830963
0.5870618402970571
0.581674262188418
0.5763361269082586
0.5710469807103423
0.5658063740125494
0.5606138613586593
0.5554690013804888
0.5503713567603734
0.5453204941939976
0.5403159843535605
0.535357401851284
0.530444325203256
0.5255763367936009
0.5207530228389836
0.5159739733534384
0.5112387821135176
0.5065470466237632
0.5018983680824955
0.497292351347913
0.4927286049045065
0.4882067408297768
0.4837263747612655
0.47928712586388167
0.4748886167975278
0.4705304736850308
0.46621232608035934
0.4619338069371334
0.4576945525774305
0.45349420266086643
0.4493324001539716
0.44520879129984037
0.4411230255880592
0.4370747557249176
0.43306363760388544
0.4290893302763611
0.4251514959226959
0.42124979982347577
0.4173839103310684
0.413553498841437
0.40975823976620646
0.4059978105049859
0.4022718914179517
0.3985801657986758
0.39492231984720283
0.3912980426433817
0.3877070261204345
0.3841489650387685
0.380623556960035
0.37713050222141953
0.37366950391016795
0.3702402678383533
0.36684250251786676
0.36347591913563954
0.3601402315290979
0.35683515616183387
0.3535604120995087
0.35031572098597186
0.3471008070195978
0.3439153969298471
0.3407592199540358
0.337632007814319
0.3345334946948903
0.33146341721938527
0.32842151442849304
0.32540752775777726
0.322421201015697
0.31946228036182783
0.3165305142852889
0.31362565358336253
0.3107474513403102
0.30789566290638737
0.3050700458770471
0.3022703600723334
0.2994963675164687
0.29674783241762454
0.2940245211478775
0.2913262022233534
0.28865264628454956
0.2860036260768376
0.28337891643115004
0.2807782942448367
0.2782015384627045
0.27564843005822576
0.2731187520149193
0.2706122893079071
0.2681288288856353
0.26566815965176305
0.26323007244722235
0.26081436003243763
0.25842081706970893
0.2560492401057608
0.2536994275544472
0.251371179679615
0.24906429857812917
0.24677858816304934
0.24451385414696092
0.24226990402546325
0.24004654706080508
0.23784359426567042
0.23566085838711723
0.23349815389065914
0.23135529694449405
0.22923210540388012
0.22712839879565275
0.2250439983028825
0.22297872674967814
0.2209324085861253
0.2189048698733633
0.216895938268803
0.21490544301147452
0.21293321490751493
0.2109790863157856
0.20904289113362126
0.20712446478271362
0.20522364419512074
0.20334026779940512
0.2014741755069022
0.19962520869811123
0.19779321020921217
0.1959780243187079
0.19417949673418733
0.19239747457920894
0.19063180638030855
0.1888823420541226
0.1871489328946303
0.18543143156051506
0.18372969206263967
0.18204356975163596
0.18037292130561158
0.17871760471796633
0.1770774792853206
0.1754524055955575
0.17384224551597158
0.17224686218152652
0.1706661199832237
0.16909988455657293
0.1675480227701733
0.16601040271439607
0.16448689369017142
0.16297736619788056
0.16148169192634734
0.15999974374193077
0.15853139567772045
0.15707652292282803
0.15563500181177775
0.15420670981399623
0.15279152552339634
0.15138932864805701
