0.09288484922196356
0.09374505091354714
0.09461321671800296
0.09548942030945297
0.09637373604226587
0.09726623895637437
0.09816700478427332
0.09907610995761312
0.09999363161227942
0.10091964759624121
0.10185423647531167
0.10279747754001706
0.10374945081200812
0.10471023705076428
0.10567991776073819
0.1066585751974547
0.10764629237501395
0.1086431530725624
0.10964924184176031
0.11066464401332304
0.11168944570432206
0.11272373382546952
0.11376759608831387
0.11482112101249638
0.11588439793291848
0.11695751700774126
0.11804056922520213
0.11913364641125497
0.12023684123811419
0.1213502472307799
0.12247395877523096
0.12360807112657005
0.1247526804163822
0.1259078836611105
0.12707377876987877
0.1282504645527429
0.12943804072875145
0.13063660793418944
0.13184626773090832
0.1330671226149029
0.1342992760242952
0.1355428323486885
0.13679789693676223
0.13806457610577635
0.13934297714987734
0.14063320834918663
0.14193537897860165
0.14324959931664227
0.14457598065481847
0.14591463530637705
0.14726567661605383
0.1486292189688992
0.1500053777997908
0.15139426960300287
0.15279601194151898
0.1542107234569159
0.15563852387888788
0.15707953403507383
0.1585338758608063
0.16000167240935692
0.1614830478615252
0.16297812753617974
0.16448703790013255
0.16600990657862855
0.1675468623656652
0.16909803523404554
0.17066355634691396
0.17224355806712327
0.1738381739688262
0.1754475388479401
0.1770717887333058
0.17871106089727948
0.18036549386673084
0.18203522743494327
0.1837204026720893
0.18542116193661212
0.1871376488873838
0.18887000849429023
0.19061838705029385
0.19238293218347569
0.19416379286800228
0.1959611194366565
0.19777506359283353
0.19960577842199448
0.20145341840457476
0.20331813942797736
0.20520009879862725
0.20709945525495027
0.20901636897939005
0.2109510016118564
0.21290351626132306
0.21487407751977852
0.2168628514745589
0.2188700057213662
0.22089570937782743
0.2229401330963501
0.22500344907738962
0.22708583108350525
0.22918745445199948
0.23130849610936507
0.23344913458442335
0.235609550022502
0.23778992419919442
0.2399904405344714
0.24221128410687104
0.2444526416675433
0.24671470165467746
0.2489976542079661
0.25130169118324597
0.25362700616679146
0.2559737944903796
0.2583422532459637
0.2607325813006419
0.26314497931167824
0.2655796497416266
0.26803679687360366
0.2705166268265957
0.2730193475708739
0.2755451689435781
0.27809430266420504
0.2806669623505963
0.28326336353449405
0.285883723677558
0.28852826218740985
0.2911972004338068
0.29389076176478995
0.296609171522821
0.29935265706155323
0.30212144776203076
0.304915775049387
0.307735872409473
0.31058197540573884
0.3134543216959267
0.31635315104930756
0.31927870536330577
0.3222312286811228
0.325210967208504
0.328218169331362
0.33125308563293815
0.3343159689114874
0.33740707419764043
0.3405266587721326
0.34367498218355264
0.3468523062660191
0.35005889515707744
0.353295015315711
0.3565609355403141
0.3598569269866009
0.36318326318612504
0.3665402200640975
0.3699280759578181
0.37334711163511536
0.3767976103126095
0.380279857674046
0.3837941418891106
0.387340753631792
0.3909199860988466
0.3945321350287155
0.39817749872005476
0.4018563780505077
0.40556907649528645
0.4093159001463052
0.41309715773071143
0.4169131606297787
0.42076422289785775
0.42465066128115625
0.4285727952366495
0.4325309469510181
0.43652544135945903
0.4405566061646628
0.4446247718556789
0.4487302717267701
0.45287344189623335
0.45705462132529207
0.4612741518368513
0.4655323781343707
0.46982964782049913
0.47416631141567067
0.4785427223770526
0.4829592371167659
0.48741621502047355
0.4919140184660409
0.49645301284155585
0.5010335665638527
0.505656051096452
0.5103208409678298
0.5150283137892062
0.5197788502723895
0.5245728342475308
0.5294106526806444
0.5342926956909784
0.5392193565682737
0.5441910317898194
0.5492081210373297
0.5542710272137117
0.5593801564594607
0.5645359181689947
0.5697387250066318
0.5749889929225278
0.580287141168093
0.5856335923114017
0.5910287722521474
0.5964731102363068
0.6019670388707133
0.6075109941369783
0.6131054154053823
0.618750745448126
0.6244474304525433
0.6301959200336226
0.6359966672462734
0.6418501285971279
0.6477567640559986
0.6537170370667577
0.6597314145576898
0.6658003669516648
0.6719243681753273
0.6781038956681196
0.6843394303905693
0.6906314568320966
0.6969804630180564
0.703386940516292
0.7098513844429776
0.7163742934678681
0.7229561698185863
0.7295975192845592
0.7362988512198667
0.7430606785454491
0.7498835177504659
0.756767888892882
0.7637143155990143
0.7707233250623168
0.7777954480412201
0.7849312188557848
0.7921311753837038
0.7993958590549539
0.8067258148454908
0.8141215912698245
0.8215837403724783
0.8291128177180467
0.8367093823803811
0.8443739969301415
0.852107227421232
0.8599096433758219
0.8677818177679802
0.8757243270057182
0.8837377509118921
0.8918226727030291
0.8999796789669849
0.9082093596388506
0.9165123079749833
0.9248891205254828
0.9333403971048079
0.9418667407603845
0.9504687577395381
0.9591470574542027
0.9679022524437276
0.9767349583355034
0.9856457938034767
0.994635380524331
1.0037043431314523
1.0128533091664862
1.0220829090284143
1.0313937759201355
1.040786545792474
1.050261857285465
1.0598203516669467
1.0694626727682248
1.0791894669169513
1.0890013828669287
1.098899071724791
1.1088831868736382
1.118954383893279
1.129113320477166
1.1393606563458842
1.1496970531571447
1.1601231744119702
1.1706396853573136
1.1812472528847484
1.1919465454250866
1.2027382328391905
1.2136229863043229
1.2246014781963412
1.2356743819675609
1.246842372019865
1.2581061235733655
1.2694663125301844
1.2809236153334014
1.2924787088208378
1.3041322700738598
1.3158849762607272
1.327737504474574
1.3396905315657854
1.351744733968676
1.363900787522288
1.3761593672851244
1.3885211473437706
1.4009868006151613
1.4135569986423677
1.4262324113836888
1.439013706995018
1.4519015516051286
1.4648966090838742
1.4779995408030029
1.4912110053895609
1.5045316584714914
1.517962152415414
1.5315031360563947
1.5451552544193916
1.5589191484323226
1.572795454630398
1.5867848048517847
1.600887825924055
1.6151051393414964
1.6294373609329504
1.643885100519968
1.65844896156511
1.6731295408100928
1.6879274279037568
1.7028432050192883
1.7178774464608797
1.7330307182592921
1.7483035777561695
1.76369657317699
1.7792102431922263
1.79484511646666
1.8106017111964536
1.8264805346338522
1.8424820825992414
1.8586068389802375
1.8748552752177197
1.8912278497783486
1.9077250076135728
1.9243471796046465
1.9410947819934918
1.9579682157992497
1.9749678662200576
1.9920941020200178
2.0093472749009975
2.0267277188589414
2.044235749524663
2.061871663488597
2.0796357376094856
2.0975282283066483
2.1155493708355966
2.1336993785467935
2.1519784421272607
2.1703867288249032
2.1889243816551813
2.20759151859006
2.226388231728884
2.2453145864510504
2.264370620550248
2.2835563433501136
2.302871734800921
2.3223167445574853
2.341891291037699
2.361595260461855
2.381428505872437
2.4013908461342894
2.4214820649150743
2.4417019096457944
2.4620500904614593
2.482526279121605
2.5031301079108013
2.5238611685189505
2.5447190109014106
2.5657031421189846
2.5868130251576478
2.608048077728196
2.629407671045842
2.6508911285897216
2.6724977248426325
2.694226684010927
2.7160771787249582
2.7380483287200197
2.7601391994982762
2.7823488009717727
2.8046760860868742
2.8271199494305557
2.8496792258187957
2.87235268886763
2.8951390495472555
2.918036954719702
2.941044985660701
2.9641616565662927
2.9873854130448927
3.010714630595493
3.0341476130728595
3.057682591140409
3.081317720711891
3.1050510813826073
3.128880674851363
3.1528044233341883
3.17682016797097
3.200925667226314
3.225118595285925
3.2493965404498395
3.2737570035241372
3.2981973962125433
3.3227150395097205
3.3473071620978567
3.371970898748504
3.39670328873153
3.4215012742332287
3.4463616987857386
3.4712813057099745
3.496256736574447
3.521284529672358
3.546361118519605
3.5714828303763086
3.5966458847946665
3.6218463921960176
3.647080352480206
3.672343653670268
3.6976320705958305
3.722941263618521
3.7482667774029705
3.7736040397369615
3.7989483604046232
3.8242949301164297
3.8496388195001416
3.874974978156786
3.9002982337859655
3.9256032913849515
3.9508847325260548
3.976137014716968
4.001354470848886
4.026531308737288
4.051661610760461
4.076739333600875
4.1017583080947295
4.126712239195028
4.151594706053627
4.176399162227943
4.2011189360179095
4.225747230938963
4.2502771263369725
4.274701578150939
4.299013419829536
4.323205363407451
4.347270000747676
4.371199804955787
4.3949871319724325
4.418624222350077
4.442103203220178
4.465416090456905
4.488554791043434
4.51151110564684
4.534276731407531
4.556843264949022
4.579202205613825
4.601344958930955
4.623262840320568
4.644947079040868
4.666388822382375
4.687579140114326
4.708509029187709
4.7291694186991675
4.749551175119707
4.769645107791725
4.78944197469754
4.808932488502188
4.8281073228727465
4.84695711907602
4.865472492855899
4.8836440415910545
4.90146235173318
4.918918006525219
4.936001593998473
4.95270371524666
4.969014992974344
4.984926080316326
5.000427669923748
5.015510503311867
5.030165380463504
5.0443831696812635
5.058154817680649
5.071471359915213
5.084323931123835
5.096703776089166
5.108602260595189
5.120010882570718
5.130921283404567
5.1413252594168535
5.151214773469903
5.160581966700825
5.169419170356811
5.177718917712889
5.185473956050748
5.1926772586759595
5.199322036949845
5.205401752310979
5.210910128260199
5.2158411622819205
5.220189137673393
5.223948635252559
5.227114544914159
5.229682077002816
5.231646773470927
5.233004518788462
5.233751550571008
5.2338844698918185
5.233400251243071
5.232296252111191
5.230570222130728
5.228220311781197
5.225245080591174
5.221643504814134
5.217414984540705
5.212559350212497
5.207076868503208
5.200968247533477
5.194234641386906
5.186877653895779
5.178899341666302
5.17030221631472
5.161089245887336
5.151263855439343
5.1408299267495146
5.129791797150007
5.118154257453074
5.105922548959135
5.093102359533502
5.079699818742064
5.065721492039519
5.051174374007023
5.036065880639687
5.020403840688003
5.004196486061045
4.987452441303172
4.97018071215992
4.952390673252842
4.934092054887027
4.915294929019267
4.89600969441882
4.876247061056824
4.856018033764414
4.835333895203525
4.814206188198162
4.792646697477548
4.770667430886125
4.748280600118577
4.7254986010411475
4.702333993663313
4.678799481826351
4.654907892677491
4.630672156000252
4.606105283472955
4.5812203479284905
4.556030462689106
4.5305487610501975
4.504788375986873
4.478762420156392
4.452483966268505
4.425966027894097
4.399221540780456
4.372263344739117
4.345104166169144
4.317756601275375
4.290233100037411
4.262545950980872
4.234707266797875
4.206728970858869
4.178622784652689
4.1504002161862665
4.122072549369732
4.093650834406824
4.0651458792045
4.036568241809558
4.007928223874059
3.9792358651451973
3.9505009389692707
3.9217329487935975
3.892941125644492
3.8641344265539126
3.8353215339023277
3.806510855640375
3.777710526347451
3.7489284090812562
3.720172097968694
3.691448921485305
3.6627659463677076
3.6341299821013924
3.6055475859244783
3.5770250682869205
3.548568498704101
3.5201837119435937
3.4918763144843417
3.4636516911884754
3.435515012127359
3.4074712395053623
3.3795251346271136
3.351681264856767
3.32394401052076
3.2963175717089355
3.2688059749325573
3.241413079601569
3.2141425842874356
3.1869980327421805
3.1599828196483846
3.1331001960792104
3.1063532746519043
3.0797450343623334
3.0532783250924096
3.026955871786151
3.000780278294163
2.9747540308898786
2.948879501464406
2.9231589504101056
2.897594529205894
2.872188282719966
2.8469421512480344
2.821857972307206
2.7969374822073148
2.772182317423057
2.747594015791237
2.7231740175582924
2.6989236663036436
2.674844209764629
2.6509368005885614
2.6272024970370027
2.6036422636666843
2.5802569720104813
2.5570474012806317
2.5340142391150304
2.511158082385771
2.4884794380873214
2.465978724319855
2.4436562713811694
2.4215123229785487
2.3995470375696804
2.3777604898396083
2.35615267231841
2.334723497142082
2.3134727979570204
2.2924003319663444
2.2715057821142945
2.250788759403155
2.230248805335307
2.209885394471465
2.1896979370947784
2.169685781969164
2.1498482191792236
2.1301844830382834
2.110693755050382
2.091375166911647
2.072227803536209
2.0532507060918106
2.0344428750303774
2.0158032730991207
1.997330828318302
1.9790244369123737
1.960882966181991
1.9429052573053462
1.925090128058219
1.907436375443239
1.889942778220024
1.8726080993290193
1.8554310882030998
1.83841048296217
1.8215450124872794
1.8048333983718767
1.7882743567489758
1.7718665999941172
1.7556088383049737
1.7394997811593766
1.7235381386544162
1.7077226227299918
1.692051948280812
1.676524834161475
1.661140004089629
1.6458961874526414
1.63079212002341
1.6158265445911855
1.6009982115133248
1.5863058791939129
1.571748314495165
1.5573242930873854
1.5430325997430638
1.5288720285805422
1.514841383262364
1.5009394771531654
1.4871651334416784
1.473517185231066
1.4599944756015169
1.4465958576486617
1.433320194501097
1.4201663593199472
1.4071332352830959
1.3942197155564595
1.3814247032543692
1.3687471113908707
1.3561858628235617
1.3437398901913251
1.3314081358471332
1.3191895517869507
1.3070830995755787
1.2950877502701648
1.2832024843419665
1.2714262915968804
1.2597581710951413
1.248197131070509
1.2367421888492318
1.2253923707689964
1.2141467120980203
1.2030042569544421
1.1919640582261075
1.1810251774908178
1.1701866849371205
1.1594476592856782
1.1488071877112511
1.138264365765309
1.1278182972992994
1.1174680943885817
1.1072128772570184
1.0970517742022465
1.0869839215216168
1.0770084634387973
1.0671245520310495
1.0573313471571673
1.0476280163860658
1.0380137349260308
1.0284876855546132
1.0190490585491696
1.0096970516180304
1.000430869832308
0.9912497255583302
0.9821528383906859
0.973139435085893
0.964208749496673
0.9553600225068251
0.9465925019667019
0.9379054426292786
0.9292981060868011
0.9207697607080247
0.9123196815760255
0.9039471504265774
0.8956514555871027
0.8874318919161776
0.8792877607435972
0.8712183698109838
0.8632230332129464
0.8553010713387804
0.8474518108146958
0.8396745844465813
0.8319687311632954
0.82433359596047
0.8167685298448366
0.8092728897790632
0.8018460386270918
0.7944873450999835
0.7871961837022577
0.7799719346787266
0.7728139839618113
0.7657217231193483
0.7586945493028734
0.7517318651963752
0.7448330789655254
0.7379976042073735
0.731224859900498
0.7245142703556224
0.7178652651666814
0.7112772791623324
0.704749752357919
0.6982821299078696
0.6918738620585374
0.6855244041014678
0.6792332163270992
0.672999763978889
0.6668235172078553
0.6607039510275409
0.654640545269391
0.6486327845385348
0.642680158169978
0.6367821601851983
0.6309382892491319
0.6251480486275635
0.6194109461449011
0.6137264941423438
0.6080942094364261
0.6025136132779493
0.5969842313112884
0.5915055935340692
0.5860772342572177
0.5806986920653797
0.5753695097776949
0.5700892344089392
0.5648574171310214
0.5596736132348296
0.5545373820924323
0.5494482871196238
0.5444058957388164
0.5394097793422672
0.5344595132556486
0.5295546767019511
0.5246948527657144
0.5198796283575907
0.5151085941792332
0.5103813446885023
0.5056974780649957
0.5010565961758947
0.49645830454212
0.4919022123048018
0.48738793219205645
0.4829150804860691
0.47848327699047516
0.4740921449980439
0.4697413112586602
0.4654304059475946
0.46115906263406964
0.4569269182501142
0.45273361305969934
0.4485787906281622
0.44446209779190976
0.44038318462839743
0.43634170442638615
0.43233731365647293
0.42836967194188835
0.4244384420295657
0.4205432897614734
0.41668388404621276
0.41285989683087254
0.4090710030731457
0.40531688071370114
0.4015972106488064
0.39791167670320476
0.39425996560324084
0.39064176695023023
0.38705677319407605
0.3835046796071284
0.37998518425827993
0.37649798798730244
0.3730427943794181
0.3696193097401047
0.3662272430701294
0.36286630604081466
0.35953621296953114
0.35623668079541226
0.3529674290552947
0.3497281798598801
0.3465186578701118
0.3433385902737722
0.34018770676229426
0.33706573950778285
0.3339724231402509
0.3309074947250617
0.32787069374058075
0.32486176205602907
0.32188044390954307
0.3189264858864351
0.31599963689765137
0.31309964815843044
0.3102262731671563
0.3073792676844046
0.3045583897121826
0.3017633994733597
0.298994059391285
0.29625013406959405
0.29353139027219916
0.2908375969034654
0.2881685249885656
0.2855239476540181
0.2829036401084032
0.28030737962325386
0.2777349455141246
0.2751861191218338
0.27266068379387604
0.270158424866007
0.26767912964399765
0.2652225873855536
0.26278858928240345
0.2603769284425476
0.25798739987267494
0.2556198004607369
0.2532739289586815
0.2509495859653498
0.248646573909525
0.2463646970331378
0.2441037613746296
0.2418635747524621
0.23964394674878484
0.2374446886932482
0.2352656136469649
0.23310653638662274
0.2309672733887389
0.22884764281405925
0.22674746449210448
0.22466655990585374
0.22260475217656983
0.2205618660487664
0.21853772787531012
0.21653216560265914
0.2145450087562409
0.2125760884259604
0.2106252372518415
0.20869228940980358
0.20677708059756505
0.20487944802067654
0.20299923037868534
0.20113626785142374
0.19929040208542292
0.1974614761804551
0.1956493346761956
0.19385382353900776
0.19207479014885223
0.19031208328631138
0.188565553119738
0.1868350511925183
0.18512043041045215
0.18342154502925176
0.18173825064215243
0.1800704041676368
0.17841786383727481
0.17678048918367215
0.1751581410285296
0.17355068147081454
0.1719579738750384
0.1703798828596415
0.1688162742854874
0.16726701524446003
0.16573197404816542
0.16421102021673992
0.16270402446775847
0.16121085870524446
0.1597313960087833
0.15826551062273309
0.15681307794553467
0.15537397451912183
0.15394807801842644
0.15253526724098004
0.15113542209661335
0.14974842359724624
0.14837415384677574
0.14701249603105374
0.14566333440795695
0.14432655429755045
0.14300204207233883
0.14168968514760696
0.14038937197185192
0.13910099201730008
0.13782443577051143
0.13655959472307244
0.13530636136237184
0.1340646291624613
0.13283429257500223
0.13161524702029298
0.13040738887837916
0.12921061548024707
0.12802482509909605
0.1268499169416909
0.12568579113979586
0.12453234874168488
0.12338949170373016
0.1222571228820694
0.12113514602434813
0.12002346576153733
0.11892198759982835
0.11783061791260016
0.11674926393246042
0.1156778337433616
0.11461623627278641
0.11356438128400796
0.11252217936841899
0.11148954193793134
0.11046638121744727
0.10945261023739773
0.1084481428263494
0.10745289360368117
0.106466777972326
0.10548971211157983
0.10452161296997754
0.10356239825823324
0.10261198644224477
0.10167029673616455
0.10073724909553206
0.0998127642104695
0.09889676349894136
0.09798916910007449
0.09708990386753918
0.09619889136299284
0.09531605584958204
0.09444132228550432
0.09357461631763067
0.09271586427518484
0.0918649931634808
0.09102193065771931
0.0901866050968389
0.08935894547742576
0.08853888144767791
0.08772634330142476
0.08692126197220296
0.08612356902738524
0.08533319666236308
0.08455007769478425
0.08377414555884162
0.0830053342996148
0.08224357856746466
0.08148881361247805
0.08074097527896375
