0.07324290587016333
0.0739212140625757
0.07460580258677664
0.07529672954859466
0.07599405358975815
0.07669783389331891
0.07740813018866236
0.0781250027568288
0.07884851243442759
0.0795787206201875
0.08031568927898587
0.08105948094747562
0.08181015873956886
0.08256778635110264
0.08333242806579268
0.08410414876009917
0.0848830139089344
0.08566908959119345
0.0864624424951403
0.08726313992360311
0.0880712498006333
0.08888684067611399
0.08970998173187027
0.09054074278769367
0.0913791943067281
0.09222540740161177
0.09307945384035948
0.09394140605242587
0.09481133713426221
0.09568932085617353
0.09657543166790675
0.09746974470485853
0.09837233579447077
0.09928328146273786
0.1002026589400427
0.10113054616810066
0.10206702180590023
0.10301216523659823
0.10396605657430365
0.10492877667000944
0.10590040711880859
0.10688103026678661
0.10787072921724006
0.1088695878381666
0.10987769076880602
0.11089512342662945
0.11192197201479362
0.11295832352892388
0.11400426576399472
0.11505988732236054
0.116125277620381
0.117200526896099
0.11828572621645564
0.1193809674849753
0.12048634344927796
0.12160194770861889
0.12272787472164132
0.12386421981404258
0.12501107918644344
0.1261685499223681
0.12733672999589132
0.12851571828010758
0.12970561455468244
0.13090651951440188
0.13211853477734195
0.13334176289279284
0.1345763073501756
0.13582227258712606
0.13707976399799338
0.13834888794235964
0.1396297517539559
0.14092246374907755
0.14222713323553915
0.1435438705214544
0.14487278692416747
0.14621399477923325
0.14756760744952727
0.14893373933442924
0.15031250587897912
0.15170402358308563
0.15310841001107073
0.1545257838011365
0.15595626467466228
0.15739997344598905
0.15885703203206877
0.16032756346209065
0.16181169188758704
0.1633095425918926
0.16482124200066883
0.16634691769156448
0.16788669840455087
0.16944071405205285
0.1710090957292778
0.17259197572462295
0.17418948753012098
0.17580176585203544
0.17742894662126615
0.1790711670043727
0.18072856541420254
0.18240128152067517
0.1840894562618129
0.18579323185488517
0.18751275180723245
0.18924816092780658
0.19099960533813973
0.19276723248390745
0.19455119114629432
0.19635163145354734
0.19816870489258515
0.2000025643206334
0.2018533639769843
0.20372125949493988
0.2056064079139267
0.20750896769101682
0.20942909871350202
0.21136696231090982
0.2133227212673113
0.21529653983367858
0.2172885837402144
0.21929902020905773
0.22132801796688042
0.22337574725736148
0.2254423798542466
0.2275280890741026
0.22963304978903898
0.23175743844021532
0.23390143305041136
0.23606521323761262
0.23824896022801112
0.24045285686958437
0.2426770876453422
0.24492183868696527
0.2471872977882393
0.24947365441892824
0.25178109973831164
0.254109826609151
0.25646002961164804
0.2588319050571124
0.2612256510024222
0.26364146726383264
0.2660795554313347
0.2685401188829545
0.27102336279890826
0.273529494176312
0.27605872184339725
0.27861125647421975
0.28118731060331126
0.28378709864018037
0.2864108368843848
0.28905874353997807
0.2917310387307095
0.2944279445147871
0.29714968489999216
0.2998964858586222
0.3026685753427148
0.3054661832992508
0.308289541685153
0.3111388844828716
0.3140144477154676
0.3169164694621024
0.3198451898734782
0.3228008511871453
0.3257836977431693
0.32879397599958954
0.3318319345479397
0.33489782412890157
0.3379918976479654
0.3411144101910493
0.3442656190401301
0.3474457836890157
0.3506551658589958
0.35389402951461557
0.3571626408793933
0.36046126845155063
0.36379018301976246
0.36714965767895974
0.37053996784592114
0.37396139127509526
0.3774142080743924
0.38089870072066123
0.3844151540755161
0.3879638554009918
0.39154509437502916
0.3951591631071068
0.3988063561538068
0.4024869705341694
0.40620130574525143
0.40994966377733016
0.41373234912933027
0.4175496688239336
0.4214019324227168
0.4252894520412488
0.42921254236404816
0.43317152065932935
0.4371667067937995
0.4411984232472933
0.4452669951272631
0.4493727501830823
0.45351601882035525
0.4576971341148779
0.4619164318265728
0.46617425041331956
0.47047093104436705
0.4748068176138458
0.4791822567537817
0.48359759784716516
0.4880531930406511
0.4925493972570352
0.49708656820761643
0.5016650664040269
0.5062852551701268
0.5109475006533515
0.5156521718359526
0.5203996405457921
0.5251902814668695
0.5300244721495302
0.5349025930203166
0.5398250273914592
0.5447921614698351
0.549804384365881
0.5548620881016763
0.5599656676189015
0.5651155207861834
0.5703120484060623
0.5755556542213285
0.5808467449211401
0.5861857301462545
0.5915730224939784
0.5970090375224443
0.602494193754326
0.6080289126799122
0.6136136187595767
0.619248739425608
0.6249347050832541
0.6306719491112579
0.6364609078613931
0.6423020206575366
0.6481957297937099
0.6541424805314074
0.660142721096148
0.666196902673018
0.672305479401425
0.6784689083688822
0.6846876496037616
0.6909621660672176
0.6972929236438898
0.7036803911316676
0.7101250402303129
0.7166273455289369
0.7231877844923366
0.7298068374461091
0.7364849875604135
0.7432227208326435
0.7500205260686628
0.7568788948624894
0.7637983215749323
0.7707793033104519
0.7778223398925935
0.7849279338379593
0.7920965903284443
0.7993288171819183
0.8066251248210996
0.8139860262407609
0.8214120369730654
0.8289036750511025
0.836461460970382
0.8440859176484444
0.8517775703824045
0.8595369468043953
0.8673645768348112
0.8752609926333982
0.8832267285479323
0.8912623210606734
0.8993683087322858
0.9075452321432963
0.9157936338330132
0.9241140582357313
0.9325070516142493
0.940973161990611
0.9495129390739436
0.9581269341853225
0.9668157001796198
0.9755797913642227
0.9844197634145475
0.9933361732862013
1.0023295791238203
1.0114005401663702
1.0205496166488959
1.0297773697005699
1.0390843612390062
1.048471153860577
1.057938310726991
1.0674863954474505
1.0771159719569088
1.0868276043898444
1.0966218569497077
1.1064992937737512
1.116460478793299
1.1265059755891587
1.1366363472422014
1.14685215617886
1.1571539640115795
1.1675423313738629
1.1780178177500062
1.1885809812992538
1.1992323786742503
1.20997256483372
1.2208020928491141
1.231721513705269
1.2427313760945906
1.2538322262050812
1.265024607501648
1.2763090605007243
1.2876861225380043
1.2991563275292128
1.3107202057235636
1.3223782834499445
1.3341310828555109
1.3459791216366102
1.3579229127617707
1.3699629641867224
1.382099778561062
1.3943338529266347
1.4066656784072074
1.4190957398893913
1.4316245156946272
1.4442524772419403
1.4569800887013826
1.4698078066379288
1.4827360796455828
1.4957653479715391
1.508896043130283
1.5221285875072328
1.5354633939518831
1.5489008653601704
1.5624413942459292
1.5760853623010995
1.5898331399446186
1.603685085859688
1.6176415465192895
1.6317028556996434
1.6458693339814714
1.6601412882388744
1.6745190111154888
1.6890027804878955
1.7035928589159075
1.7182894930796213
1.7330929132030202
1.7480033324638797
1.7630209463898057
1.778145932240235
1.7933784483741309
1.8087186336032082
1.824166606530578
1.8397224648744552
1.8553862847769538
1.8711581200975769
1.8870380016914385
1.9030259366718951
1.9191219076575199
1.9353258720032045
1.9516377610153344
1.96805747915077
1.9845849031996794
2.0012198814519033
2.0179622328469704
2.0348117461074633
2.0517681788558266
2.0688312567143923
2.086000672388729
2.1032760847340985
2.12065711780519
2.1381433598889523
2.1557343625206355
2.1734296394830666
2.1912286657891586
2.209130876647748
2.2271356664129165
2.2452423875167797
2.263450349386042
2.281758817342361
2.3001670114867725
2.318674105568413
2.337279225837752
2.355981449884673
2.3747798054616718
2.393673269292557
2.4126607658670784
2.431741166221823
2.4509132867079435
2.4701758877461866
2.489527672569768
2.5089672859557512
2.528493312945495
2.5481042775549505
2.5677986414755303
2.5875748027663135
2.6074310945385095
2.6273657836330555
2.6473770692923386
2.667463081827088
2.687621881279501
2.707851456083853
2.7281497217257056
2.748514519401144
2.76894361467734
2.78943469615593
2.809985374140725
2.8305931793113714
2.8512555614046535
2.8719698879052165
2.8927334427475477
2.9135434250312047
2.9343969477513023
2.955291036546392
2.976222628465963
2.9971885707598913
3.0181856196922463
3.0392104393819803
3.0602596006731004
3.081329580037068
3.1024167585102504
3.1235174206693137
3.1446277536476535
3.165743846195932
3.1868616877900546
3.2079771677898474
3.229086074651981
3.250184095200669
3.2712668139598122
3.2923297125504054
3.3133681691570676
3.334377458067708
3.355352749290406
3.376289108251723
3.3971814955807287
3.4180247669831245
3.4388136732099586
3.4595428601254983
3.480206868878904
3.50080013618444
3.5213169947150216
3.5417516736139762
3.562098299129937
3.5823508953798435
3.602503385245111
3.622549591405976
3.6424832375191314
3.6622979495437904
3.681987257221201
3.7015445957127793
3.7209633074019375
3.740236643864585
3.759357768013397
3.778319756420688
3.797115601824826
3.815738215824871
3.8341804317681154
3.8524350078350436
3.8704946303260046
3.8883519171538325
3.905999421546351
3.923429635962539
3.9406349962258234
3.957607885877822
3.97434064075539
3.9908255537936435
4.007054880057216
4.023020842001682
4.038715634966565
4.054131432901047
4.0692603943229555
4.084094668511098
4.098626401930537
4.1128477448898
4.126750858428457
4.140327921432831
4.153571137977032
4.16647274488574
4.1790250195144925
4.191220287742488
4.2030509321721174
4.214509400528658
4.225588214252694
4.23627997727705
4.246577384979014
4.256473233297856
4.265960428006619
4.275031994126277
4.2836810854693335
4.291900994299029
4.299685161089269
4.307027184369434
4.313920830637224
4.320360044321675
4.326338957777534
4.331851901291139
4.336893413077033
4.341458249243568
4.3455413937048135
4.349138068015224
4.35224374110264
4.354854138874381
4.356965253670427
4.358573353536962
4.3596749912929464
4.360267013361725
4.360346568339272
4.359911115270156
4.358958431602083
4.357486620789547
4.3554941195170604
4.352979704512403
4.349942498920423
4.346381978208172
4.3422979755725235
4.337690686821906
4.332560674704457
4.326908872655673
4.320736587939602
4.314045504158714
4.306837683108865
4.299115565957174
4.290881973722259
4.282140107038008
4.27289354518398
4.263146244367616
4.252902535245691
4.242167119674807
4.230945066683266
4.219241807659379
4.207063130754033
4.194415174498307
4.181304420639958
4.16773768620577
4.153722114799952
4.139265167152105
4.124374610931621
4.109058509848751
4.093325212065986
4.077183337946797
4.0606417671721236
4.043709625258311
4.02639626951345
4.008711274472196
3.990664416852117
3.972265660077542
3.953525138419511
3.9344531408029253
3.915060094334241
3.8953565476050698
3.87535315382879
3.855060653868642
3.834489859217021
3.8136516349863863
3.7925568829726295
3.7712165248519525
3.7496414855718667
3.7278426769963144
3.705830981863885
3.6836172381165935
3.661212223654833
3.6386266415719777
3.6158711059194224
3.5929561280499347
3.5698921035838604
3.546689300039144
3.5233578451621326
3.4999077159919416
3.47634872868675
3.452690529135687
3.428942584375125
3.4051141748232983
3.381214387342029
3.3572521091292606
3.333236022441009
3.3091746001362345
3.285076102033163
3.2609485720607263
3.236799836184134
3.2126375010791186
3.1884689535251702
3.1643013604842576
3.140141669827907
3.115996611672342
3.0918727002786293
3.0677762364723837
3.0437133105356406
3.01968980552212
2.995711400946017
2.971783576794002
2.947911617810006
2.9241006180028406
2.900355485327508
2.8766809464923853
2.8530815518461874
2.8295616803007224
2.806125544247854
2.782777194431968
2.7595205247422334
2.736359276892241
2.713297044958224
2.690337279750595
2.6674832929974275
2.6447382613222525
2.6221052300025214
2.5995871164988067
2.5771867137486444
2.5549066932225926
2.5327496077435363
2.51071789407362
2.488813875276299
2.4670397628638505
2.4453976587432233
2.4238895569754715
2.402517345365906
2.381282806903813
2.360187621071831
2.3392333650461454
2.3184215148092298
2.297753446197174
2.2772304359037
2.2568536624625595
2.2366242072294185
2.216543055383477
2.1966110969678914
2.1768291279866814
2.1571978515742902
2.1377178792521563
2.1183897322848257
2.0992138431460545
2.08019055710338
2.061320133927413
2.042602749729982
2.0240384989331677
2.00562739636911
1.9873693795084593
1.9692643108134469
1.951311980209683
1.9335121076691284
1.9158643458951958
1.8983682830995539
1.8810234458590382
1.8638293020401604
1.8467852637778654
1.8298906904946943
1.8131448919460766
1.796547131277393
1.7800966280784332
1.7637925614210854
1.7476340728665452
1.7316202694288327
1.7157502264821107
1.7000229906001687
1.6844375823173299
1.6689929988010788
1.6536882164278333
1.6385221932544087
1.6234938713789273
1.608602179186102
1.593846033473058
1.579224341452994
1.564736002635124
1.5503799105804488
1.5361549545339106
1.522060020934412
1.508093994805089
1.4942557610269704
1.4805442054998166
1.466958216194582
1.4534966841023502
1.4401585040850455
1.4269425756334644
1.4138478035384288
1.4008730984809432
1.3880173775472826
1.3752795646749307
1.3626585910351745
1.3501533953579878
1.3377629242046958
1.3254861321936091
1.313321982183576
1.3012694454201084
1.2893275016484098
1.2774951391973242
1.265771355037876
1.254155154819786
1.2426455528889946
1.2312415722889172
1.2199422447478978
1.20874661065501
1.1976537190261005
1.186662627461765
1.1757724020986802
1.1649821175555342
1.1542908568746377
1.1436977114601012
1.1332017810133526
1.1228021734666191
1.1124980049149198
1.1022883995469968
1.092172489575534
1.0821494151669688
1.0722183243711239
1.0623783730508316
1.0526287248117205
1.0429685509322644
1.033397030294177
1.023913349313238
1.014516701870584
1.0052062892445162
0.9959813200428352
0.9868410101357381
0.9777845825892859
0.96881126759944
0.9599203024266866
0.9511109313312435
0.9423824055088434
0.9337339830271055
0.925164928762484
0.9166745143377855
0.908262018060264
0.8999267248602791
0.891667926230519
0.8834849201657742
0.8753770111032682
0.8673435098635383
0.8593837335918498
0.8514970057001562
0.8436826558095888
0.8359400196934719
0.8282684392208641
0.8206672623006186
0.813135842825951
0.8056735406195217
0.7982797213790223
0.7909537566232552
0.7836950236387148
0.7765029054266553
0.7693767906506475
0.7623160735846108
0.755320154061328
0.7483884374214329
0.7415203344628588
0.7347152613907586
0.7279726397678835
0.7212918964654113
0.7146724636142321
0.7081137785566803
0.7016152837987053
0.6951764269624856
0.6887966607394755
0.6824754428438857
0.676212235966585
0.6700065077294297
0.6638577306400142
0.6577653820468283
0.6517289440948347
0.6457479036814517
0.6398217524129357
0.6339499865611696
0.6281321070208462
0.6223676192670409
0.6166560333131792
0.6109968636693859
0.6053896293012202
0.5998338535887843
0.5943290642862118
0.5888747934815279
0.5834705775568734
0.5781159571490982
0.5728104771107171
0.567553686471218
0.5623451383987308
0.5571843901620485
0.5520710030929904
0.547004542549118
0.5419845778767884
0.5370106823745509
0.5320824332568729
0.5271994116182056
0.5223612023973774
0.5175673943423105
0.5128175799750655
0.5081113555572072
0.503448321055483
0.4988280801078218
0.4942502399896438
0.48971441158047585
0.4852202093308783
0.4807672512296708
0.47635515877146434
0.4719835569244838
0.46765207409869247
0.46336034211420724
0.4591079961700001
0.45489467481289186
0.45072001990682903
0.44658367660243947
0.4424852933068712
0.4384245216539079
0.434401016474355
0.4304144357667016
0.4264644406680494
0.4225506954253105
0.41867286736666576
0.4148306268732884
0.4110236473513277
0.4072516052041453
0.4035141798048109
0.39981105346884993
0.3961419114272369
0.3925064417996419
0.38890433556792103
0.3853352865498477
0.38179899137308787
0.37829514944941384
0.3748234629491523
0.37138363677587
0.36797537854128926
0.3645983985404362
0.36125240972701345
0.3579371276890025
0.3546522706244885
0.35139755931770555
0.3481727171153042
0.34497746990283573
0.3418115460814515
0.33867467654481653
0.3355665946562374
0.33248703622599496
0.32943573948888966
0.32641244508199085
0.3234168960225916
0.32044883768636323
0.3175080177857128
0.31459418634833974
0.31170709569598576
0.30884650042338285
0.30601215737739507
0.30320382563634785
0.3004212664895507
0.2976642434170075
0.29493252206931
0.2922258702477195
0.289544057884429
0.28688685702300815
0.2842540417990254
0.2816453884208502
0.2790606751506307
0.27649968228544497
0.27396219213862666
0.27144798902126177
0.26895685922385404
0.26648859099815975
0.26404297453918973
0.26161980196737433
0.2592188673108948
0.25683996648817425
0.2544828972905322
0.2521474593649949
0.24983345419726585
0.24754068509485277
0.24526895717034713
0.24301807732485903
0.2407878542316046
0.23857809831964152
0.23638862175775613
0.23421923843849796
0.2320697639623594
0.22994001562210303
0.22782981238722916
0.22573897488859057
0.2236673254031448
0.2216146878388463
0.21958088771968104
0.21756575217083438
0.21556910990399558
0.21359079120280092
0.21163062790840434
0.20968845340518674
0.20776410260659217
0.2058574119410943
0.2039682193382949
0.20209636421514654
0.20024168746230184
0.19840403143059143
0.19658323991762203
0.1947791581544986
0.1929916327926706
0.19122051189089634
0.18946564490232676
0.1877268826617108
0.18600407737271535
0.18429708259536132
0.18260575323357814
0.18092994552286942
0.17926951701809196
0.17762432658134966
0.17599423436999578
0.17437910182474506
0.1727787916578982
0.17119316784167116
0.1696220955966318
0.1680654413802457
0.16652307287552245
0.16499485897977073
0.16348066979345352
0.16198037660914563
0.16049385190059529
0.15902096931188336
0.1575616036466822
0.15611563085761546
0.15468292803571312
0.1532633733999634
0.15185684628696272
0.1504632271406586
0.14908239750218633
0.1477142399998015
0.14635863833890253
0.14501547729214476
0.14368464268964742
0.14236602140928867
0.1410595013670889
0.13976497150768538
0.13848232179489145
0.13721144320234285
0.1359522277042316
0.13470456826612315
0.13346835883585753
0.1322434943345367
0.13102987064759047
0.12982738461592877
0.12863593402717202
0.12745541760696233
0.12628573501035664
0.12512678681329648
0.1239784745041561
0.12284070047537043
0.12171336801513757
0.1205963812991975
0.11948964538268839
0.11839306619207536
0.11730655051715365
0.11623000600312695
0.11516334114275636
0.11410646526858176
0.11305928854521619
0.11202172196170904
0.11099367732397954
0.10997506724732138
0.10896580514897428
0.10796580524076389
0.10697498252181073
0.10599325277130461
0.10502053254134516
0.10405673914984981
0.10310179067352514
0.10215560594090287
0.1012181045254414
0.10028920673868812
0.09936883362350697
0.09845690694736661
0.09755334919568992
0.09665808356526637
0.09577103395772302
0.09489212497305573
0.09402128190322102
0.09315843072578525
0.09230349809763234
0.09145641134873035
0.09061709847595409
0.08978548813696417
0.08896150964414398
0.08814509295859055
0.08733616868416082
0.08653466806157369
0.08574052296256518
0.08495366588409678
0.08417402994261873
0.08340154886838429
0.08263615699981629
0.08187778927792684
0.08112638124078674
0.0803818690180457
0.07964418932550439
0.07891327945973403
0.07818907729274754
0.07747152126671816
0.07676055038874666
0.07605610422567759
0.07535812289896208
0.0746665470795677
0.07398131798293621
0.07330237736398641
0.07262966751216296
0.07196313124653157
0.07130271191091829
0.07064835336909328
