0.2595872287308508
0.2619910464241677
0.264417113907511
0.266865636846948
0.26933682280191396
0.2718308812421352
0.2743480235650096
0.2768884631139033
0.27945241519449426
0.28204009709302813
0.2846517280958659
0.2872875295052394
0.2899477246587512
0.29263253894684027
0.29534219983455273
0.2980769368757141
0.30083698173466017
0.30362256820513717
0.30643393222906756
0.30927131191559026
0.3121349475620805
0.3150250816714132
0.31794195897536665
0.3208858264505025
0.32385693334316284
0.32685553118517324
0.3298818738182429
0.33293621741217255
0.33601882048748405
0.3391299439354522
0.3422698510404669
0.3454388075003651
0.3486370814486044
0.3518649434764997
0.35512266665477926
0.3584105265562071
0.36172880127718887
0.3650777714613612
0.36845772032167395
0.371868933663682
0.3753116999083815
0.3787863101159671
0.3822930580093678
0.3858322399973301
0.3894041551990884
0.3930091054678111
0.3966473954156706
0.4003193324380012
0.4040252267379434
0.4077653913508398
0.4115401421703792
0.41534979797312477
0.41919468044456615
0.42307511420447713
0.42699142683255326
0.430943948895535
0.4349330139718458
0.43895895868046203
0.4430221227053504
0.44712284882372055
0.45126148293308277
0.4554383740778102
0.4596538744779573
0.463908339555836
0.4682021279651194
0.4725356016181157
0.47690912571461375
0.4813230687706551
0.4857778026466487
0.4902737025782392
0.4948111472026398
0.4993905185913995
0.5040122022775405
0.5086765872874376
0.5133840661690156
0.5181350350238233
0.5229298935371296
0.5277690450078522
0.5326528963806791
0.537581858277002
0.5425563450261852
0.5475767746975697
0.5526435691315725
0.557757153972825
0.5629179587021677
0.5681264166690932
0.573382965124096
0.578688045252734
0.5840421022079317
0.589445585143564
0.5948989472484878
0.6004026457800875
0.605957142098059
0.6115629016996335
0.6172203942532998
0.6229300936337068
0.6286924779567018
0.6345080296138895
0.6403772353093088
0.6463005860936291
0.6522785774007943
0.6583117090832626
0.6644004854489317
0.670545415297108
0.6767470119552793
0.6830057933155522
0.6893222818719058
0.6956970047573159
0.7021304937813282
0.7086232854672997
0.7151759210899921
0.72178894671415
0.728462913232238
0.7351983764020765
0.7419958968866712
0.7488560402917754
0.755779377205024
0.7627664832349388
0.7698179390501279
0.7769343304183339
0.7841162482461611
0.7913642886181547
0.7986790528374589
0.8060611474646213
0.8135111843583601
0.8210297807154009
0.8286175591106724
0.8362751475378943
0.8440031794497143
0.8518022937988206
0.8596731350780659
0.8676163533618169
0.8756326043462093
0.8837225493906211
0.8918868555580678
0.9001261956573939
0.9084412482829215
0.9168326978568048
0.925301234669768
0.9338475549223463
0.9424723607660102
0.9511763603448962
0.9599602678365519
0.9688248034935777
0.9777706936845161
0.9867986709352574
0.9959094739701224
1.0051038477530887
1.0143825435285818
1.0237463188620444
1.033195937681986
1.0427321703191825
1.0523557935485588
1.0620675906285344
1.0718683513423273
1.0817588720370632
1.0917399556647194
1.1018124118210564
1.1119770567851608
1.1222347135593915
1.1325862119074195
1.1430323883937727
1.1535740864215247
1.164212156270855
1.174947455136666
1.1857808471656814
1.1967132034938006
1.207745402282404
1.2188783287547318
1.2301128752311437
1.2414499411646107
1.252890433175328
1.2644352650847437
1.276085357949094
1.2878416400922186
1.2997050471384886
1.3116765220435012
1.3237570151256435
1.335947484096276
1.348248894088922
1.3606622176881258
1.373188434957445
1.3858285334658642
1.3985835083143345
1.4114543621606652
1.4244421052435732
1.4375477554060803
1.450772338116828
1.4641168864917415
1.477582441313098
1.4911700510484727
1.5048807718676926
1.5187156676588813
1.5326758100426843
1.546762278385951
1.5609761598131227
1.5753185492161437
1.58979054926328
1.6043932704060224
1.619127830884071
1.633995356729163
1.6489969817660208
1.6641338476125953
1.6794071036776093
1.6948179071562346
1.710367423023572
1.726056824026094
1.7418872906709342
1.7578600112123828
1.7739761816364137
1.790237005642496
1.8066436946229305
1.8231974676394065
1.8398995513966843
1.8567511802138374
1.8737535959920022
1.8909080481794762
1.9082157937336361
1.9256780970792389
1.9432962300639471
1.961071471909676
1.9790051091612284
1.9970984356303731
2.0153527523367702
2.0337693674445254
2.0523495961951044
2.071094760835509
2.0900061905429133
2.1090852213441265
2.1283331960308516
2.1477514640703834
2.167341381510855
2.1871043108821353
2.207041621091385
2.2271546873128316
2.2474448908728704
2.267913619128859
2.288562265342578
2.309392228547322
2.3304049134093883
2.351601730082416
2.372984094056268
2.394553425998217
2.416311151588267
2.4382587013461223
2.4603975104521822
2.4827290185602617
2.5052546696028046
2.5279759115882436
2.5508941963900296
2.574010979527708
2.5973277199390217
2.620845879743138
2.6445669239953036
2.668492320431613
2.692623539204532
2.716962052608651
2.741509334795852
2.7662668614808488
2.791236109635483
2.8164185571724425
2.8418156826175465
2.867428964770644
2.8932598823548497
2.9193099136533536
2.945580536133978
2.9720732260611693
2.998789458094531
3.0257307048743423
3.0528984365930256
3.0802941205528445
3.107919220708783
3.135775197197197
3.1638635058484983
3.1921855976852034
3.220742918403399
3.2495369078381806
3.2785689994125646
3.30784061956889
3.3373531871831204
3.3671081129610396
3.397106798816213
3.4273506372290976
3.4578410105871633
3.488579290505049
3.519566837125044
3.5508049983967513
3.582295109335898
3.6140384912616823
3.646036451012082
3.6782902801370314
3.71080125406835
3.7435706312665795
3.776599652343801
3.809889539162133
3.8434414939073553
3.8772566981369354
3.911336311802536
3.945681472245673
3.980293293166651
4.01517286356595
4.0503212466573935
4.085739478753248
4.121428568119525
4.157389493802174
4.193623204422801
4.230130616943787
4.26691261540193
4.303970049610406
4.3413037338283536
4.378914445397231
4.416802923344125
4.454969866950565
4.493415934287172
4.532141740712819
4.571147857338466
4.61043480945456
4.65000307492184
4.689853082524929
4.729985210288247
4.770399783753482
4.811097074218554
4.852077296937371
4.893340609279794
4.934887108851591
4.9767168315738965
5.018829749721531
5.061225769920215
5.1039047311017915
5.146866402417571
5.190110481109165
5.233636590336474
5.277444276962963
5.321533009297318
5.365902174791932
5.410551077697539
5.455478936674117
5.500684882357911
5.546167954884289
5.591927101366826
5.637961173332227
5.684268924111449
5.730849006186822
5.777699968495833
5.824820253691269
5.872208195358463
5.919862015189565
5.967779820115844
6.015959599397896
6.064399221674738
6.1130964319723935
6.1620488486725336
6.2112539604421135
6.260709123125044
6.310411556596617
6.360358341582064
6.410546416440314
6.460972573914295
6.5116334578492845
6.56252555988084
6.613645216093869
6.6649886036548045
6.7165517374187935
6.76833046651388
6.820320470904549
6.8725172579368685
6.9249161588678865
6.977512325381795
7.030300726096022
7.08327614305987
7.136433168249302
7.189766200060947
7.243269439809159
7.296936888229673
7.3507623419940336
7.404739390238875
7.458861411114401
7.51312156835681
7.567512807889373
7.6220278544573405
7.676659208301857
7.73139914187858
7.786239696626577
7.841172679793815
7.896189661325238
7.951281970820264
8.006440694566226
8.061656672655147
8.116920496190946
8.172222504594899
8.227552783017067
8.28290115986206
8.338257204437523
8.393610224734052
8.448949265345634
8.504263105539968
8.559540257488065
8.614768964663318
8.669937200419842
8.72503266676086
8.780042793307587
8.834954736479594
8.889755378898137
8.944431329023557
8.998968921038733
9.05335421499043
9.107572997200828
9.16161078096139
9.215452807521972
9.269084047387596
9.322489201936115
9.37565270536958
9.42855872701267
9.481191173971395
9.533533694165493
9.58556967974779
9.637282270924164
9.688654360187357
9.739668596978111
9.790307392786861
9.840552926709217
9.890387151468259
9.939791799916383
9.988748392029432
10.03723824240523
10.085242468278615
10.132741998064455
10.179717580439746
10.226149793975448
10.272019057328073
10.317305640000413
10.361989673680206
10.406051164164582
10.449470003877588
10.492225984986877
10.534298813124934
10.575668121719003
10.616313486932802
10.656214443222009
10.69535049950399
10.733701155941118
10.771245921335396
10.807964331130773
10.843835966017663
10.878840471132689
10.912957575844864
10.946167114117477
10.978449045433024
11.009783476266659
11.040150682091298
11.069531129895486
11.097905501192939
11.12525471550016
11.151559954256433
11.176802685157737
11.200964686873993
11.224028074116209
11.245975323017735
11.266789296791133
11.286453271619564
11.304950962738971
11.322266550664724
11.338384707513654
11.353290623369933
11.366970032640582
11.379409240343891
11.390595148271514
11.400515280962665
11.409157811426558
11.41651158654681
11.422566152099789
11.42731177731661
11.430739478916937
11.432841044540963
11.433609055504684
11.433036908802228
11.431118838278113
11.427849934891585
11.423226165994715
11.417244393545719
11.409902391179234
11.401198860055613
11.39113344341223
11.379706739740799
11.366920314516435
11.352776710405948
11.337279455885264
11.32043307219856
11.302243078594897
11.282715995781622
11.26185934753788
11.239681660435986
11.216192461623267
11.191402274622236
11.16532261311273
11.137965972665699
11.109345820404895
11.079476582579526
11.048373630038268
11.01605326160261
10.982532685345276
10.947829997787832
10.911964161039828
10.874954977910486
10.836823065032757
10.797589824048407
10.757277410911664
10.715908703378066
10.67350726675392
10.630097317990597
10.5857036882166
10.540351783808621
10.49406754611106
10.44687740992107
10.398808260863701
10.349887391788458
10.300142458324864
10.24960143374045
10.198292563249531
10.146244317925328
10.093485348371775
10.040044438313773
9.985950458266686
9.9312323194466
9.875918928083054
9.820039140294826
9.763621717687364
9.706695283827711
9.649288281748596
9.591428932628586
9.533145195789354
9.47446473014424
9.415414857224588
9.356022525901965
9.29631427891481
9.236316221298285
9.176053990805098
9.115552730394125
9.054837062851709
8.993931067598345
8.932858259721295
8.871641571260776
8.810303334764832
8.748865269115381
8.687348467615381
8.62577338831468
8.56415984654049
8.502527009586714
8.44089339350564
8.379276861935148
8.317694626885245
8.25616325139891
8.194698653994397
8.133316114789437
8.072030283201695
8.010855187114904
7.949804243396479
7.888890269649282
7.828125497078489
7.767521584353843
7.707089632347612
7.646840199629652
7.58678331860321
7.526928512167761
7.467284810798844
7.407860769939129
7.348664487599956
7.289703622077874
7.230985409696559
7.172516682490809
7.114303885755601
7.0563530953897855
6.998670034970751
6.941260092502986
6.8841283367899155
6.8272795333850205
6.770718160084234
6.7144484219276075
6.658474265683821
6.6027993937963805
6.547427277775187
6.49236117102155
6.437604121078938
6.383158981305248
6.329028421965595
6.275214940747641
6.221720872703722
6.168548399626252
6.115699558864694
6.063176251593819
6.010980250544221
5.959113207207072
5.907576658525981
5.856372033089391
5.8055006568375305
5.754963758298476
5.70476247336819
5.654897849649735
5.605370850367384
5.556182357871553
5.5073331767508495
5.4588240365681395
5.4106555942377215
5.362828436061409
5.315343079441644
5.268199974290535
5.221399504154115
5.174941987071747
5.128827676191317
5.083056760161264
5.037629363321099
4.992545545712655
4.9478053029346105
4.903408565863188
4.859355200262302
4.815645006306371
4.772277718039169
4.729253002791776
4.686570460582572
4.644229623521591
4.602229955240942
4.560570850372297
4.519251634091355
4.478271561748016
4.437629818599867
4.397325519664901
4.357357709707926
4.317725363373355
4.278427385475223
4.239462611453385
4.200829808002775
4.1625276738807075
4.124554840895052
4.086909875074015
4.049591278016402
4.012597488419112
3.975926883776741
3.939577782246487
3.90354844466972
3.86783707674011
3.832441831306852
3.7973608108002535
3.762592069765889
3.7281336174927904
3.6939834207203464
3.6601394064082493
3.6265994645534523
3.5933614510381537
3.5604231904928803
3.527782479159003
3.4954370877356156
3.463384764196245
3.4316232365615944
3.4001502156155614
3.3689633975526347
3.3380604665459006
3.307439097226116
3.2770969570634167
3.2470317086445633
3.217241011839768
3.1877225258545425
3.158473911163107
3.1294928313211225
3.100776954656695
3.0723239558396336
3.044131517329894
3.0161973307071728
2.9885190978843483
2.9610945322081905
2.933921359451484
2.9069973187011304
2.8803201631473243
2.8538876607791464
2.827697594992257
2.8017477651144658
2.7760359868550264
2.7505600926835623
2.725317932144417
2.700307372112076
2.6755262969932065
2.6509726088805707
2.6266442276638142
2.6025390911019053
2.5786551548616323
2.5549903925262964
2.5315427955783636
2.5083103733595813
2.485291153011712
2.4624831794006834
2.4398845150267587
2.4174932399229596
2.3953074515437187
2.3733252646455605
2.3515448111612947
2.3299642400690432
2.3085817172572396
2.287395425386556
2.2664035637495736
2.2456043481288543
2.2249960106540136
2.2045767996582515
2.1843449795346963
2.1642988305929136
2.1444366489158133
2.1247567462171317
2.105257449699683
2.0859371019144857
2.066794060620833
2.0478266986474236
2.0290334037545694
2.0104125784975353
1.9919626400910198
1.9736820202748127
1.9555691651806346
1.937622535200144
1.9198406048541405
1.9022218626629488
1.8847648110179622
1.8674679660543734
1.8503298575250628
1.8333490286756255
1.8165240361205595
1.799853449720576
1.783335852461048
1.766969840331554
1.7507540222065392
1.734687019727078
1.7187674671837005
1.7029940114003128
1.6873653116191778
1.671880039386944
1.6565368784417283
1.6413345246012374
1.626271685651902
1.6113470812390434
1.5965594427580445
1.5819075132465104
1.5673900472774296
1.5530058108533107
1.538753581301295
1.5246321471692217
1.510640308122656
1.4967768748428658
1.4830406689257176
1.4694305227815172
1.455945279535767
1.4425837929308225
1.4293449272284642
1.4162275571133607
1.4032305675974106
1.3903528539249712
1.377593321478951
1.3649508856877715
1.35242447193317
1.3400130154588594
1.3277154612800284
1.3155307640936567
1.3034578881896695
1.2914958073629035
1.2796435048258714
1.2678999731223393
1.2562642140416924
1.2447352385340817
1.2333120666263584
1.2219937273387718
1.2107792586024404
1.1996677071775685
1.1886581285724236
1.1777495869630559
1.1669411551137467
1.1562319142981965
1.1456209542214342
1.135107372942436
1.1246902767974616
1.114368780324097
1.1041420061859808
1.094009085098236
1.0839691557535769
1.0740213647491017
1.0641648665137458
1.0543988232364112
1.0447224047947548
1.035134788684621
1.025635159950131
1.0162227111144144
1.006896642110966
0.9976561602156436
0.9885004799792876
0.9794288231609517
0.9704404186617566
0.9615345024593416
0.9527103175429287
0.9439671138489676
0.9353041481973849
0.9267206842284145
0.9182159923400002
0.9097893496257837
0.9014400398136581
0.8931673532048789
0.8849705866137424
0.8768490433078158
0.86880203294871
0.8608288715334032
0.8529288813360988
0.845101390850621
0.8373457347333315
0.8296612537465768
0.8220472947026554
0.8145032104082905
0.8070283596096218
0.7996221069376999
0.7922838228544739
0.7850128835992838
0.7778086711358421
0.7706705730996954
0.7635979827461757
0.7565902988988277
0.7496469258983046
0.74276727355174
0.7359507570825785
0.7291967970808724
0.7225048194540269
0.715874255378005
0.709304541248977
0.7027951186354111
0.6963454342306084
0.6899549398056715
0.683623092162903
0.6773493530896331
0.6711331893124748
0.6649740724519899
0.6588714789777793
0.6528248901639817
0.6468337920451832
0.6408976753727265
0.6350160355714256
0.6291883726966795
0.6234141913919715
0.6176930008467657
0.6120243147547901
0.6064076512726957
0.6008425329791014
0.595328486834015
0.58986504413862
0.584451740495439
0.579088115768858
0.5737737140460163
0.5685080835980508
0.5632907768417004
0.5581213503012614
0.5529993645708899
0.5479243842772533
0.5428959780425235
0.5379137184477081
0.5329771819963195
0.5280859490783795
0.5232396039347487
0.5184377346217895
0.5136799329763485
0.5089657945810644
0.5042949187299898
0.4996669083945317
0.49508137018970555
0.49053791434069427
0.48603615464971806
0.4815757084632092
0.47715619663928305
0.47277724351551226
0.4684384768769959
0.4641395279247188
0.45988003124420607
0.4556596247744583
0.45147794977718114
0.4473346508062896
0.4432293756776926
0.4391617754393621
0.43513150434166875
0.43113821980799116
0.42718158240560183
0.4232612558168087
0.4193769068103735
0.41552820521318434
0.4117148238821886
0.4079364386765898
0.4041927284302931
0.4004833749246037
0.39680806286118286
0.39316647983524405
0.3895583163089972
0.3859832655853412
0.3824410237817927
0.3789312898046535
0.3754537653234216
0.3720081547454307
0.36859416519072263
0.3652115064671563
0.36185989104573885
0.3585390340361839
0.3552486531626993
0.35198846873999157
0.3487582036494901
0.3455575833157964
0.3423863356833423
0.3392441911932636
0.3361308827604914
0.3330461457510449
0.32998971795954146
0.32696133958690704
0.32396075321829126
0.32098770380119057
0.31804193862376673
0.3151232072933644
0.3122312617152309
0.30936585607142625
0.3065267467999268
0.30371369257392544
0.3009264542813172
0.29816479500437265
0.295428479999603
0.29271727667780506
0.2900309545842895
0.28736928537929485
0.28473204281857734
0.2821190027341778
0.27952994301537076
0.2769646435897829
0.2744228864046857
0.2719044554084632
0.2694091365322463
0.26693671767171506
0.2644869886690734
0.26205974129518095
0.25965476923185754
0.25727186805434404
0.25491083521392466
0.2525714700207133
0.25025357362659295
0.2479569490083122
0.24568140095074087
0.24342673603027515
0.241192762598395
0.23897929076537677
0.23678613238415072
0.2346131010343073
0.2324600120062539
0.23032668228551273
0.22821293053716352
0.22611857709043237
0.22404344392341807
0.22198735464795907
0.21995013449464276
0.21793161029794855
0.21593161048152779
0.21394996504362146
0.21198650554260923
0.21004106508269033
0.20811347829969962
0.20620358134705027
0.20431121188180573
0.2024362090508828
0.20057841347737623
0.19873766724701394
0.19691381389473323
0.19510669839137984
0.19331616713053273
0.19154206791544603
0.18978424994611146
0.18804256380644205
0.1863168614515705
0.1846069961952647
0.1829128226974607
0.18123419695190818
0.17957097627392835
0.17792301928828796
0.1762901859171811
0.17467233736832163
0.17306933612314737
0.17148104592513036
0.16990733176819356
0.16834805988523746
0.16680309773676857
0.16527231399963258
0.16375557855585368
0.16225276248157347
0.1607637380360914
0.15928837865100878
0.15782655891946806
0.1563781545854951
0.15494304253343633
0.1535211007774933
0.15211220845135517
0.15071624579792417
0.1493330941591354
0.14796263596587242
0.14660475472797282
0.14525933502432592
0.14392626249306315
0.14260542382183658
0.14129670673818656
