-14.996250562439739
-14.996180795429481
-14.996109730443736
-14.996037343342001
-14.995963609535076
-14.995888503976738
-14.995812001155262
-14.995734075084773
-14.995654699296452
-14.995573846829567
-14.995491490222348
-14.995407601502688
-14.995322152178673
-14.995235113228937
-14.99514645509284
-14.995056147660454
-14.99496416026239
-14.994870461659398
-14.994775020031812
-14.99467780296878
-14.994578777457296
-14.994477909871028
-14.99437516595896
-14.994270510833786
-14.994163908960127
-14.994055324142511
-14.993944719513129
-14.99383205751938
-14.993717299911165
-14.993600407727968
-14.993481341285678
-14.993360060163198
-14.993236523188756
-14.99311068842602
-14.992982513159927
-14.992851953882239
-14.99271896627687
-14.992583505204905
-14.992445524689366
-14.992304977899689
-14.99216181713591
-14.992015993812574
-14.991867458442334
-14.991716160619251
-14.991562049001795
-14.991405071295514
-14.991245174235411
-14.991082303567968
-14.99091640403287
-14.990747419344343
-14.990575292172231
-14.990399964122625
-14.990221375718225
-14.990039466378269
-14.989854174398157
-14.989665436928654
-14.989473189954726
-14.989277368273996
-14.989077905474787
-14.988874733913784
-14.988667784693263
-14.988456987637916
-14.988242271271261
-14.98802356279158
-14.98780078804747
-14.987573871512902
-14.98734273626184
-14.987107303942409
-14.986867494750557
-14.986623227403271
-14.98637441911127
-14.986120985551226
-14.985862840837465
-14.985599897493138
-14.985332066420897
-14.985059256873006
-14.984781376420917
-14.9844983309243
-14.984210024499474
-14.983916359487319
-14.983617236420555
-14.983312553990432
-14.983002209012842
-14.982686096393769
-14.982364109094163
-14.98203613809412
-14.981702072356454
-14.981361798789573
-14.981015202209726
-14.980662165302501
-14.980302568583687
-14.979936290359376
-14.979563206685375
-14.979183191325868
-14.978796115711326
-14.978401848895665
-14.97800025751262
-14.977591205731336
-14.977174555211148
-14.97675016505555
-14.97631789176534
-14.9758775891909
-14.975429108483619
-14.974972298046477
-14.974507003483676
-14.974033067549415
-14.97355033009572
-14.973058628019336
-14.972557795207681
-14.97204766248381
-14.971528057550396
-14.970998804932716
-14.970459725920612
-14.96991063850939
-14.969351357339708
-14.968781693636341
-14.968201455145884
-14.967610446073325
-14.967008467017497
-14.96639531490537
-14.965770782925192
-14.965134660458414
-14.96448673301042
-14.963826782140023
-14.963154585387727
-14.962469916202675
-14.961772543868355
-14.961062233426942
-14.960338745602353
-14.959601836721895
-14.958851258636555
-14.958086758639904
-14.957308079385525
-14.956514958803034
-14.955707130012602
-14.954884321237978
-14.954046255718017
-14.953192651616607
-14.952323221931076
-14.951437674398951
-14.950535711403136
-14.949617029875409
-14.948681321198253
-14.94772827110497
-14.946757559578089
-14.94576886074597
-14.944761842777678
-14.943736167775999
-14.942691491668612
-14.941627464097415
-14.94054372830593
-14.939439921024768
-14.938315672355166
-14.937170605650486
-14.93600433739573
-14.93481647708498
-14.93360662709676
-14.932374382567282
-14.931119331261549
-14.929841053442262
-14.92853912173653
-14.927213101000332
-14.925862548180692
-14.924487012175543
-14.923086033691263
-14.921659145097806
-14.920205870281436
-14.918725724495006
-14.917218214205757
-14.91568283694059
-14.914119081128806
-14.912526425942225
-14.910904341132715
-14.909252286867023
-14.907569713558956
-14.905856061698769
-14.904110761679846
-14.902333233622533
-14.900522887195141
-14.898679121432057
-14.896801324548974
-14.894888873755125
-14.892941135062541
-14.890957463092288
-14.888937200877644
-14.886879679664132
-14.884784218706477
-14.882650125062321
-14.88047669338278
-14.878263205699705
-14.876008931209682
-14.873713126054694
-14.871375033099426
-14.868993881705178
-14.866568887500335
-14.864099252147367
-14.861584163106336
-14.859022793394846
-14.856414301344447
-14.85375783035339
-14.851052508635789
-14.848297448967056
-14.845491748425676
-14.842634488131225
-14.8397247329786
-14.8367615313685
-14.833743914933999
-14.830670898263364
-14.8275414786189
-14.82435463565193
-14.821109331113842
-14.817804508563148
-14.814439093068597
-14.811011990908257
-14.807522089264596
-14.80396825591551
-14.800349338921299
-14.796664166307577
-14.792911545744083
-14.789090264219421
-14.785199087711673
-14.78123676085492
-14.777202006601634
-14.773093525880967
-14.76890999725292
-14.76465007655839
-14.760312396565139
-14.755895566609627
-14.751398172234795
-14.746818774823767
-14.7421559112295
-14.7374080934004
-14.732573808001975
-14.72765151603446
-14.722639652446558
-14.717536625745248
-14.712340817601778
-14.707050582453814
-14.701664247103857
-14.696180110313966
-14.690596442396853
-14.684911484803395
-14.67912344970671
-14.67323051958276
-14.667230846787698
-14.661122553131957
-14.654903729451233
-14.648572435174449
-14.64212669788882
-14.635564512902143
-14.628883842802455
-14.622082617015185
-14.615158731357939
-14.608110047593112
-14.600934392978456
-14.593629559815808
-14.586193304998153
-14.57862334955521
-14.570917378197795
-14.563073038861104
-14.555087942247239
-14.546959661367143
-14.53868573108225
-14.5302636476461
-14.52169086824621
-14.512964810546508
-14.504082852230585
-14.495042330546221
-14.485840541851365
-14.476474741162052
-14.466942141702601
-14.457239914458436
-14.447365187732032
-14.437315046702327
-14.427086532988108
-14.416676644215821
-14.406082333592279
-14.395300509482801
-14.384328034995303
-14.373161727570883
-14.361798358581478
-14.350234652935244
-14.338467288690168
-14.326492896676697
-14.31430806012995
-14.301909314332258
-14.289293146266786
-14.276455994282916
-14.263394247774256
-14.250104246870057
-14.236582282140823
-14.222824594319116
-14.208827374036334
-14.194586761576481
-14.18009884664786
-14.165359668173718
-14.150365214102868
-14.135111421241374
-14.119594175106405
-14.103809309803413
-14.087752607927825
-14.071419800492464
-14.054806566881968
-14.037908534835541
-14.020721280459346
-14.003240328269936
-13.98546115127019
-13.967379171059198
-13.94898975797759
-13.930288231289955
-13.91126985940588
-13.891929860141298
-13.872263401021828
-13.852265599629918
-13.83193152399747
-13.811256193045928
-13.790234577075609
-13.768861598306263
-13.747132131470886
-13.725041004464742
-13.70258299905176
-13.679752851630385
-13.656545254061111
-13.632954854557912
-13.608976258645818
-13.58460403018705
-13.559832692478002
-13.534656729419567
-13.509070586763226
-13.483068673435442
-13.456645362942938
-13.429794994861432
-13.402511876410472
-13.374790284117104
-13.346624465571075
-13.318008641274288
-13.28893700658741
-13.259403733776354
-13.22940297416159
-13.198928860373103
-13.167975508713946
-13.136537021635327
-13.10460749032615
-13.072180997420018
-13.039251619822615
-13.005813431662519
-12.971860507368334
-12.93738692487523
-12.90238676896372
-12.866854134733746
-12.830783131216908
-12.794167885129767
-12.757002544771101
-12.719281284065854
-12.68099830675864
-12.642147850759397
-12.602724192643917
-12.562721652311719
-12.522134597803786
-12.480957450282505
-12.43918468917606
-12.396810857489397
-12.35383056728381
-12.310238505326893
-12.266029438914671
-12.221198221867304
-12.17573980069977
-12.129649220968629
-12.082921633795715
-12.035552302569537
-11.987536609824657
-11.938870064299309
-11.889548308171046
-11.839567124469996
-11.7889224446689
-11.73761035644889
-11.685627111639414
-11.632969134330523
-11.579633029155158
-11.525615589738756
-11.470913807312986
-11.415524879490004
-11.359446219192966
-11.30267546373831
-11.245210484064353
-11.187049394100642
-11.12819056027147
-11.068632611126697
-11.008374447092102
-10.947415250331016
-10.885754494708163
-10.823391955846029
-10.760327721263149
-10.696562200583223
-10.63209613580289
-10.566930611605333
-10.501067065706088
-10.434507299216417
-10.367253487008918
-10.29930818806899
-10.230674355814958
-10.161355348368783
-10.09135493875813
-10.020677325029936
-9.949327140254377
-9.877309462397303
-9.80462982403829
-9.731294221910362
-9.657309126236516
-9.582681489837352
-9.507418756982881
-9.431528871960987
-9.355020287333778
-9.27790197185239
-9.200183417999872
-9.12187464913086
-9.04298622617604
-8.963529253878704
-8.883515386529723
-8.802956833167006
-8.721866362204526
-8.64025730545575
-8.558143561515779
-8.475539598466021
-8.392460455865187
-8.308921745989952
-8.224939654288754
-8.140530939012201
-8.055712929983605
-7.970503526473564
-7.8849211941430575
-7.798984961019669
-7.712714412472909
-7.6261296851549
-7.539251459874116
-7.452100953371068
-7.364699908966018
-7.2770705860508125
-7.1892357483982705
-7.101218651265067
-7.013043027265884
-6.9247330709993395
-6.836313422408557
-6.747809148862537
-6.659245725947253
-6.570649016958802
-6.482045251094707
-6.393461000343073
-6.304923155073213
-6.216458898335961
-6.128095678885991
-6.039861182943174
-5.951783304715075
-5.863890115707472
-5.776209832855127
-5.688770785510373
-5.601601381332644
-5.514730071127724
-5.4281853126910775
-5.341995533715799
-5.256189093831255
-5.17079424584457
-5.085839096263159
-5.001351565182121
-4.91735934562632
-4.833889862442739
-4.7509702308441195
-4.668627214710492
-4.586887184760165
-4.505776076707001
-4.425319349525136
-4.345541943946685
-4.266468241321956
-4.188122022975051
-4.110526430190642
-4.03370392497032
-3.9576762516986648
-3.8824643998603925
-3.808088567950664
-3.7345681287204684
-3.6619215958980487
-3.590166592525998
-3.5193198210509635
-3.4493970352999384
-3.380413014472772
-3.312381539275968
-3.245315370316751
-3.1792262288698065
-3.1141247801217258
-3.0500206189896275
-2.9869222586011954
-2.924837121513555
-2.863771533737383
-2.8037307216211076
-2.744718811637963
-2.6867388331056716
-2.6297927238550987
-2.5738813388503203
-2.519004461748283
-2.4651608193715457
-2.4123480990526307
-2.360562968793854
-2.30980110017121
-2.260057193896209
-2.211325007935004
-2.1635973880697374
-2.1168663007733244
-2.071122868255811
-2.026357405527767
-1.9825594593148281
-1.9397178486466053
-1.897820706933807
-1.8568555253389043
-1.8168091972385323
-1.7776680635701503
-1.7394179562471113
-1.7020442545241057
-1.665531917568325
-1.6298655402269482
-1.5950293974183154
-1.561007490288901
-1.5277835917663918
-1.4953412913100248
-1.4636640386674493
-1.4327351864568971
-1.4025380314042764
-1.3730558540768083
-1.3442719569681518
-1.316169700804048
-1.2887325389525408
-1.2619440498386467
-1.2357879672795296
-1.210248208672839
-1.1853089009877174
-1.1609544045248494
-1.1371693344283909
-1.11393857994919
-1.0912473214743006
-1.0690810453531707
-1.0474255565649742
-1.0262669892852845
-1.0055918154223686
-0.9853868512047583
-0.9656392619115248
-0.9463365648455078
-0.927466630656749
-0.9090176831294308
-0.8909782975499692
-0.8733373977769343
-0.8560842521352594
-0.8392084682574144
-0.8226999869934897
-0.806549075509988
-0.7907463196940476
-0.7752826159756427
-0.7601491624618166
-0.7453374507164412
-0.730839255316523
-0.7166466250871952
-0.70275187333357
-0.6891475682134196
-0.67582652239353
-0.6627817863840626
-0.650006635157391
-0.637494561543047
-0.6252392666834279
-0.6132346513591482
-0.6014748075981551
-0.5899540105876113
-0.5786667109020058
-0.5676075270563494
-0.5567712383888246
-0.546152778273548
-0.5357472276607833
-0.5255498089391448
-0.5155558801119806
-0.5057609292782868
-0.4961605694069302
-0.4867505333919322
-0.4775266693757345
-0.46848493632690946
-0.4596213998585785
-0.4509322282737074
-0.4424136888238035
-0.434062144167644
-0.4258740490173416
-0.4178459469594351
-0.40997446743934773
-0.40225632289826585
-0.3946883060520179
-0.3872672873023877
-0.37999021227178886
-0.3728540994530558
-0.36585603796656585
-0.3589931854176598
-0.3522627657907407
-0.345662067701177
-0.3391884422155709
-0.33283930123960737
-0.3266121157436448
-0.32050441391899653
-0.31451378026424237
-0.3086378530829439
-0.302874323614569
-0.297220934464697
-0.2916754782315927
-0.28623579618153805
-0.280899776970454
-0.2756653554095436
-0.27053051127285244
-0.26549326814476437
-0.2605516923055955
-0.255703891653539
-0.2509480146613825
-0.2462822493664376
-0.24170482239226665
-0.23721399800089493
-0.23280807717416074
-0.22848539672311574
-0.22424432842423592
-0.2200832781814448
-0.2160006852129115
-0.21199502126167857
-0.2080647898291499
-0.2042085254306869
-0.20042479287236326
-0.1967121865481829
-0.1930693297570052
-0.1894948740384237
-0.18598749852696272
-0.18254590932397186
-0.17916883888650226
-0.17585504543274233
-0.17260331234868787
-0.16941244767887653
-0.1662812835019416
-0.16320867544417617
-0.16019350214799388
-0.1572346647651237
-0.15433108639733462
-0.1514817118590237
-0.1486855068649806
-0.14594145778911383
-0.14324857116751843
-0.14060587326381757
-0.13801240964525086
-0.1354672447691989
-0.13296946157985445
-0.1305181611146633
-0.12811246212033645
-0.1257515006781027
-0.12343442983793729
-0.12116041926151233
-0.11892865487362592
-0.11673833852187165
-0.11458868764428942
-0.11247893494480898
-0.11040832807624135
-0.10837612933063312
-0.10638161533676538
-0.10442407676458387
-0.10250281803645223
-0.10061715704492435
-0.09876642487695975
-0.09694996554437907
-0.09516713572037538
-0.09341730448194419
-0.09169985305807771
-0.09001417458357075
-0.08835967385827814
-0.08673576711171194
-0.08514188176776116
-0.083577456238217
-0.08204193967638318
-0.0805347917780157
-0.07905548256672823
-0.0776034921878157
-0.07617831068204595
-0.0747794378790978
-0.07340638307697667
-0.0720586649329853
-0.07073581125985129
-0.0694373588446986
-0.0681628532718701
-0.06691184874948064
-0.06568390793966827
-0.06447860179238596
-0.06329550938271389
-0.062134217751557586
-0.06099432174969799
-0.05987542388507805
-0.05877713417327257
-0.05769906999105423
-0.056640855933004275
-0.055602123671079084
-0.05458251181707041
-0.05358166578788648
-0.05259923767363084
-0.05163488610832623
-0.05068827614333671
-0.04975907912334243
-0.04884697256485282
-0.047951640037156906
-0.04707277104573393
-0.04621006091799451
-0.04536321069133109
-0.04453192700343145
-0.043715921984809114
-0.04291491315347429
-0.042128623309555024
-0.04135678044217528
-0.040599117619137814
-0.03985537289679009
-0.039125289223147064
-0.03840861434463427
-0.037705100703618655
-0.03701450538934381
-0.03633658999323508
-0.03567112055839061
-0.03501786748670632
-0.0343766054561403
-0.03374711333955993
-0.033129174125203775
-0.03252257483869414
-0.031927106466609345
-0.03134256388150014
-0.030768745768417816
-0.030205454552868716
-0.029652496330156097
-0.02910968079611642
-0.02857682117920568
-0.028053734173891343
-0.02754023987534282
-0.02703616171540979
-0.026541326399801335
-0.026055563846533403
-0.0255787071255007
-0.025110592399281373
-0.024651058865044817
-0.024199948697592788
-0.023757106993487653
-0.0233223817162731
-0.022895623642726903
-0.022476686310170635
-0.02206542596476524
-0.02166170151081559
-0.0212653744610396
-0.020876308886730754
-0.0204943713738146
-0.020119430970467533
-0.01975135914449133
-0.019390029737360592
-0.019035318915737065
-0.018687105143433413
-0.018345269117236995
-0.018009693738575194
-0.017680264069326768
-0.01735686729155894
-0.01703939266805854
-0.0167277315036074
-0.01642177710697723
-0.016121424753659852
-0.015826571649288468
-0.015537116893769465
-0.015252961446060809
-0.014974008089660984
-0.014700161398712552
-0.014431327704752306
-0.01416741506410446
-0.013908333225856495
-0.013653993600490466
-0.013404309229047229
-0.013159194752901726
-0.012918566384110264
-0.012682341876296022
-0.012450440496101223
-0.012222782995156223
-0.011999291582590388
-0.01177988989805101
-0.011564502985232039
-0.011353057265887756
-0.011145480514356265
-0.010941701832525297
-0.010741651625311377
-0.010545261576554665
-0.01035246462483208
-0.01016319494230622
-0.009977387909128055
-0.009794980092850736
-0.009615909226127428
-0.009440114182988069
-0.009267534965811564
-0.009098112673328274
-0.008931789487343522
-0.008768508651119333
-0.00860821444980786
-0.0084508521912241
-0.008296368186995196
-0.008144709734049016
-0.00799582509646335
-0.007849663487625946
-0.0077061750527480655
-0.007565310851701312
-0.00742702284216179
-0.00729126386307577
-0.0071579876184362234
-0.007027148661336469
-0.006898702378357768
-0.006772604974221608
-0.006648813456724412
-0.006527285621965362
-0.006407980039830008
-0.00629085603978119
-0.00617587369684891
-0.006062993817943507
-0.005952177928387314
-0.0029232074443523715
-0.002869528235651231
-0.002816873006205256
-0.0027652164980960237
-0.0027145347965795708
-0.0026648052070807893
-0.0026160061413040836
-0.0025681170142881626
-0.0025211181503994595
-0.002474990698352997
-0.00242971655468871
-0.00238527829509394
-0.002341659113078265
-0.002298842765354081
-0.0022568135234770637
-0.00221555613103952
-0.002175055766034717
-0.0021352980077740114
-0.002096268807930457
-0.002057954465197298
-0.0020203416032167354
-0.0019834171512851384
-0.001947168327561144
-0.0019115826244036072
-0.0018766477955800553
-0.001842351845024126
-0.001808683016989221
-0.0017756297873265936
-0.0017431808557724082
-0.0017113251390021844
-0.00168005176442243
-0.0016493500645200498
-0.0016192095716771604
-0.0015896200134228877
-0.00156057130796583
-0.0015320535600480412
-0.0015040570570050704
-0.001476572265051601
-0.0014495898256576822
-0.0014231005521789797
-0.0013970954264816982
-0.0013715655957717843
-0.0013465023694596567
-0.001321897216117307
-0.0012977417604087549
-0.0012740277806315703
-0.0012507472052565305
-0.0012278921105544072
-0.0012054547177733355
-0.0011834273904920423
-0.0011618026319872854
-0.0011405730826830052
-0.001119731517649214
-0.0010992708441008858
-0.001079184098996322
-0.0010594644466710434
-0.0010401051764787894
-0.0010210997005284383
-0.001002441551413824
-0.0009841243800234878
-0.0009661419533664173
-0.0009484881524439714
-0.0009311569701768718
-0.0009141425093339706
-0.0008974389805445071
-0.0008810407003085885
-0.0008649420890609605
-0.000849137669272082
-0.0008336220635811742
-0.0008183899929630201
-0.0008034362749196333
-0.0007887558217252177
-0.0007743436386871139
-0.0007601948224369437
-0.0007463045592714934
-0.0007326681235024779
-0.0007192808758489377
-0.0007061382618598344
-0.0006932358103473035
-0.0006805691318874096
-0.0006681339173031375
-0.0006559259362042269
-0.0006439410354808217
-0.0006321751381292984
-0.0006206242415220942
-0.0006092844162619571
-0.000598151804789282
-0.0005872226200622777
-0.0005764931442779897
-0.0005659597276039818
-0.0005556187869224516
-0.000545466804624084
-0.0005355003274054582
-0.0005257159650877696
-0.0005161103894746333
-0.0005066803332010039
-0.0004974225886318351
-0.0004883340067713959
-0.00047941149618857537
-0.00047065202194929157
-0.00046205260460929765
-0.00045361031918744743
-0.00044532229415672475
-0.00043718571049033983
-0.00042919780068295665
-0.0004213558478163293
-0.0004136571846320436
-0.0004060991926362334
-0.00039867930117765127
-0.0003913949866056754
-0.0003842437713856839
-0.00037722322327837787
-0.00037033095449601205
-0.0003635646208870469
-0.00035692192115099886
-0.00035040059604618534
-0.0003439984276276675
-0.0003377132384780879
-0.0003315428909935747
-0.00032548528658971065
-0.00031953836512421674
-0.00031370010403897197
-0.0003079685177578284
-0.00030234165699560833
-0.0002968176080901941
-0.0002913944923559342
-0.00028607046544237846
-0.00028084371670011876
-0.0002757124685821566
-0.0002706749760168492
-0.0002657295258234882
-0.00026087443614208894
-0.00025610805583653473
-0.0002514287639527879
-0.00024683496915933745
-0.00024232510920541017
-0.0002378976503862873
-0.00023355108703171368
-0.00022928394098542526
-0.00022509476109888737
-0.00022098212274990203
-0.00021694462735055708
-0.0002129809018622808
-0.0002090895983464236
-0.00020526939349529982
-0.00020151898818276948
-0.000197837107020149
-0.00019422249792988566
-0.00019067393171567915
-0.00018719020163793232
-0.00018377012301229456
-0.00018041253280287606
-0.00017711628922967293
-0.0001738802713671106
-0.00017070337878699604
-0.00016758453115706118
-0.00016452266789457326
-0.00016151674778086544
-0.0001585657486611325
-0.00015566866702521054
-0.0001528245177127019
-0.00015003233355592727
-0.00014729116507261608
-0.00014460008012484593
-0.0001419581636064038
-0.0001393645171336999
-0.00013681825874023446
-0.0001343185225763932
-0.00013186445861279594
-0.00012945523234897394
-0.00012709002453803464
-0.00012476803090422095
-0.00012248846186579954
-0.00012025054226150189
-0.00011805351110361073
-0.00011589662130795375
-0.00011377913943810825
-0.00011170034546736929
-0.00010965953251407257
-0.00010765600661599706
-0.00010568908649588593
-0.0001037581033287438
-0.00010186240049669948
