0.37686017278968353
0.38034940310802984
0.38387091733354434
0.3874250135907137
0.3910119927401498
0.3946321584021053
0.39828581698577675
0.40197327770927976
0.40569485263242083
0.40945085667405096
0.4132416076433949
0.4170674262631797
0.42092863619659004
0.42482556407470434
0.4287585395241059
0.43272789518727717
0.4367339667592577
0.44077709300857715
0.4448576158063565
0.4489758801530896
0.4531322342090191
0.4573270293183794
0.46156062004456694
0.46583336419226834
0.47014562283842454
0.47449776036413516
0.47889014448014655
0.48332314625918155
0.4877971401645012
0.49231250407965643
0.49686961934281104
0.5014688707704918
0.5061106466935984
0.510795338989115
0.5155233431047486
0.5202950580999053
0.5251108866729559
0.5299712351897304
0.5348765137233435
0.5398271360814832
0.5448235198412665
0.5498660863836698
0.5549552609220229
0.560091472542996
0.5652751542332508
0.5705067429199913
0.5757866794994136
0.5811154088770804
0.5864933800009486
0.5919210458922401
0.5973988636875861
0.602927294672607
0.6085068043165422
0.614137862309446
0.6198209425984945
0.6255565234245696
0.6313450873617787
0.6371871213527251
0.6430831167458453
0.6490335693347966
0.6550389793968158
0.6610998517279792
0.6672166956862812
0.6733900252293065
0.6796203589513379
0.6859082201253649
0.692254136745014
0.6986586415583045
0.7051222721146699
0.711645570801503
0.7182290848887892
0.7248733665628827
0.7315789729792037
0.7383464662935095
0.7451764137126928
0.7520693875284407
0.7590259651671741
0.7660467292307541
0.7731322675369707
0.7802831731666531
0.7875000445039256
0.7947834852847132
0.8021341046354691
0.809552517122092
0.8170393427915972
0.8245952072209393
0.8322207415570795
0.8399165825659511
0.8476833726795395
0.855521760037623
0.8634323985367136
0.871415947876914
0.8794730736071356
0.8876044471739041
0.8958107459667096
0.9040926533660908
0.9124508587923479
0.920886057752323
0.9293989518885026
0.9379902490248763
0.9466606632193822
0.9554109148101796
0.9642417304645878
0.9731538432304334
0.9821479925823183
0.9912249244725364
1.0003853913830834
1.0096301523704
1.0189599731221453
1.0283756260025827
1.0378778901033816
1.0474675512956793
1.0571454022805649
1.0669122426408992
1.0767688788895342
1.0867161245230672
1.0967548000720964
1.106885733150813
1.11710975851143
1.1274277180960908
1.1378404610833979
1.148348843946423
1.1589537304995752
1.1696559919527667
1.1804565069632895
1.1913561616860007
1.2023558498262925
1.213456472691779
1.2246589392444343
1.2359641661515401
1.247373077837854
1.2588866065366748
1.2705056923429014
1.28223128326212
1.2940643352644907
1.3060058123343197
1.318056686521852
1.3302179379928707
1.3424905550824398
1.3548755343422405
1.3673738805913236
1.3799866069683295
1.3927147349798157
1.4055592945499096
1.4185213240683603
1.4316018704417792
1.4448019891408725
1.4581227442480893
1.4715652085056334
1.4851304633642821
1.4988195990273732
1.512633714498841
1.5265739176298458
1.540641325161883
1.5548370627728536
1.5691622651210204
1.5836180758877676
1.598205647820095
1.612926142774634
1.627780731755752
1.6427705949590246
1.6578969218079762
1.6731609109947818
1.68856377051797
1.7041067177170865
1.7197909793105473
1.7356177914305266
1.751588399655759
1.7677040590437785
1.7839660341633419
1.8003755991230381
1.8169340376005736
1.833642642871319
1.8505027178328568
1.8675155750296017
1.8846825366762956
1.9020049346795826
1.9194841106565328
1.9371214159541799
1.9549182116641797
1.9728758686389818
1.990995767501979
2.0092792986602364
2.027727862311462
2.046342868450491
2.065125736873351
2.0840778971786396
2.103200788768015
2.122495860841105
2.141964572390481
2.1616083921939304
2.181428798803104
2.201427280528485
2.2216053354226273
2.2419644712616393
2.2625062055205807
2.2832320653467324
2.3041435875311826
2.3252423184745585
2.3465298141497115
2.368007640062735
2.3896773712065564
2.411540592014025
2.4335988963049666
2.455853887229247
2.478307177205324
2.5009603878564146
2.5238151499375956
2.5468731032628886
2.5701358966246364
2.593605187708133
2.6172826430018477
2.6411699377013402
2.665268755607756
2.689580789021342
2.714107738627742
2.738851313379903
2.7638132303713796
2.788995214705243
2.8143989993554297
2.8400263250211766
2.865878939974204
2.8919585998996307
2.9182670677276445
2.9448061134589003
2.971577513981375
2.9985830528798063
3.0258245202352647
3.053303712416941
3.081022431864951
3.1089824868643636
3.1371856913091123
3.1656338644564337
3.194328830671323
3.223272419161501
3.252466463699961
3.2819128023394417
3.3116132771129236
3.341569733724936
3.37178402122992
3.4022579916985425
3.4329934998725147
3.463992402805676
3.4952565594929506
3.5267878304850044
3.5585880774895124
3.590659162958738
3.623002949661748
3.655621300242341
3.688516076762085
3.7216891402266548
3.7551423500964263
3.788877563781673
3.822896636119059
3.857201418832456
3.891793759975017
3.9266755033527816
3.9618484879309954
3.9973145472202614
4.03307550864264
4.069133192878621
4.105489413193429
4.142145974741756
4.179104673851209
4.2163672972834405
4.253935621472904
4.29181141174196
4.329996421493967
4.3684923913790215
4.407301048437843
4.446424105218417
4.485863258867727
4.525620190196428
4.5656965627159245
4.606094021649174
4.646814192911278
4.687858682062002
4.729229073228935
4.770926927999643
4.812953784283318
4.8553111551409724
4.89800052758285
4.941023361333853
4.984381087564134
5.028075107586381
5.072106791517869
5.116477476907256
5.16118846732405
5.2062410309116185
5.251636398903062
5.297375764097025
5.343460279296225
5.3898910557048785
5.43666916128508
5.483795619073664
5.531271405454674
5.579097448391259
5.6272746256123
5.6758037627559945
5.724685631467551
5.773920947452317
5.823510368481238
5.873454492350428
5.923753854792353
5.9744089273388115
6.025420115134301
6.076787754700199
6.128512111648595
6.18059337834399
6.233031671514897
6.285827029811175
6.338979411310437
6.392488690969692
6.446354658023172
6.500577013326423
6.555155366644152
6.610089233883301
6.66537803427047
6.72102108747246
6.777017610660312
6.833366715516532
6.890067405184965
6.947118571163046
7.00451899013658
7.062267320756874
7.12036210035934
7.178801741625023
7.237584529183383
7.296708616158673
7.3561720206572625
7.415972622198624
7.476108158088976
7.536576219738713
7.5973742489232645
7.6584995339892386
7.719949206005066
7.781720234858286
7.8438094252993
7.9062134129334956
7.9689286601620655
8.031951452073848
8.095277892287834
8.15890389875001
8.222825199484278
8.28703732830067
8.351535620462004
8.416315208311318
8.481371016862484
8.54669775935629
8.612289932784776
8.678141813386915
8.744247452117943
8.810600670096036
8.877195054030349
8.944023951632989
9.01108046701923
9.078357456100692
9.14584752197525
9.213543010318242
9.28143600478036
9.349518322396868
9.417781509014208
9.48621683473897
9.554815289415858
9.623567578140648
9.692464116814877
9.761495027749534
9.830650135324165
9.899918961709961
9.96929072266447
10.038754323405882
10.108298354576236
10.177911088301714
10.24758047436036
10.317294136466245
10.387039368680869
10.456803131961808
10.526572050860052
10.596332410376636
10.666070152991702
10.735770875876206
10.80541982830071
10.875001909252958
10.944501665278109
11.013903288555616
11.08319061522632
11.152347123984883
11.221355934952376
11.290199808844278
11.35886114644992
11.427321988439202
11.495564015513265
11.56356854891608
11.631316551323822
11.698788628129911
11.76596502914316
11.832825650717671
11.899350038332214
11.96551738963829
12.031306557995316
12.096696056511894
12.161664062612644
12.226188423149706
12.290246660078036
12.353815976714028
12.41687326459694
12.479395110972014
12.541357806914876
12.602737356115643
12.663509484342343
12.72364964960107
12.783133053011765
12.841934650416716
12.900029164739474
12.957391099110055
13.013994750772948
13.069814225792651
13.124823454571002
13.178996208189716
13.232306115590486
13.28472668160359
13.336231305834795
13.386793302419116
13.436385920648686
13.48498236647955
13.53255582492151
13.579079483312608
13.62452655547819
13.668870306771995
13.712084079995183
13.754141322185905
13.795015612270369
13.834680689562992
13.87311048310114
13.910279141796293
13.946161065381107
13.980730936128138
14.013963751312945
14.045834856390753
14.076319978852297
14.105395262720743
14.133037303647892
14.159223184563738
14.183930511829711
14.207137451841723
14.228822768024802
14.248965858157248
14.267546791957487
14.284546348862973
14.299946055925718
14.313728225744928
14.325875994352788
14.336373358965226
14.345205215505288
14.352357395802306
14.357816704366423
14.361570954633823
14.36360900457448
14.36392079155037
14.362497366309222
14.359330925995263
14.354414846056113
14.34774371092213
14.339313343332746
14.329120832182163
14.317164558755959
14.303444221228975
14.287960857294769
14.270716864796768
14.25171602023257
14.230963495003836
14.208465869286195
14.184231143396753
14.15826874653972
14.130589542815144
14.101205834380496
14.070131361660733
14.037381300508786
14.002972256225972
13.96692225435984
13.929250728206082
13.889978502951015
13.849127776401877
13.806722096263563
13.762786333933063
13.717346654795726
13.67043048502171
13.6220664748752
13.572284458564729
13.521115410678464
13.468591399265106
13.414745535637723
13.359611920995476
13.303225589975492
13.245622451265374
13.186839225424485
13.126913380080234
13.065883062683223
13.003787031022853
12.940664581721778
12.876555476944322
12.811499869569685
12.745538227095716
12.678711254552969
12.61105981672143
12.54262485995381
12.473447333919045
12.40356811358807
12.333027921790242
12.261867252673476
12.190126296403385
12.117844865437311
12.04506232270684
11.971817512038017
11.898148691131821
11.824093467417764
11.74968873708166
11.674970627554059
11.599974443728671
11.524734618160366
11.449284665470318
11.373657141161152
11.297883605018123
11.221994589243264
11.146019571438593
11.0699869525214
10.993924039620387
10.91785703396568
10.841811023748978
10.765809981892334
10.689876768626497
10.614033138741288
10.538299753332753
10.462696195834864
10.38724099208709
10.311951634154644
10.236844607585128
10.161935421754853
10.087238642929934
10.012767929642274
9.938536069959277
9.864555020208284
9.790835944703316
9.717389256013067
9.644224655305004
9.571351172301714
9.49877720439267
9.426510554456863
9.354558466970314
9.282927661996812
9.211624366690955
9.140654343978966
9.070022918125408
8.999734996942491
8.929795090452359
8.860207325871825
8.790975458852893
8.722102880979765
8.653592623593891
8.585447358091859
8.517669392914957
8.45026066752344
8.383222743721605
8.31655679476939
8.250263592781874
8.184343494977208
8.118796429384977
8.053621880668551
7.988818876745143
7.924385976904611
7.860321262130424
7.796622328312791
7.733286283014007
7.670309746398065
7.607688856871355
7.545419281898626
7.483496234359273
7.421914494695194
7.3606684389750345
7.299752072863671
7.2391590713436
7.1788828238908025
7.118916484666649
7.059253027153812
6.999885302543998
6.940806101083634
6.882008215505278
6.823484505622372
6.765227963146793
6.707231775804812
6.649489389879415
6.591994570394707
6.534741458279635
6.477724623999011
6.420939117313875
6.364380513022697
6.308044952729224
6.251929182871049
6.1960305894125165
6.140347229743081
6.084877862415112
6.029621975391895
5.974579813446531
5.9197524052496036
5.865141590503651
5.810750047227875
5.7565813189728
5.702639841364585
5.648930966960407
5.595460986962906
5.542237147922259
5.489267661181288
5.436561702526662
5.384129399332948
5.331981802459113
5.280130840306563
5.228589252795047
5.177370503567095
5.1264886694904455
5.075958307472328
5.025794299695426
4.976011679581551
4.926625442018901
4.877650342573445
4.829100691457046
4.7809901488542685
4.7333315287315765
4.686136618394764
4.6394160207721855
4.593179025662238
4.547433515008878
4.502185905715375
4.457441131671113
4.413202664684618
4.369472572052015
4.326251606722657
4.283539324628447
4.241334222871173
4.199633892215525
4.158435177748712
4.117734342590318
4.077527231025031
4.037809429155759
3.998576422834827
3.959823753887569
3.9215471761660137
3.8837428124911266
3.846407311911027
3.809538003938222
3.7731330427548757
3.7371915302279883
3.7017136025829975
3.6667004625027046
3.632154337043018
3.598078342797278
3.5644762436905606
3.531352093796619
3.498709767362227
3.4665523900444994
3.4348816980234473
3.4036973636221965
3.372996335678577
3.3427722485769995
3.313014954317016
3.283710226578369
3.254839674484683
3.226380887504142
3.1983078132245044
3.170591348728872
3.1432001063920136
3.1161012984950935
3.0892616741501056
3.062648438053435
3.036230084192205
3.0099770886092942
2.983862422689549
2.957861870448385
2.931954157689365
2.9061209249056805
2.88034659638876
2.8546182120348353
2.828925292881728
2.803259804214718
2.777616260191095
2.7519919823410115
2.726387484494224
2.700806914800702
2.675258449884725
2.649754516051068
2.6243117160297516
2.598950371686875
2.573693652364923
2.5485663368464246
2.5235933393029177
2.4987981964089445
2.4742017442507622
2.4498211952417996
2.425669753239568
2.4017567901270946
2.3780884746035156
2.3546686295721604
2.3314995359164103
2.3085824256318737
2.2859175232833917
2.263503680062594
2.2413378491957503
2.2194148061381207
2.1977275534401577
2.1762687252333213
2.155033024792462
2.134020354455106
2.11323894442343
2.0927075886075723
2.0724561557103343
2.0525238888086275
2.032955558222714
2.0137961184251756
1.9950849307769956
1.976850688683052
1.9591078865304563
1.9418551340475785
1.9250750753613775
1.9087353745806166
1.8927902996496009
1.8771827906809113
1.8618472773349466
1.8467136128502692
1.8317121683789872
1.8167794998921307
1.801863420627901
1.786926188787216
1.7719450403095625
1.7569102683827722
1.7418219684844019
1.7266868962270527
1.7115164126551305
1.6963255065934582
1.681132035871618
1.6659552225642886
1.6508132048319408
1.6357206029002398
1.62068775620327
1.605722874196692
1.5908368222632028
1.5760484069616607
1.5613869790494677
1.5468897924145923
1.5325938312317293
1.5185247439839988
1.5046875489266036
1.4910636244633437
1.4776159573967402
1.4643008190790445
1.451080942224532
1.4379346016027221
1.4248571843914697
1.4118556909490512
1.3989400477039473
1.3861163812500683
1.3733859750616575
1.3607502932730113
1.3482187643563017
1.3358137296977484
1.3235675846750863
1.311511169158138
1.29965832065982
1.2879953760848015
1.2764824660255623
1.2650656841090493
1.2536912188698022
1.24231174177441
1.2308836567727803
1.219364012216325
1.207717415040709
1.1959332911757212
1.1840414316610641
1.17211152931837
1.160233316725649
1.1484883545517095
1.1369304755979543
1.1255859004752644
1.1144715475088598
1.103618682981365
1.0930847398266765
1.0829424691950966
1.0732505262871674
1.0640230440948837
1.0552170777339038
1.046746221893215
1.0385154135012105
1.0304607543002846
1.0225684669979467
1.0148478797910638
1.0072619892376145
0.9996677603843815
0.9918359001146896
0.9835629495154531
0.974795106615232
0.9656553721001406
0.9563487486125721
0.9470307471282808
0.9377446588800235
0.9284548786554505
0.9191226554145635
0.9097575332166478
0.9004190043174924
0.891191016167635
0.8821672125907561
0.8734504927290941
0.8651277974509699
0.8572075764994684
0.8495905992083357
0.8421423439519579
0.8347926035545358
0.8275173145521214
0.8202337875091749
0.8128038410331038
0.8051755806833963
0.7974646014911453
0.7898669948429953
0.7824995769955362
0.7752892404774119
0.7680173964435171
0.7605356647234601
0.7529160797603444
0.745327985111261
0.7378360618968839
0.7304063543482759
0.7230962969977642
0.7161964818972961
0.7100655274201697
0.7047104343946671
0.6996903223682794
0.6945733078232135
0.6892571572542577
0.6837597371599876
0.6780223625136965
0.6720226716863908
0.6658326528745083
0.6595169705048564
0.6531019831600257
0.6465676526807175
0.6398239844112964
0.6328693262813511
0.6259112474739595
0.6190837170823696
0.6122622710034051
0.6054271602011522
0.5988017953176169
0.592563844780826
0.5868372555929232
0.5816555946786779
0.5768037533793833
0.5720195558994828
0.5670775134723537
0.5617627814548009
0.5561338372752879
0.5504898791748317
0.5450074825489414
0.539754761313091
0.535022891103452
0.5311340971324395
0.527855252200944
0.5245120259660593
0.5207790398876716
0.5169132807230025
0.512964988307617
0.5084350356165753
0.5031783517670545
0.4975994802877492
0.491857873959929
0.4860551829563084
0.48047816846933206
0.4751264555832758
0.4696373947967455
0.4640405428018574
0.4589586115261357
0.45463708370069317
0.4507321962920573
0.4469303817080049
0.4432110197026834
0.4401312077008829
0.43820581906614536
0.4368936978730009
0.4350725488715997
0.43213823864686496
0.42830445327807004
0.42390306966589364
0.41925435357857943
0.41448427036777225
0.4094825980039521
0.40431025454474456
0.3993014066653852
0.3952396989212364
0.39175895771119795
0.38828696955919595
0.3850129149596355
0.3819560774428231
0.378939416310393
0.37584831872723773
0.372414878088825
0.36841947808254033
0.364732970884899
0.36182505652833896
0.35885434029289387
0.35598306465432455
0.3537434464961651
0.35214355766346134
0.349917427601974
0.34661597475188494
0.3428397262488269
0.3385846913464911
0.33386418321733363
0.3287693892091592
0.3229665598008239
0.31817344924317803
0.3143224866724683
0.31094441351229773
0.309795133506615
0.31132917146194966
0.3127437542579855
0.31194785851365914
0.3095985565273199
0.30617210008679224
0.3017809739369875
0.29721797471820777
0.2934117784076317
0.2910758043577719
0.28872398131672583
0.28676460975391316
0.28483039509207436
0.28202009722895455
0.278207202141117
0.2751940885855736
0.27376141218375244
0.2718601932648479
0.26928871200925125
0.26661974092749646
0.2636490624261348
0.2606596416182371
0.2580556950022602
0.2560650339109529
0.2540103111267569
0.2511952418007803
0.24823393113231548
0.24559623240324333
0.24311265480974373
0.2416554851130992
0.23924726796300244
0.236539346783013
0.23398266312671473
0.23058162676542182
0.228147789087115
0.22772037960390046
0.22763392956883147
0.22662982987090202
0.22347288042891547
0.2199168149699258
0.2169493194313223
0.21496555636780307
0.21417055595219173
0.21237102490186247
0.2090108016924078
0.2050225325470425
0.2027382234686776
0.20300240197668498
0.20382798194229237
0.20279850668154592
0.19954333547613287
0.19623518230726525
0.19483000457057073
0.19422942590270778
0.19222455705639332
0.1895756138037227
0.1865230006638602
0.18492557575687377
0.18513900506637596
0.18414329727630918
0.18220711321070765
0.18070945004572717
0.1797724821854406
0.1783072571664809
0.17568731790377742
0.1739580498590699
0.17348722781740128
0.17309953269387665
0.1714438146903504
0.16836551391751373
0.1653148719862218
0.1638629376977763
0.1636232757295248
0.16225177964331122
0.1605533223595465
0.15912302471156203
0.1574488980850255
0.15555915335800305
0.15439470536280744
0.15342955347686557
0.15238170666632872
