-14.99624221346094
-14.996172290778269
-14.996101067211887
-14.996028518566746
-14.995954620198086
-14.99587934700305
-14.995802673412214
-14.995724573380942
-14.995645020380504
-14.995563987389152
-14.995481446882906
-14.995397370826314
-14.995311730662893
-14.9952244973055
-14.995135641126458
-14.995045131947542
-14.994952939029746
-14.994859031062909
-14.994763376155095
-14.99466594182182
-14.994566694975038
-14.994465601911962
-14.994362628303634
-14.994257739183396
-14.994150898934906
-14.994042071280283
-14.993931219267678
-14.993818305258896
-14.993703290916562
-14.993586137191258
-14.993466804308275
-14.993345251754162
-14.993221438263053
-14.99309532180273
-14.992966859560395
-14.9928360079282
-14.992702722488595
-14.992566957999191
-14.99242866837759
-14.992287806685782
-14.992144325114337
-14.99199817496617
-14.991849306640194
-14.99169766961456
-14.99154321242959
-14.991385882670414
-14.991225626949284
-14.99106239088762
-14.990896119097568
-14.99072675516346
-14.990554241622608
-14.99037851994614
-14.990199530519105
-14.99001721262051
-14.989831504402726
-14.989642342870804
-14.989449663861125
-14.989253402019873
-14.989053490781014
-14.988849862343843
-14.988642447650244
-14.988431176361354
-14.988215976833986
-14.987996776096495
-14.987773499824215
-14.987546072314476
-14.9873144164612
-14.987078453728921
-14.986838104126429
-14.986593286179888
-14.986343916905502
-14.98608991178158
-14.9858311847202
-14.98556764803835
-14.985299212428421
-14.985025786928333
-14.984747278890948
-14.984463593953052
-14.984174636003733
-14.983880307152114
-14.983580507694604
-14.983275136081502
-14.982964088882945
-14.982647260754343
-14.982324544401083
-14.981995830542637
-14.98166100787602
-14.9813199630386
-14.980972580570128
-14.980618742874258
-14.980258330179186
-14.979891220497695
-14.979517289586399
-14.979136410904339
-14.978748455570711
-14.978353292321929
-14.977950787467842
-14.977540804847216
-14.977123205782345
-14.976697849032922
-14.97626459074896
-14.975823284423038
-14.975373780841455
-14.974915928034696
-14.974449571226975
-14.973974552784767
-14.973490712164445
-14.972997885859092
-14.972495907344229
-14.9719846070226
-14.97146381216797
-14.970933346867909
-14.970393031965582
-14.96984268500047
-14.969282120147994
-14.968711148158121
-14.968129576292839
-14.967537208262506
-14.96693384416108
-14.966319280400205
-14.96569330964209
-14.965055720731197
-14.964406298624699
-14.963744824321834
-14.963071074791731
-14.962384822900255
-14.961685837335354
-14.96097388253113
-14.960248718590618
-14.959510101207146
-14.958757781584348
-14.95799150635467
-14.957211017496586
-14.956416052250226
-14.955606343031588
-14.954781617345228
-14.953941597695406
-14.953086001495695
-14.95221454097697
-14.951326923093834
-14.950422849429366
-14.949502016098258
-14.948564113648187
-14.947608826959565
-14.946635835143441
-14.945644811437749
-14.944635423101673
-14.943607331308174
-14.942560191034733
-14.941493650952149
-14.940407353311453
-14.93930093382886
-14.938174021568708
-14.937026238824505
-14.935857200997814
-14.934666516475119
-14.933453786502595
-14.932218605058766
-14.930960558724927
-14.92967922655345
-14.92837417993383
-14.927044982456401
-14.925691189773875
-14.924312349460457
-14.922908000868626
-14.92147767498354
-14.920020894274911
-14.918537172546595
-14.91702601478339
-14.915486916995643
-14.913919366060943
-14.912322839563465
-14.91069680563048
-14.909040722766253
-14.907354039683272
-14.90563619513059
-14.903886617719458
-14.902104725746108
-14.90028992701164
-14.898441618638982
-14.896559186886975
-14.894642006961384
-14.892689442822947
-14.890700846992301
-14.888675560351828
-14.886612911944413
-14.884512218768931
-14.882372785572583
-14.880193904639933
-14.877974855578657
-14.875714905102022
-14.873413306807887
-14.871069300954355
-14.868682114232
-14.866250959532538
-14.863775035714063
-14.861253527362647
-14.858685604550367
-14.856070422589742
-14.853407121784425
-14.850694827176287
-14.847932648288655
-14.845119678865862
-14.842254996608986
-14.839337662907646
-14.836366722568108
-14.83334120353731
-14.830260116623048
-14.827122455210212
-14.823927194972951
-14.820673293582884
-14.817359690413287
-14.813985306239108
-14.810549042932976
-14.80704978315708
-14.803486390050855
-14.799857706914592
-14.796162556888795
-14.792399742629398
-14.788568045978753
-14.784666227632396
-14.7806930268016
-14.776647160871693
-14.772527325056105
-14.768332192046183
-14.764060411656766
-14.759710610467549
-14.755281391460123
-14.75077133365088
-14.746178991719585
-14.74150289563388
-14.736741550269473
-14.731893435026238
-14.726957003440152
-14.72193068279111
-14.716812873706631
-14.711601949761647
-14.70629625707412
-14.700894113896842
-14.69539381020526
-14.689793607281494
-14.68409173729459
-14.678286402876978
-14.672375776697466
-14.666358001030403
-14.66023118732172
-14.653993415751277
-14.647642734792136
-14.641177160766583
-14.63459467739914
-14.627893235366637
-14.621070751845448
-14.61412511005617
-14.607054158805669
-14.599855712026914
-14.592527548316525
-14.585067410470405
-14.577473005017474
-14.569742001751896
-14.561872033263784
-14.553860694468852
-14.545705542137046
-14.537404094420436
-14.528953830380829
-14.520352189517022
-14.51159657129233
-14.502684334662439
-14.493612797604069
-14.48437923664463
-14.474980886393377
-14.465414939074309
-14.45567854406122
-14.44576880741528
-14.435682791425746
-14.42541751415386
-14.414969948980811
-14.404337024159924
-14.393515622373743
-14.38250258029646
-14.371294688162221
-14.359888689339916
-14.348281279915001
-14.33646910827894
-14.324448774727008
-14.312216831064966
-14.29976978022542
-14.287104075894453
-14.274216122149475
-14.261102273108797
-14.247758832593892
-14.234182053805178
-14.220368139012175
-14.206313239258776
-14.192013454084773
-14.177464831264526
-14.162663366563649
-14.147605003514943
-14.13228563321443
-14.11670109413877
-14.10084717198514
-14.084719599534608
-14.068314056540505
-14.051626169642786
-14.034651512309846
-14.017385604809
-13.99982391420719
-13.981961854403107
-13.963794786192434
-13.945318017367587
-13.926526802853488
-13.907416344881176
-13.887981793200616
-13.868218245334715
-13.848120746876035
-13.827684291828204
-13.806903822993752
-13.78577423241036
-13.764290361837338
-13.742447003294561
-13.720238899655703
-13.69766074529791
-13.674707186810295
-13.651372823763094
-13.627652209540054
-13.60353985223629
-13.579030215623787
-13.55411772018731
-13.528796744232906
-13.503061625071613
-13.476906660280997
-13.450326109047072
-13.423314193589318
-13.39586510067137
-13.367972983200517
-13.339631961918215
-13.310836127185148
-13.281579540863113
-13.25185623829715
-13.22166023040053
-13.190985505845807
-13.159826033364908
-13.128175764161341
-13.096028634437523
-13.063378568040536
-13.030219479229222
-12.996545275565882
-12.962349860935774
-12.927627138697408
-12.892371014966994
-12.856575402040042
-12.820234221953402
-12.783341410190651
-12.745890919534204
-12.707876724066963
-12.669292823326794
-12.630133246616486
-12.590392057472418
-12.550063358294693
-12.509141295141358
-12.467620062689745
-12.425493909367237
-12.382757142653995
-12.339404134560336
-12.295429327280432
-12.250827239025034
-12.205592470034713
-12.159719708775619
-12.113203738319273
-12.066039442907732
-12.018221814705326
-11.969745960737844
-11.92060711001987
-11.87080062087063
-11.820321988418401
-11.769166852293367
-11.717331004508244
-11.664810397525835
-11.611601152512268
-11.557699567774034
-11.503102127377044
-11.447805509944846
-11.391806597633071
-11.335102485276744
-11.277690489706146
-11.219568159226855
-11.160733283258734
-11.101183902128048
-11.040918317006417
-10.979935099989516
-10.91823310430776
-10.855811474660669
-10.792669657665545
-10.728807412410752
-10.664224821102618
-10.598922299794753
-10.532900609186946
-10.46616086548088
-10.398704551278005
-10.330533526504931
-10.261650039349998
-10.192056737194147
-10.121756677518189
-10.050753338767276
-9.97905063115274
-9.906652907370164
-9.833564973211525
-9.759792098048365
-9.68534002516152
-9.61021498189225
-9.534423689588328
-9.457973373317396
-9.38087177131931
-9.303127144167536
-9.224748283609117
-9.1457445210513
-9.066125735662286
-8.985902362052046
-8.905085397498981
-8.823686408686386
-8.741717537912603
-8.659191508737472
-8.576121631027096
-8.492521805358361
-8.408406526743766
-8.323790887637005
-8.23869058017896
-8.153121897643619
-8.067101735043273
-7.980647588852123
-7.893777555807489
-7.806510330748227
-7.718865203449847
-7.630862054416766
-7.542521349592544
-7.453864133949714
-7.364912023922151
-7.275687198643779
-7.186212389959101
-7.096510871172542
-7.006606444505586
-6.9165234272325975
-6.826286636468801
-6.7359213725861835
-6.645453401236349
-6.554908933962004
-6.464314607382322
-6.373697460941301
-6.283084913211692
-6.1925047367515536
-6.101985031514921
-6.011554196822706
-5.921240901904927
-5.831074055030811
-5.741082771248445
-5.651296338761867
-5.5617441839789645
-5.472455835270132
-5.383460885483906
-5.294788953272132
-5.206469643284393
-5.118532505297949
-5.031006992356417
-4.943922417997687
-4.857307912658488
-4.771192379349987
-4.685604448706297
-4.600572433514078
-4.516124282839112
-4.432287535871517
-4.349089275618519
-4.266556082579523
-4.184713988544004
-4.1035884306586645
-4.023204205914993
-3.943585426213012
-3.8647554741612247
-3.786736959776004
-3.709551678246317
-3.6332205689319537
-3.557763675764525
-3.4832001092207037
-3.409548010036966
-3.336824514833447
-3.265045723812152
-3.1942266706911333
-3.1243812950320393
-3.055522417112428
-2.9876617154877074
-2.920809707379716
-2.854975732019808
-2.7901679370642416
-2.7263932681885024
-2.663657461954749
-2.6019650420331093
-2.541319318843435
-2.4817223926684004
-2.4231751602730007
-2.365677325048047
-2.309227410678
-2.2538227783148663
-2.1994596472211647
-2.146133118826011
-2.0938372041188416
-2.0425648542861214
-1.992307994477052
-1.9430575605653733
-1.8948035387557773
-1.8475350078657211
-1.8012401840961907
-1.7559064680890408
-1.711520494053456
-1.6680681807307565
-1.6255347839544285
-1.5839049505520553
-1.5431627733271895
-1.5032918468525214
-1.4642753238011395
-1.4260959715402741
-1.3887362287116911
-1.3521782615248998
-1.3164040194939322
-1.2813952903549186
-1.247133753910827
-1.2136010345608312
-1.1807787522851925
-1.148648571871874
-1.1171922501882925
-1.0863916813206842
-1.05622893942396
-1.026686319146604
-0.9977463735181189
-0.9693919492100491
-0.9416062191055588
-0.914372712137121
-0.8876753403758819
-0.8614984233802154
-0.8358267098341514
-0.8106453965286526
-0.7859401447596159
-0.761697094236057
-0.7379028746097429
-0.7145446147532866
-0.6916099499274662
-0.6690870269901303
-0.6469645078077466
-0.6252315710376486
-0.6038779124527895
-0.5828937439825346
-0.5622697916421195
-0.5419972925199374
-0.5220679909864856
-0.5024741342807868
-0.48320846762056036
-0.4642642289708121
-0.445635143592515
-0.42731541847846266
-0.40929973676805353
-0.39158325221624324
-0.3741615837748391
-0.357030810327009
-0.34018746559823754
-0.32362853324948126
-0.3073514421409449
-0.2913540617381205
-0.2756346976154429
-0.26019208699735685
-0.24502539426195646
-0.23013420631850678
-0.2155185277575402
-0.20117877566048925
-0.1871157739454219
-0.1733307471161467
-0.15982531327399485
-0.1466014762449941
-0.13366161666977838
-0.12100848190003433
-0.1086451745428878
-0.0965751394943446
-0.08480214930403918
-0.07333028771702566
-0.06216393124356223
-0.05130772861566335
-0.0407665779993458
-0.030545601844265136
-0.020650119268204037
-0.011085615892547196
-0.0018577110666360142
0.0070278775558580975
0.01556537209704878
0.023748975168182085
0.03157291315795163
0.03903148199930051
0.04611909527748104
0.0528303344985499
0.05916000129217558
0.0651031712759007
0.07065524926062494
0.07581202542999321
0.08056973208059759
0.08492510046644597
0.08887541725144033
0.09241858003861303
0.09555315141636456
0.09827841094083567
0.10059440446150703
0.10250199019511008
0.10400288096230348
0.10509968202297593
0.10579592398028481
0.10609609027091871
0.106005638819477
0.10553101750802618
0.10467967319657667
0.1034600541254509
0.10188160563406434
0.09995475924040953
0.09769091523856055
0.09510241908478534
0.09220253195276484
0.0890053959415269
0.08552599451188492
0.08178010880530628
0.07778427055912651
0.0735557123714976
0.06911231608517987
0.06447256004993918
0.059655465987393796
0.05468054611976214
0.049567751135731086
0.04433741945422831
0.03901022811327337
0.03360714545952348
0.028149385649507863
0.022658364800520303
0.017155658453912537
0.011662959841629572
0.006202038284971678
0.0007946969084127176
-0.004537271272690546
-0.009772129927878126
-0.014888249752265992
-0.019864163699448767
-0.024678628219861665
-0.029310691559082613
-0.033739770066690156
-0.03794573331557949
-0.041908998634855976
-0.04561063541805055
-0.04903247928565868
-0.05215725586125863
-0.0549687135703234
-0.057451764498081204
-0.05959263195752662
-0.061379003032346446
-0.06280018398566511
-0.06384725607851038
-0.06451322903752654
-0.0647931891654796
-0.06468443891589715
-0.06418662466898084
-0.06330184946097539
-0.06203476754188131
-0.06039265787000936
-0.05838547399430993
-0.056025868218469554
-0.05332918846911916
-0.05031344688297956
-0.046999259756431044
-0.04340975913349254
-0.039570476909714714
-0.03550920286306081
-0.0312558184552838
-0.026842108549150367
-0.022301553337021218
-0.01766910276449707
-0.01298093556097335
-0.008274204673337948
-0.00358677046963507
0.001043077420609606
0.005576909279822573
0.009976455613488255
0.01420391908936125
0.01822229879391557
0.021995727473107962
0.025489822142223062
0.028672047884210627
0.0315120938070077
0.0339822590198704
0.036057845162943636
0.03771755055235104
0.038943859474130704
0.039723418678798694
0.04004739180792605
0.039911781440041594
0.03931770778278576
0.03827163285241575
0.0367855193338098
0.03487691423230821
0.032568948898475725
0.029890248966836452
0.02687475009260787
0.02356141794843225
0.01999387357909299
0.01621992771584324
0.012291029842531387
0.008261639533028386
0.004188528748294118
0.0001300243689712488
-0.0038547996939790607
-0.007706971779237293
-0.011368504588553208
-0.014783301955452188
-0.01789808210490662
-0.02066330865195809
-0.023034119236600148
-0.02497123952858793
-0.026441867447090317
-0.027420509057821008
-0.027889744097853608
-0.027840895897051965
-0.027274578121897264
-0.026201089751609175
-0.024640630408296005
-0.022623310850164557
-0.020188938142103652
-0.017386561551964164
-0.014273773165777826
-0.010915765965201274
-0.007384160947282226
-0.0037556230640554134
-0.00011029270239149014
0.003469935277733427
0.006903249359289987
0.010109838357385215
0.013013848731334932
0.015545342391243722
0.017642213638888293
0.01925202124430747
0.020333687742192907
0.02085901317173544
0.020813945550242963
0.020199546673406843
0.019032590905469604
0.01734573791709515
0.015187228900805039
0.0126200700106196
0.0097206861454886
0.00657705137719411
0.00328632729111078
-4.793507830669341e-5
-0.003318952376707429
-0.0064201304736055675
-0.009248643457263839
-0.011709055385404454
-0.01371686566353425
-0.015201856123589153
-0.016111115335897708
-0.016411613000531844
-0.016092195438593748
-0.015164874690876573
-0.01366529194504551
-0.01165225440817963
-0.009206275690514687
-0.006427093557514141
-0.00343019322117577
-0.0003424244311922564
0.0027031397670977952
0.005572901948992737
0.008138755126612551
0.010284144518708516
0.011909893511697689
0.012939507949960571
0.013323677499053943
0.013043703723321087
0.01211360332985656
0.010580666544907302
0.00852430127356918
0.006053068900619962
0.0032999184521163016
0.00041574717116255044
-0.002438454156594716
-0.005100489039397971
-0.0074163923242220875
-0.009249863535144343
-0.010491111665336561
-0.011064529339360973
-0.010934646200347231
-0.01010986864136676
-0.008643597106456014
-0.006632430268277645
-0.0042113260580478595
-0.0015457957583304704
0.001178550098900999
0.0037685302063596993
0.006037187822196088
0.00781786773234927
0.008977492391176511
0.009427946714119173
0.009134556383166625
0.00812079222555262
0.006468546714517132
0.004313610424286907
0.0018363320977741182
-0.0007521291437466715
-0.003227086504473675
-0.005369823469305146
-0.006987630919660148
-0.007932505840768656
-0.008116622994325695
-0.007522870311905905
-0.006209085428039884
-0.004305119390007661
-0.0020024688984765504
0.0004630536026990484
0.002834340825753401
0.004859641567264816
0.0063201319506411835
0.007055324872823121
0.006983231265495604
0.006112568906118554
0.0045450380628615505
0.002466678194949168
0.0001285202807128627
-0.002181917163612823
-0.004175394613808336
-0.005597927524096491
-0.006265192263546382
-0.006089496693464369
-0.005095086775208202
-0.003418854569714469
-0.0012953062140841354
0.0009732415012493334
0.003058038827971288
0.004651580471103145
0.005514758532941144
0.005516057208794223
0.00465596682198921
0.003071638648817654
0.0010196257897980843
-0.0011620335764561673
-0.003107571514373575
-0.004485053447318421
-0.005055484337335159
-0.004718598873232338
-0.0035359473229821248
-0.0017253615541275025
0.00037419197804311466
0.00236281356775514
0.0038550883227195243
0.004556863715263759
0.0043278306465364125
0.0032158202024472615
0.0014535131211577124
-0.0005844132669849955
-0.0024572422128947835
-0.003752945142812436
-0.004181723029059725
-0.003646675844779068
-0.0022732375551228756
-0.0003873272896512958
0.0015561423412719932
0.0030803571133564134
0.003805058020537544
0.003546875486222234
0.002373913326014332
0.0005966420195022692
-0.0013070204622156467
-0.0028165471568470934
-0.0035122997051146854
-0.003198191091350111
-0.001966267511152253
-0.00017975061509822865
0.0016262371640554107
0.0029017334773904224
0.003252061963269881
0.0025680285017184445
0.0010710811226335437
-0.0007477133290763049
-0.0022820342305465147
-0.0030120541150306934
-0.002687065461875804
-0.0014230847892804377
0.00032598027716446154
0.0019221818845824856
0.0027739263692634353
0.002561043795699547
0.0013673192680290214
-0.00033839252912315487
-0.0018758658924173943
-0.0026222274360261366
-0.0022710916820916083
-0.000972187757440679
0.0007171386259319235
0.0020608626948561692
0.0024645078222551575
0.0017481417015705603
0.00024306301846621636
-0.0013458217158337504
-0.0022628722625128717
-0.0020659148279040807
-0.0008546566458864646
0.0007611776187594899
0.001956158101037886
0.002110885961442932
0.0011463189631690796
-0.00041578715512358144
-0.0017187912339569067
-0.0020376357944957846
-0.0011943748887777161
0.00032121084525371657
0.0016174621097224673
0.001920732574456352
0.0010497209806690222
-0.000453178465686932
-0.0016400576972515069
-0.0017518605935471498
-0.0007192874992512088
0.0007692170269262277
0.0017079622999727206
0.0014545740971154686
0.00019024129697164938
-0.0011831319957096298
-0.0016724847464235637
-0.0009213321148262565
0.0005036533213473859
0.0015154201249227839
0.0013323727999132728
0.00010353545214059068
-0.001182392785860742
-0.0014773625024169235
-0.0005411875990173343
0.0008315057382368707
0.0014617579121392055
0.0008033365541653126
-0.0005537511603446177
-0.0013820188745654605
-0.0009241935817740909
0.0003862324498786762
0.0013017155991885687
0.0009410575325610182
-0.0003352231447522058
-0.001249080147431414
-0.0008755584894650781
0.0003929596629372867
0.0012212847041901398
0.0007289175745679444
-0.000542709557999288
-0.0011878000163587643
-0.0004876379405640563
0.0007521337898541702
0.00109315432812096
0.00014008132934151263
-0.000958826764479781
-0.0008670222322937349
0.0002938649897323842
0.0010590015398168617
0.0004551372916008489
-0.0007248356355074037
-0.0009221943848078951
0.00011972542099591976
0.0009742091924511698
0.0004620161683188684
-0.0006867101479830495
-0.000828390624741715
0.00023372805321386636
0.0009261378851235236
0.00021702863281447549
-0.0008043384364189166
-0.0005600736246726967
0.0005554296275889214
0.0007597414941376002
-0.0002682089639662877
-0.0008304505696159481
4.41888895963416e-6
0.0008105957977964096
0.00020486412081055505
-0.0007422252551361197
-0.00035206843422841416
0.0006599325577010262
0.0004430048170505074
-0.0005873193171108682
-0.0004882009273217136
0.0005377828082107072
0.0004971662047807968
-0.0005167721511707413
-0.00047541896913116943
0.000523694689086085
0.00042362264179374165
-0.0005526362018120068
-0.0003383905767897488
0.0005918276332792516
0.00021478975182276372
-0.0006224954124789406
-5.091711763149931e-5
0.0006185741936590716
-0.00014529540578855915
-0.0005497239594340897
0.00034819788820428244
0.0003906018366297559
