-14.996231398272103
-14.996161277280786
-14.99608985179577
-14.996017097556969
-14.99594298985343
-14.995867503514978
-14.99579061290364
-14.995712291905027
-14.995632513919407
-14.995551251852786
-14.99546847810768
-14.9953841645738
-14.995298282618528
-14.995210803077219
-14.995121696243316
-14.995030931858372
-14.994938479101698
-14.994844306580015
-14.994748382316809
-14.994650673741527
-14.994551147678532
-14.994449770335931
-14.994346507294065
-14.994241323493945
-14.99413418322538
-14.994025050114866
-14.993913887113335
-14.993800656483604
-14.993685319787632
-14.993567837873538
-14.993448170862317
-14.993326278134456
-14.993202118316143
-14.993075649265284
-14.99294682805736
-14.992815610970798
-14.992681953472276
-14.992545810201735
-14.992407134956958
-14.992265880678053
-14.992121999431541
-14.99197544239416
-14.991826159836464
-14.991674101105934
-14.991519214610005
-14.991361447798564
-14.991200747146323
-14.991037058134681
-14.990870325233379
-14.990700491881842
-14.990527500470021
-14.990351292319009
-14.990171807661293
-14.98998898562061
-14.989802764191444
-14.989613080218152
-14.989419869373663
-14.98922306613785
-14.989022603775492
-14.988818414313789
-14.988610428519488
-14.988398575875653
-14.988182784557873
-14.987962981410133
-14.987739091920261
-14.987511040194839
-14.987278748933662
-14.987042139403881
-14.98680113141344
-14.986555643284216
-14.98630559182453
-14.986050892301362
-14.9857914584117
-14.985527202253788
-14.985258034297468
-14.984983863354326
-14.984704596546978
-14.984420139277974
-14.984130395198159
-14.983835266174315
-14.983534652256369
-14.983228451643825
-14.98291656065181
-14.982598873676281
-14.982275283158756
-14.981945679550268
-14.981609951274843
-14.981267984692135
-14.980919664059426
-14.980564871493058
-14.98020348692901
-14.979835388082812
-14.979460450408771
-14.97907854705839
-14.978689548838101
-14.978293324166199
-14.977889739028956
-14.977478656936022
-14.977059938874941
-14.976633443264953
-14.976199025909787
-14.975756539949767
-14.97530583581299
-14.974846761165564
-14.974379160861094
-14.97390287688913
-14.973417748322664
-14.972923611264891
-14.97242029879468
-14.97190764091138
-14.971385464478505
-14.970853593166353
-14.970311847393667
-14.969760044268199
-14.969197997526324
-14.968625517471416
-14.968042410911224
-14.96744848109415
-14.966843527644258
-14.966227346495184
-14.965599729823047
-14.964960465977809
-14.964309339413756
-14.963646130618525
-14.962970616040932
-14.962282568017581
-14.961581754698075
-14.960867939968947
-14.960140883376228
-14.95940034004668
-14.958646060607595
-14.957877791105222
-14.957095272921668
-14.956298242690481
-14.955486432210574
-14.954659568358775
-14.953817373000769
-14.95295956290054
-14.952085849628078
-14.951195939465688
-14.950289533312532
-14.949366326587446
-14.948426009130191
-14.947468265100921
-14.94649277287796
-14.945499204953663
-14.944487227828613
-14.943456501903956
-14.942406681371837
-14.941337414103906
-14.94024834153806
-14.939139098563071
-14.938009313401249
-14.93685860748922
-14.93568659535652
-14.934492884502161
-14.933277075269125
-14.932038760716692
-14.930777526490505
-14.929492950690646
-14.928184603737206
-14.926852048233844
-14.925494838828824
-14.924112522073802
-14.922704636280333
-14.921270711373777
-14.91981026874485
-14.91832282109873
-14.916807872301629
-14.915264917224741
-14.913693441585728
-14.91209292178748
-14.910462824754182
-14.908802607764814
-14.907111718283828
-14.905389593789035
-14.9036356615967
-14.901849338683846
-14.900030031507535
-14.898177135821387
-14.896290036488942
-14.89436810729425
-14.89241071074916
-14.890417197897735
-14.888386908117441
-14.886319168917206
-14.884213295732279
-14.88206859171578
-14.879884347527144
-14.877659841117087
-14.875394337509238
-14.873087088578412
-14.870737332825495
-14.868344295148798
-14.865907186611814
-14.8634252042076
-14.860897530619507
-14.858323333978186
-14.855701767615066
-14.853031969812111
-14.850313063547704
-14.847544156238989
-14.844724339480187
-14.841852688777191
-14.838928263278268
-14.835950105500864
-14.832917241054325
-14.829828678358936
-14.826683408360633
-14.823480404241867
-14.820218621128372
-14.816896995791794
-14.81351444634824
-14.810069871952688
-14.80656215248916
-14.802990148256793
-14.79935269965157
-14.795648626843983
-14.79187672945229
-14.788035786211564
-14.784124554638451
-14.780141770691657
-14.776086148428035
-14.771956379654497
-14.767751133575482
-14.763469056436147
-14.759108771161173
-14.754668876989353
-14.75014794910379
-14.745544538257793
-14.740857170396435
-14.736084346273877
-14.731224541066409
-14.726276203981238
-14.721237757860996
-14.716107598784209
-14.710884095661374
-14.705565589827158
-14.700150394628324
-14.694636795007732
-14.68902304708436
-14.683307377729324
-14.677487984138132
-14.671563033399062
-14.665530662057915
-14.659388975679095
-14.653136048403109
-14.646769922500699
-14.640288607923567
-14.633690081851835
-14.626972288238473
-14.620133137350715
-14.613170505308494
-14.606082233620349
-14.598866128716587
-14.591519961480147
-14.584041466775247
-14.576428342973836
-14.568678251480286
-14.560788816254469
-14.552757623333289
-14.54458222035099
-14.536260116058536
-14.527788779842226
-14.51916564124185
-14.51038808946863
-14.501453472923309
-14.492359098714438
-14.483102232177753
-14.473680096396258
-14.464089871721935
-14.454328695299111
-14.444393660590046
-14.434281816903152
-14.423990168924012
-14.413515676250078
-14.402855252929138
-14.392005767002134
-14.380964040050966
-14.369726846751641
-14.358290914433375
-14.346652922644292
-14.334809502724124
-14.322757237384826
-14.310492660299454
-14.298012255700137
-14.285312457985752
-14.272389651340227
-14.25924016936199
-14.245860294705361
-14.232246258735
-14.21839424119376
-14.204300369885274
-14.189960720372062
-14.175371315689778
-14.160528126079189
-14.145427068736208
-14.130064007581641
-14.114434753051281
-14.098535061907793
-14.082360637075244
-14.065907127497848
-14.049170128023784
-14.03214517931564
-14.014827767788692
-13.997213325578487
-13.979297230538974
-13.961074806272716
-13.942541322194892
-13.923691993632168
-13.904521981958673
-13.885026394770014
-13.865200286097622
-13.845038656664897
-13.824536454186845
-13.803688573715407
-13.782489858032044
-13.760935098089591
-13.739019033505553
-13.716736353108736
-13.694081695541364
-13.671049649918848
-13.647634756549461
-13.623831507716131
-13.599634348522654
-13.575037677806911
-13.550035849123203
-13.52462317179655
-13.498793912051053
-13.47254229421547
-13.445862502008202
-13.41874867990461
-13.391194934589318
-13.363195336496478
-13.334743921440568
-13.30583469234097
-13.27646162104298
-13.246618650238478
-13.21629969548911
-13.185498647355239
-13.154209373633552
-13.12242572170687
-13.090141521008855
-13.057350585607299
-13.024046716908895
-12.990223706488953
-12.955875339049324
-12.92099539550779
-12.885577656222276
-12.849615904353204
-12.813103929367198
-12.776035530685684
-12.738404521481527
-12.700204732626887
-12.661430016795787
-12.622074252724545
-12.582131349633071
-12.541595251810334
-12.500459943367051
-12.45871945315852
-12.416367859880589
-12.373399297341443
-12.329807959912165
-12.285588108158441
-12.240734074656052
-12.195240269992393
-12.14910118895616
-12.102311416917445
-12.054865636399768
-12.006758633845811
-11.957985306578312
-11.908540669957114
-11.858419864733536
-11.807618164602413
-11.756130983952387
-11.703953885814297
-11.651082590007496
-11.597512981483312
-11.543241118864822
-11.488263243181022
-11.432575786794185
-11.376175382517413
-11.319058872919983
-11.261223319817038
-11.202666013939622
-11.14338448478092
-11.083376510613446
-11.022640128671622
-10.961173645493535
-10.898975647414753
-10.836045011206709
-10.772380914851109
-10.707982848441189
-10.642850625199946
-10.57698439260438
-10.510384643604215
-10.443052227922353
-10.374988363423757
-10.306194647538142
-10.236673068721142
-10.166426017937555
-10.09545630014905
-10.023767145787835
-9.951362222196769
-9.878245645015065
-9.80442198948766
-9.72989630167542
-9.654674109541748
-9.578761433890463
-9.502164799128055
-9.42489124382289
-9.34694833103211
-9.268344158366228
-9.189087367759763
-9.109187154915647
-9.028653278389282
-8.947496068277468
-8.86572643447613
-8.783355874469484
-8.700396480612387
-8.616860946866508
-8.532762574950038
-8.448115279859643
-8.36293359472232
-8.277232674934542
-8.191028301544758
-8.104336883835067
-8.017175461057217
-7.9295617032778125
-7.841513911286962
-7.753051015525019
-7.664192573981383
-7.574958769020136
-7.485370403086922
-7.395448893252551
-7.305216264549087
-7.214695142055173
-7.123908741688518
-7.032880859664556
-6.941635860582107
-6.850198664098407
-6.758594730158116
-6.66685004274305
-6.5749910921122385
-6.4830448555045095
-6.391038776279224
-6.299000741474167
-6.206959057763571
-6.114942425803022
-6.0229799129530015
-5.931100924377191
-5.83933517251694
-5.747712644948868
-5.656263570638085
-5.56501838460612
-5.474007691038471
-5.383262224864069
-5.292812811845536
-5.202690327226755
-5.112925652991754
-5.023549633796952
-4.934593031646578
-4.846086479389861
-4.758060433126616
-4.670545123616758
-4.583570506797901
-4.497166213523947
-4.411361498646388
-4.32618518956885
-4.241665634413955
-4.15783064995019
-4.074707469434754
-3.992322690536394
-3.910702223509956
-3.829871239801532
-3.7498541212701895
-3.6706744102182025
-3.5923547604273622
-3.514916889404029
-3.4383815320394806
-3.362768395895225
-3.288096118325477
-3.2143822256497945
-3.141643094589316
-3.0698939161784136
-2.9991486623616783
-2.92942005548187
-2.860719540859547
-2.793057262658385
-2.7264420432219527
-2.660881366057792
-2.5963813626337444
-2.5329468031379676
-2.470581091339815
-2.409286263672458
-2.3490629926402633
-2.289910594634625
-2.231827042220944
-2.1748089809372413
-2.118851750621104
-2.0639494112565817
-2.0100947733068395
-1.9572794324710667
-1.905493808776166
-1.8547271898855229
-1.8049677784778417
-1.7562027435199052
-1.7084182752280803
-1.6615996434842621
-1.6157312594436917
-1.5707967400444822
-1.5267789751022836
-1.4836601966484793
-1.441422050146997
-1.4000456672036208
-1.3595117393628193
-1.3198005925706795
-1.280892261869587
-1.2427665658800002
-1.2054031806182728
-1.1687817121968322
-1.132881767954233
-1.0976830255682408
-1.0631652997149033
-1.0293086058511793
-0.9960932207177358
-0.9634997391821596
-0.9315091270716174
-0.9001027696767405
-0.8692625156464668
-0.8389707160354192
-0.8092102583116816
-0.7799645951829195
-0.7512177681523955
-0.722954425773203
-0.6951598366285232
-0.6678198971270977
-0.6409211342663443
-0.6144507035793101
-0.5883963825456142
-0.5627465598099537
-0.5374902206133498
-0.5126169289016094
-0.4881168066313748
-0.46398051084548086
-0.44019920913530264
-0.4167645541472176
-0.39366865782205984
-0.3709040660796319
-0.34846373467364344
-0.3263410069450856
-0.30452959419296555
-0.2830235593594672
-0.2618173046915935
-0.2409055639921398
-0.22028340000930946
-0.19994620743597302
-0.17988972189679764
-0.1601100351941298
-0.14060361696285284
-0.1213673427509594
-0.1023985283981439
-0.08369497043088181
-0.06525499203215723
-0.047077493979308827
-0.029162009778229248
-0.011508764060270238
0.00588126684700363
0.02300629340701299
0.039863651777947595
0.0564497445972485
0.0727599851901708
0.08878874679441218
0.10452931840639401
0.11997386882981331
0.13511342044061259
0.14993783407319583
0.16443580627966803
0.17859488001876223
0.1924014695963745
0.20584090041023018
0.21889746375362584
0.23155448661600886
0.2437944160916743
0.2555989176840008
0.2669489864844259
0.2778250699269105
0.28820720058379123
0.298075137291395
0.30740851278580195
0.31618698600077266
0.32439039723793606
0.33199892456693547
0.338993240048703
0.34535466469059095
0.3510653214251196
0.35610828583475573
0.36046773479843175
0.3641290936804058
0.36707918308373344
0.3693063665105978
0.37080070047136005
0.3715540886254747
0.37156044138695954
0.37081584205887097
0.36931871995867915
0.36707003015762396
0.36407343839473505
0.36033550847253615
0.35586588804723895
0.3506774872625016
0.34478664323198416
0.33821326205704594
0.3309809289884118
0.32311697662592387
0.3146525008168677
0.30562231426732644
0.2960648289059762
0.286021859786441
0.27553834578950287
0.2646619855454322
0.2534427907356278
0.24193256308758393
0.23018430572487247
0.21825158380121223
0.2061878532252912
0.19404577944638746
0.18187657040662764
0.16972934860366173
0.15765058655232878
0.14568362769854204
0.1338683110707386
0.12224071285363713
0.11083301199198026
0.09967348037550217
0.08878659172560255
0.07819323765437325
0.06791103512974672
0.05795470727787411
0.048336519402624845
0.03906675433361606
0.030154215412062868
0.02160675090082087
0.013431799333748273
0.005636960018037485
-0.0017694048094956116
-0.008777531074574796
-0.015375578135765622
-0.02154893016173176
-0.02727950106556598
-0.03254508911805054
-0.03731884688185616
-0.04156894939514899
-0.04525855503743692
-0.048346155686591175
-0.050786402654686924
-0.05253147068740738
-0.05353298396996031
-0.053744477637323484
-0.053124309959471816
-0.05163888031707842
-0.04926595377238918
-0.045997852330627254
-0.041844252985004715
-0.036834338525828514
-0.031018081126306996
-0.024466499579071765
-0.01727081372706607
-0.009540515818621031
-0.001400477618474838
0.007012697448114835
0.015554797101545503
0.024078276039301016
0.03243635588709459
0.040486650691555326
0.04809408540092086
0.05513297094362457
0.06148821653555103
0.06705578503809662
0.07174261492078138
0.07546632489543548
0.07815506620975121
0.07974787644913306
0.08019580655912151
0.07946393860896528
0.07753419853071009
0.07440862511642266
0.07011252893249065
0.06469681747301514
0.05823873012454861
0.05084035757283978
0.04262462407471368
0.03372885459467234
0.024296554242399182
0.014468481035066816
0.004374367829802495
-0.0058733616636317265
-0.016182885049410345
-0.026482931606842897
-0.03671985621427787
-0.04685307106157666
-0.056850543295395184
-0.06668603424644992
-0.07633912236976137
-0.08579790387032915
-0.09506289056053774
-0.10414947016789533
-0.11308584942364597
-0.12190402982730397
-0.13062313762934252
-0.13922700160986956
-0.14764050974299536
-0.15571103173883039
-0.16320123240886453
-0.16979756311546268
-0.17513498613606515
-0.17883417738036833
-0.18054408295923352
-0.17998158756509497
-0.17696166449490924
-0.17141501621047084
-0.1633941972955757
-0.15307163020595738
-0.14073265642883293
-0.12676420973812164
-0.11163672790687151
-0.09587592119564192
-0.08002341973291394
-0.0645904634887291
-0.05001393884059446
-0.03662580229475765
-0.02464334650397504
-0.01417999275035342
-0.00526832390460541
0.0021164456949058774
0.008041126097365847
0.012607812684210629
0.015948674093360538
0.018213681431648254
0.01954903533177088
0.020074503296982016
0.0198749926402062
0.019018944365832624
0.0176026715558546
0.015801941895517757
0.013900600483074399
0.01226978975411619
0.011291696293731945
0.011250352385495432
0.012234034383020287
0.0140956546080524
0.01649513032315042
0.01901034100357002
0.021270032259016247
0.023051410843676123
0.024303898855738026
0.025098775933692252
0.025541557814698024
0.025700607673808662
0.025593908265559406
0.025242140283554093
0.024755533123709483
0.024393651611413603
0.024539763191178565
0.02557333759839331
0.027690935372953973
0.030774903169271894
0.03439390585804425
0.037933168116028426
0.040755900383334875
0.042280160030408354
0.0419483262071374
0.03919063337303186
0.0335111446996077
0.024708491555761825
0.013087039877325068
-0.0005254673148424871
-0.015010484438789717
-0.02931366967727378
-0.04270610763885507
-0.05479875415178803
-0.06531343300777515
-0.07376843031933866
-0.07930796920266481
-0.08083473936021512
-0.07740840557451989
-0.06868076261010891
-0.055101755151197196
-0.03776205073269345
-0.017920204656544314
0.0035703589471616226
0.026559778309721338
0.05123442186791749
0.07709323914022548
0.10201389001459304
0.1224795880749685
0.13524124994450126
0.1392559569844778
0.13621737392463196
0.1291835944597004
0.12053934595169657
0.11095131737032915
0.09982846883630003
0.0865065744365765
0.07109750726274022
0.05455337926748882
0.03827516351382698
0.023881297167770654
0.013208962156904036
0.007885435615085257
0.00822196743939152
0.012635681571188329
0.01885263496606271
0.025670043889729044
0.03267778492303819
0.038375276779055056
0.040179329586015555
0.03702308398013088
0.03095898058348112
0.02564923180198342
0.023371086917338246
0.0228054878385624
0.01973771152268
0.01118163910218506
-0.001567544874934157
-0.015207569951503075
-0.028435524404279988
-0.04191991449120103
-0.05446545155394311
-0.05996886127208967
-0.05066919793313396
-0.025993086190224446
0.0050414142379882065
0.03326886923949779
0.056381966041142206
0.07463714932142196
0.08659963709759388
0.09159966763412086
0.09108428857782513
0.08639013920111971
0.07802176481551015
0.0654233691623336
0.04637520269649542
0.02067406092426438
-0.006875918947123694
-0.03306871071645112
-0.060884484226775726
-0.09083601912535855
-0.11741097297862346
-0.13603928168376278
-0.14334354673975724
-0.13813482449251602
-0.1255988736043765
-0.11234514393359163
-0.10426814356983805
-0.10719901922646358
-0.11986924669987964
-0.1344572476578172
-0.14618877269536235
-0.15309527901935027
-0.14694438264049836
-0.11833136249466669
-0.07321427186500529
-0.03037553499938994
0.0007494065578175224
0.027306824125039597
0.050647747818439726
0.05590761032156877
0.03825426916954555
0.00926403570265144
-0.02650742018761676
-0.06610594529516867
-0.10072449409658013
-0.13021433466755106
-0.16586695748346258
-0.20689194152548396
-0.2333823286658454
-0.2369405462490839
-0.22817694397385324
-0.2171082093557679
-0.20434917833180677
-0.17107423634199392
-0.0991970386727683
-0.006213737451494339
0.06958254260838359
0.10658299410079053
0.11124119468983906
0.09447849625790994
0.06722024500276191
0.03376001638032555
-0.010090404615597848
-0.06234846284548823
-0.11076406838031794
-0.1257137395715251
-0.12015130483998071
-0.11542632811979026
-0.10423248661846785
-0.08562645466417251
-0.06637032648844254
-0.05099760507155793
-0.05036372281712609
-0.07376789806428796
-0.08625765628936577
-0.06812814221199659
-0.05355793897606276
-0.03581870337586146
0.007765337565770025
0.0782652576515126
0.12172057189500407
0.1177867222351523
0.09158253862089616
0.04232493558620121
-0.030010962497213356
-0.12191517390483142
-0.2491442119966596
-0.33346240778965885
-0.37677644883692274
-0.3999470691758642
-0.3191815863574199
-0.10983550429504874
0.09636295852459753
0.19741406402193107
0.22266250217652583
0.19362169748591285
0.11442241050185054
0.023764738064954827
-0.0312597774763983
-0.012892654196765108
0.0037069657819426283
0.039911225297077024
0.07683062730305501
0.06634075761399316
0.00030537277635644955
-0.024723964828467615
0.03529564506786542
0.06917113558288257
0.06488763974596878
0.053727624547523334
0.023875880233807933
-0.008898191850782666
-0.021193459079007937
0.0009252403084012428
0.018381017370035835
-0.010498690366508967
-0.05000922154765597
-0.07186740360704214
-0.08595827885329399
-0.03804138909673327
-0.04994525692553431
-0.08225452655247345
-0.10681845546317348
-0.18735868421060786
-0.2079598716610711
-0.09892107809132078
0.03338623279999098
0.10570143482910233
0.03324220788506338
-0.06895278216755507
-0.13400001858151356
-0.13350055674677463
-0.051293749170669756
-0.039603262874933876
-0.1399393175230479
-0.2884832795396708
-0.31765257561226434
-0.16235280007433417
0.035977685199693354
0.098598083698203
-0.006152020266803504
-0.11815581790944307
-0.0878685060833817
0.0038569341274570235
-0.013481272807281286
-0.08310726813961544
-0.18736595739476414
-0.17820222937164765
-0.0236550911308413
0.03376742286667245
0.013475630528571259
0.027986080533569435
0.08853723189209362
0.10417286428435091
0.020083421548640956
0.009992192296637725
0.10801639172105126
0.21387484911113042
0.20791824961240124
0.07318717945676312
-0.06284522386565605
-0.056900216643132495
0.05944778223314806
0.07153328415537707
0.05189807852210748
0.05597904105799145
0.03555991264019731
-0.007310224521324571
0.0182867090256309
0.06263710810697276
0.09832707765473359
