0.3757786539059892
0.37925816065574686
0.38276986646578437
0.38631406876307295
0.3898910677052971
0.3935011662093307
0.39714466997298853
0.40082188749821607
0.4045331301224784
0.4082787120385982
0.41205895032635936
0.41587416497062835
0.41972467889442133
0.423610817980965
0.42753291110328184
0.43149129014927046
0.43548629005056333
0.43951824880720247
0.4435875075170052
0.44769441040218083
0.4518393048385508
0.45602254138297654
0.46024447380374445
0.464505459102513
0.46880585755625
0.4731460327304824
0.4775263515219865
0.4819471841787523
0.48640890433898
0.49091188905278726
0.49545651881690944
0.5000431776055184
0.50467225289986
0.5093441357184296
0.514059220650845
0.518817905889194
0.5236205932547715
0.5284676882392519
0.5333596000298834
0.5382967415445522
0.5432795294622391
0.5483083842624581
0.5533837302526153
0.5585059956029419
0.5636756123814326
0.5688930165885485
0.574158648191335
0.5794729511546838
0.5848363734833607
0.5902493672479725
0.5957123886322631
0.6012258979561733
0.6067903597220166
0.6124062426432351
0.6180740196889675
0.6237941681120079
0.629567169493465
0.6353935097756886
0.6412736793007648
0.6472081728510438
0.6531974896824888
0.6592421335692153
0.6653426128366314
0.6714994404028751
0.6777131338189395
0.6839842153081162
0.6903132118032234
0.6967006549899503
0.7031470813460027
0.7096530321815313
0.7162190536788211
0.7228456969371332
0.7295335180117678
0.736283077954148
0.7430949428582517
0.7499696838982883
0.7569078773751674
0.7639101047572059
0.770976952722399
0.7781090132046935
0.7853068834353738
0.792571165986707
0.7999024688185572
0.8073014053197715
0.8147685943550621
0.8223046603094808
0.8299102331332706
0.8375859483863282
0.8453324472869181
0.8531503767538442
0.8610403894554616
0.8690031438548148
0.8770393042575462
0.8851495408565166
0.8933345297814713
0.9015949531448972
0.9099314990904475
0.918344861839869
0.9268357417423031
0.9354048453207474
0.944052885323433
0.9527805807681669
0.961588656996374
0.9704778457192262
0.979448885065506
0.988502519633554
0.997639500541976
1.006860585475999
1.016166538739265
1.0255581313038789
1.0350361408611006
1.0446013518717778
1.0542545556161078
1.0639965502442779
1.0738281408286683
1.0837501394136235
1.0937633650667655
1.1038686439304985
1.1140668092732278
1.1243587015399032
1.1347451684040266
1.145227064819327
1.1558052530720733
1.1664806028289156
1.177253991193839
1.1881263027552011
1.1990984296392466
1.2101712715622714
1.2213457358808344
1.2326227376438237
1.244003199642975
1.2554880524663845
1.267078234547331
1.2787746922169954
1.2905783797548895
1.3024902594397463
1.3145113016003551
1.3266424846659002
1.3388847952168021
1.35123922803428
1.3637067861508965
1.3762884808991414
1.3889853319622063
1.4017983674216754
1.4147286238076688
1.4277771461457647
1.4409449880054161
1.4542332115485408
1.467642887575569
1.4811750955726808
1.49483092375756
1.5086114691254064
1.5225178374949282
1.5365511435510435
1.5507125108901958
1.565003072063699
1.5794239686200726
1.5939763511465312
1.6086613793112499
1.623480221902715
1.6384340568693694
1.653524071359454
1.6687514617575356
1.6841174337219063
1.6996232022204458
1.715269991564731
1.7310590354454287
1.7469915769620863
1.7630688686582376
1.7792921725476971
1.7956627601465458
1.8121819124983343
1.8288509202017453
1.845671083434986
1.8626437119779473
1.8797701252348604
1.8970516522539334
1.91448963174517
1.9320854120971929
1.9498403513922244
1.967755817417893
1.9858331876786448
2.0040738494037993
2.022479199554742
2.0410506448292587
2.0597896016627417
2.078697496228594
2.0977757644350277
2.1170258519200127
2.136449214043433
2.156047315875443
2.1758216321838866
2.1957736474176084
2.2159048556865173
2.2362167607395733
2.25671087593822
2.277388724227649
2.298251838104268
2.319301759578837
2.3405400401373218
2.361968240696233
2.383587931555849
2.4054006923479467
2.4274081119795112
2.4496117885736957
2.472013329403401
2.4946143508231837
2.5174164781947432
2.540421345807431
2.5636305967948516
2.587045883045273
2.610668865106276
2.6345012120854583
2.6585446015439125
2.6828007193842454
2.707271259733021
2.7319579248160197
2.7568624248279607
2.78198647779495
2.807331809430301
2.832900152983496
2.8586932490815333
2.8847128455628748
2.9109606973040516
2.9374385660381575
2.9641482201651392
2.991091434553342
3.0182699903333443
3.0456856746819434
3.073340280598192
3.1012356066685425
3.129373456823794
3.157755640085172
3.186383970300594
3.2152602658704135
3.244386349462862
3.2737640477170102
3.3033951909362025
3.3332816127684692
3.3634251498756584
3.393827641589942
3.4244909295574435
3.4554168573698605
3.486607270180819
3.518064014311567
3.5497889368388362
3.5817838851717343
3.614050706611654
3.6465912478979647
3.6794073547376676
3.7125008713191714
3.7458736398101955
3.779527499837781
3.813464287952414
3.8476858370730973
3.882193975915413
3.916990528400197
3.9520773130439792
3.9874561423289916
4.023128822054295
4.0590971506652656
4.095362918562891
4.131927907391877
4.168793889305426
4.20596262620918
4.243435868980859
4.281215356667125
4.319302815655696
4.357699958823527
4.396408484658959
4.4354300763584575
4.474766400896991
4.514419108071676
4.554389829516636
4.594680177691423
4.635291744839137
4.676226101915994
4.717484797490373
4.759069356611309
4.80098127964574
4.843222041083497
4.885793088309827
4.928695840344704
4.971931686547687
5.015501985288567
5.05940806258231
5.103651210688516
5.148232686673097
5.19315371093357
5.238415465685908
5.284019093412329
5.329965695269364
5.376256329456513
5.422892009543312
5.469873702754604
5.517202328214122
5.564878755144285
5.612903801022955
5.6612782296951805
5.710002749439797
5.759078010990908
5.8085046055119065
5.858283062522981
5.908413847780426
5.9588973611078915
6.009733934177821
6.060923828243924
6.112467231822718
6.164364258324225
6.216614943631571
6.269219243627681
6.3221770316703
6.375488096013088
6.429152137173738
6.483168765247622
6.537537497167225
6.592257753906423
6.647328857630142
6.702750028787732
6.75852038315102
6.8146389287966
6.871104563031016
6.92791606926066
6.985072113804669
7.0425712426512685
7.10041187815853
7.158592315697918
7.217110720242262
7.275965122897889
7.3351534173810125
7.394673356439135
7.454522548217638
7.514698452572906
7.575198377330852
7.636019474494385
7.697158736397615
7.758612991810519
7.820378901992988
7.882452956701023
7.944831470145638
8.007510576905966
8.07048622779842
8.133754185703774
8.197310021353406
8.261149109077563
8.325266622517482
8.389657530303497
8.4543165917024
8.519238352236023
8.58441713927457
8.64984705760727
8.715521984994592
8.78143556770437
8.847581216036758
8.913952099840884
8.980541144028718
9.047341024089542
9.114344161610024
9.181542719805584
9.248928599067021
9.316493432529004
9.38422858166611
9.452125131921376
9.52017388837576
9.588365371463134
9.656689812739284
9.72513715071154
9.793697026736849
9.862358780996358
9.931111448554738
9.999943755513033
10.068844115263877
10.137800624858576
10.206801061495977
10.275832879142728
10.344883205296039
10.413938837899368
10.48298624242226
10.552011549116523
10.621000550459689
10.689938698799178
10.758811104209506
10.82760253257521
10.896297403913952
10.964879790952807
11.033333417972413
11.10164165993359
11.169787541901151
11.237753738780427
11.305522575382057
11.373076026830818
11.440395719335175
11.507462931333476
11.574258595034363
11.640763298367439
11.706957287362698
11.772820468974935
11.838332414371932
11.90347236270323
11.96821922536809
12.032551590800315
12.096447729787812
12.159885601345286
12.222842859157689
12.285296858612323
12.347224664437483
12.408603058964813
12.469408551033073
12.529617385549772
12.58920555372739
12.648148804010487
12.706422653708735
12.764002401351416
12.82086313977712
12.876979769972634
12.932327015673167
12.98687943873633
13.040611455299693
13.093497352732316
13.145511307388102
13.196627403168101
13.246819650897471
13.296062008520952
13.344328402119455
13.391592747748188
13.437828974095178
13.483011045956976
13.527112988526085
13.570108912482539
13.611973039879816
13.65267973081242
13.69220351085038
13.730519099222864
13.767601437730228
13.803425720361362
13.837967423589538
13.871202337317236
13.903106596437153
13.933656712972931
13.962829608760156
13.99060264862439
14.016953674009532
14.041861037006097
14.065303634725314
14.08726094396139
14.10771305608036
14.126640712070078
14.144025337682578
14.159849078595778
14.174094835518222
14.186746299156685
14.197787984963004
14.20720526757298
14.214984414847084
14.221112621419115
14.225578041656346
14.22836982193178
14.229478132106268
14.228894196116446
14.22661032156189
14.222619928183404
14.216917575122935
14.209498986854571
14.200361077675318
14.189501974644354
14.176921038859396
14.162618884960064
14.146597398748563
14.128859752820622
14.109410420101373
14.088255185183954
14.065401153372187
14.040856757332714
14.014631761266775
13.986737262517236
13.95718569053253
13.92599080311589
13.893167679895642
13.858732712960444
13.822703594611882
13.785099302196281
13.745940079987616
13.705247418103642
13.663044028448743
13.619353817688433
13.574201857272545
13.527614350536762
13.479618596924743
13.430242953386623
13.379516793022834
13.327470461055793
13.27413522822579
13.219543241720942
13.16372747376461
13.106721667997153
13.048560283801852
12.989278438737452
12.928911849252056
12.867496769864537
12.805069931010458
12.741668475759422
12.67732989561992
12.612091965655686
12.54599267914421
12.479070182014006
12.411362707301265
12.342908509869316
12.273745801635924
12.203912687553062
12.133447102582135
12.062386749904102
11.990769040599076
11.918631035023118
11.846009386101496
11.77294028474796
11.699459407607781
11.625601867309166
11.5514021653934
11.476894148077964
11.402110964989783
11.327085030987758
11.251847991174381
11.176430689176465
11.100863138754345
11.025174498778176
10.949393051588551
10.873546184737528
10.797660376085291
10.721761182206814
10.645873230042984
10.570020211711551
10.494224882374816
10.418509061044096
10.342893634185405
10.267398561976497
10.192042887053145
10.116844745571601
10.041821380405695
9.966989156289973
9.892363576715397
9.817959302381528
9.743790171008154
9.669869218310396
9.59620869994464
9.522820114237456
9.449714225516084
9.376901087867667
9.304390069163686
9.232189875197141
9.160308573791866
9.088753618756304
9.01753187356756
8.946649634685409
8.876112654410461
8.80592616321482
8.736094891487827
8.66662309065358
8.597514553630266
8.528772634614201
8.460400268183907
8.392399987730599
8.324773943231957
8.257523918395659
8.19065134720728
8.124157329924698
8.058042648567177
7.992307781952773
7.926952920341539
7.861977979745193
7.7973826159661375
7.733166238429716
7.669328023873824
7.605866929959581
7.5427817088651175
7.480070920922387
7.41773294835403
7.355766009163525
7.294168171227489
7.232937366633922
7.172071406304395
7.111567994931764
7.0514247462576565
6.991639198706394
6.932208831383279
6.873131080435933
6.814403355767666
6.756023058081156
6.6979875962195985
6.640294404761014
6.582940961809102
6.525924806911831
6.469243559026199
6.4128949344352915
6.356876764511236
6.3011870132058
6.245823794139372
6.190785387148817
6.136070254145871
6.081677054130822
6.027604657200932
5.97385215739037
5.920418884178435
5.867304412505641
5.814508571143522
5.762031449273457
5.709873401143264
5.658035048686968
5.606517282013701
5.555321257695763
5.5044483948129015
5.453900368739912
5.403679102697063
5.353786757116746
5.304225716914601
5.254998576788494
5.206108124702564
5.157557323745876
5.10934929258427
5.061487284749427
5.013974667029362
4.966814897239007
4.920011501657628
4.873568052420345
4.827488145144244
4.781775377055127
4.7364333258587115
4.691465529570769
4.64687546748495
4.602666542415434
4.5588420643057
4.515405235245603
4.472359135888443
4.429706713209124
4.387450769495639
4.345593952420904
4.304138746001485
4.26308746221592
4.222442233029431
4.1822050025545865
4.1423775190702345
4.102961326624084
4.063957755958049
4.025367914519894
3.98719267535979
3.949432664755173
3.912088248461396
3.8751595165477
3.838646266846932
3.802547987121227
3.7668638361229974
3.7315926238087602
3.6967327910401324
3.6622823891791123
3.6282390600510834
3.5946000168053436
3.561362026247055
3.528521393243272
3.4960739478165235
3.464015035530488
3.4323395117417492
3.4010417402391875
3.370115596718049
3.3395544774408488
3.3093513133245476
3.2794985895664457
3.2499883707851636
3.2208123315138453
3.1919617917467984
3.1634277571154565
3.1352009631617292
3.107271923092708
3.079630978345845
3.0522683512714317
3.025174199251308
2.9983386696180125
2.971751954813755
2.9454043473277185
2.9192862940647086
2.893388449918274
2.867701730435972
2.8422173635617565
2.8169269405101507
2.791822465859657
2.766896406942014
2.7421417425463392
2.7175520108528466
2.693121356364373
2.6688445754232846
2.6447171596984558
2.620735336816801
2.5968961071128804
2.5731972752965406
2.5496374757099467
2.5262161897775073
2.502933754258214
2.4797913589983187
2.4567910330558695
2.4339356183241443
2.4112287301079025
2.3886747044876846
2.366278532719871
2.3440457833366954
2.3219825130016525
2.3000951675131867
2.278390474609256
2.25687533039065
2.235556681244911
2.214441403120765
2.193536179892309
2.1728473823906063
2.152380949503768
2.1321422725934873
2.11213608438288
2.092366353465219
2.0728361856803126
2.0535477338023047
2.0345021172578126
2.015699353907479
1.9971383062240002
1.978816644424294
1.9607308292020487
1.9428761166073558
1.9252465872975373
1.907835201826826
1.8906338828691476
1.8736336243234817
1.856824626205216
1.8401964531667971
1.8237382135094478
1.8074387547289907
1.7912868710454675
1.7752715180270926
1.7593820293231353
1.7436083306175474
1.7279411461253267
1.712372193182594
1.6968943606430937
1.6815018668321249
1.6661903927156687
1.6509571857671317
1.6358011298595467
1.6207227765178926
1.6057243331841884
1.5908096049035245
1.575983887101862
1.5612538088854198
1.5466271284465705
1.5321124845320766
1.517719110283698
1.5034565178567156
1.4893341638546835
1.4753611066657717
1.4615456672312979
1.4478951047107933
1.4344153180973183
1.4211105842703557
1.4079833423954726
1.395034034030113
1.3822610076788104
1.3696604956420282
1.357226669538947
1.3449517785999627
1.3328263715888273
1.3208395990969684
1.3089795882486959
1.2972338770455485
1.2855898912250074
1.2740354431276972
1.2625592299953285
1.2511513084421584
1.239803522389076
1.228509863197593
1.2172667427643158
1.2060731627652121
1.1949307661592483
1.1838437607982422
1.172818709965067
1.1618641911635412
1.1509903324397162
1.1402082443742205
1.129529374668067
1.1189648197676036
1.108524633183427
1.0982171724275416
1.0880485257697903
1.0780220567304393
1.06813809900665
1.058393827834628
1.048783325662316
1.0392978501085754
1.0299263001131576
1.0206558619697252
1.01147280144785
1.0023633532068137
0.9933146464468298
0.9843155983055603
0.9753577050964711
0.9664356661333006
0.9575477846871885
0.948696104390411
0.9398862563296753
0.9311270119811871
0.922429560049181
0.9138065505265919
0.9052709748189992
0.8968349730158343
0.8885086742549377
0.8802991803980866
0.8722097957598434
0.8642395874612111
0.856383334435241
0.8486318904549248
0.8409729492932104
0.8333921595817866
0.8258744956831412
0.8184057538350192
0.8109740167145736
0.8035709207911925
0.7961925727802681
0.7888399932823468
0.7815190131007953
0.7742396056210212
0.7670147025021664
0.7598586053558483
0.752785166612729
0.7458059587276119
0.7389286711952862
0.7321559615631601
0.7254849387580982
0.7189073809225681
0.7124106958379711
0.7059795304095728
0.6995978368801224
0.6932511200080625
0.6869285376082072
0.6806245227394356
0.6743396479027322
0.6680805552860053
0.6618589163153805
0.6556895377513214
0.6495878795676602
0.6435673702723349
0.6376369734763904
0.6317994518247619
0.6260506797760264
0.6203801857258193
0.6147728865865181
0.6092117523274334
0.6036809420229716
0.5981688241034873
0.5926702682972038
0.5871876993187979
0.5817306269332401
0.5763136723430048
0.5709534339939057
0.5656648113270079
0.5604575725656958
0.5553339603544983
0.5502879484378767
0.5453064130267304
0.5403720382589551
0.5354673413166827
0.5305788832988603
0.5257006137152751
0.5208354376750156
0.5159944968036699
0.5111942354768976
0.5064519323808313
0.5017808469164814
0.4971863222833879
0.49266401582133057
0.4882008904656462
0.4837788183484569
0.47937984343044177
0.47499157461135966
0.47061102939618754
0.4662456161617996
0.4619107806661602
0.45762492093502277
0.45340313938891524
0.44925190778241453
0.4451665533092435
0.4411326120818022
0.43713076487009517
0.4331437233801467
0.4291625913808348
0.425190250444843
0.4212402966377988
0.4173317132483062
0.4134812034193753
0.4096961998642064
0.4059714967649245
0.4022911237320492
0.39863492706498266
0.3949872057902993
0.3913436456051209
0.38771330860310443
0.3841144986374842
0.3805661367940681
0.37707856092164654
0.37364821330184256
0.37025905574538276
0.3668903426467405
0.3635270695499746
0.36016775390088474
0.35682526499687195
0.35351989899704267
0.3502681332624748
0.34707316912041253
0.3439227615535366
0.34079596429582343
0.3376752412006916
0.33455690581676484
0.33145340308052884
0.32838560574631426
0.3253695231827958
0.3224057401130714
0.3194786627501955
0.31656655576430154
0.3136560663668221
0.31075139247352174
0.30787137749237903
0.30503603087715914
0.30225179397966034
0.2995064236724841
0.2967778122601094
0.2940506378328432
0.29132821306269124
0.2886298928974438
0.28597545734132285
0.28336869235412365
0.28079385882902586
0.27822864934937236
0.27566319262222333
0.2731086693598633
0.2705873565551396
0.2681123086894523
0.2656750002960402
0.26325291582665433
0.2608307227869782
0.2584150418271111
0.2560279183709221
0.253684618975276
0.2513777649285509
0.2490845771393434
0.2467905802463786
0.2445050074799137
0.24225071947906562
0.24003874334054853
0.23785552027926693
0.2356780326329382
0.23350033447277888
0.23134050830110642
0.22921885544843074
0.2271328484679581
0.22505988643226446
0.22298549247859664
0.22092173260727319
0.21889141168390966
0.2168976694659711
0.21491940053534717
0.21293977348005222
0.21096942755047993
0.209031346522209
0.20712769216924207
0.20523631522124158
0.20334320984342624
0.20146337194534844
0.19961775504383047
0.19780053422315125
0.19598795049450884
0.1941760246887445
0.19238682280638514
0.1906318625390275
0.1888925492029724
0.1871514889014035
0.18542225610107502
0.1837253797009726
0.18205157885020926
0.18037824837714517
0.1787106070978624
0.17707171599268096
0.17545869594805008
0.17384800741526715
0.1722409280227597
0.1706607107891685
0.16910578833733741
0.16755275457924218
0.16600428649050158
0.16448318296918274
0.1629837964984749
0.1614840042338495
0.15999310380149898
0.158530857546939
0.15708300048839535
0.15563349427506157
0.1542010584057902
0.15279507230249786
0.15139327084471144
