0.37494375602614693
0.37841550041457733
0.3819193711434713
0.38545566494275374
0.3890246812673146
0.3926267223220111
0.3962620930858178
0.3999311013374209
0.40363405767975213
0.407371275566488
0.4111430713267924
0.41494976419160984
0.41879167631921577
0.422669132822758
0.4265824617947057
0.43053199433626355
0.4345180645818158
0.4385410097276942
0.4426011700592222
0.4466988889778181
0.45083451302980615
0.45500839193380466
0.4592208786092074
0.463472329205134
0.46776310312911884
0.4720935630752671
0.47646407505501953
0.4808750084253785
0.4853267359197365
0.48981963367675363
0.4943540812720183
0.4989304617467579
0.5035491616402851
0.5082105710199718
0.5129150835126114
0.5176630963362734
0.5224550103315696
0.5272912299938289
0.5321721635055453
0.5370982227681755
0.5420698234359738
0.5470873849479817
0.55215133056156
0.5572620873861158
0.5624200864167863
0.5676257625682711
0.572879554709209
0.5781819056970372
0.5835332624118641
0.5889340757931912
0.5943848008730486
0.5998858968137291
0.6054378269420335
0.6110410587867029
0.6166960641135084
0.6224033189628718
0.6281633036864808
0.6339765029842557
0.6398434059423191
0.645764506070052
0.6517403013389638
0.6577712942201043
0.6638579917227013
0.6700009054338246
0.6762005515563757
0.6824574509490162
0.688772129165688
0.695145116495396
0.7015769480025147
0.7080681635667199
0.7146193079245676
0.7212309307096719
0.7279035864939518
0.7346378348297673
0.7414342402909297
0.748293372515026
0.7552158062457748
0.7622021213751967
0.769252902987164
0.7763687413996025
0.7835502322081451
0.790797976330026
0.7981125800473302
0.8054946550516301
0.8129448184875863
0.8204636929985787
0.828051906770576
0.8357100935778838
0.8434388928276995
0.8512389496067015
0.8591109147258384
0.8670554447670024
0.8750732021291652
0.8831648550746141
0.8913310777760717
0.8995725503632046
0.907889958970154
0.9162839957825798
0.9247553590855333
0.9333047533110658
0.9419328890860409
0.9506404832807394
0.9594282590570591
0.9682969459166013
0.9772472797503016
0.9862800028863324
0.9953958641399427
1.0045956188623988
1.0138800289902763
1.0232498630950941
1.0327058964330165
1.0422489109946713
1.0518796955547633
1.0615990457228075
1.0714077639923696
1.0813066597921435
1.0912965495356615
1.1013782566721952
1.111552611736894
1.1218204524016826
1.1321826235253263
1.1426399772046805
1.153193372824987
1.1638436771105942
1.1745917641755983
1.1854385155748632
1.1963848203540726
1.2074315751009306
1.2185796839952616
1.2298300588597242
1.2411836192104375
1.2526412923065797
1.2642040132014716
1.2758727247919344
1.2876483778686099
1.299531931165689
1.3115243514101222
1.323626613371429
1.335839699910472
1.3481646020286222
1.360602318916368
1.373153858001193
1.3858202349961743
1.3986024739474647
1.4115016072812387
1.4245186758514383
1.4376547289854738
1.4509108245305966
1.464288028899729
1.4777874171163325
1.491410072859034
1.5051570885058674
1.5190295651772137
1.5330286127793196
1.5471553500458928
1.561410904579923
1.5757964128942883
1.5903130204518896
1.6049618817046463
1.6197441601320308
1.6346610282785778
1.6497136677903508
1.6649032694504717
1.6802310332140449
1.6956981682412975
1.7113058929303737
1.7270554349483644
1.7429480312616468
1.758984928164542
1.7751673813071278
1.7914966557210465
1.8079740258448032
1.8246007755465716
1.8413781981465582
1.8583075964365061
1.8753902826991309
1.8926275787242504
1.9100208158240493
1.927571334846513
1.945280486186627
1.9631496297954754
1.9811801351877083
1.9993733814467158
2.0177307572272856
2.036253660756254
2.054943499830885
2.0738016918142885
2.0928296636289763
2.11202885174702
2.13140070217807
2.1509466704542195
2.1706682216120763
2.1905668301717123
2.2106439801125446
2.2309011648458608
2.251339887184207
2.2719616593070766
2.2927680027232644
2.313760448229074
2.3349405358634847
2.3563098148583896
2.3778698435857915
2.399622189499899
2.4215684290754
2.4437101477412786
2.466048939809485
2.4885864083998506
2.5113241653587797
2.534263831174081
2.5574070348837505
2.58075541397986
2.6043106143066344
2.62807428995287
2.6520481031385583
2.6762337240952565
2.7006328309404
2.7252471095449877
2.7500782533947232
2.77512796344443
2.800397947965144
2.825889922384245
2.851605609118002
2.8775467373964765
2.9037150430804854
2.9301122684704666
2.956740162107078
2.9836004785629853
3.010694978226092
3.038025427073439
3.065593596435797
3.0934012627527494
3.1214502073178965
3.149742216013655
3.1782790790360154
3.207062590608178
3.2360945486835777
3.265376754637069
3.2949110129449406
3.324699130852882
3.3547429180314703
3.385044186219263
3.4156047488529864
3.4464264206841673
3.4775110173825525
3.5088603551251802
3.5404762501713605
3.5723605184227005
3.6045149749682217
3.636941433613846
3.669641706396162
3.70261760307965
3.735870930637396
3.769403492714589
3.8032170890745154
3.8373135150264908
3.871694560835382
3.906362011112209
3.941317644185524
3.9765632314526616
4.0121005367110385
4.047931315468396
4.084057314231829
4.120480269775091
4.157201908383502
4.1942239450760335
4.231548082803992
4.269176011626069
4.307109407858473
4.345349933200473
4.383899233834293
4.422758939498611
4.461930662535789
4.501415996911364
4.541216517205957
4.581333777578618
4.621769310700903
4.662524626661482
4.703601211840275
4.745000527751559
4.7867240098556305
4.828773066338195
4.8711490768566215
4.913853391253098
4.956887328233152
5.000252174009584
5.043949180910802
5.087979565952913
5.132344509375058
5.177045153137116
5.22208259937912
5.267457908842133
5.313172099249099
5.35922614364577
5.40562096870058
5.452357452962997
5.499436425079574
5.546858661967051
5.59462488694196
5.6427357678058545
5.691191914885795
5.739993879029109
5.789142149552217
5.838637152142496
5.8884792467127856
5.938668725207955
5.98920580936287
6.040090648411185
6.091323316744518
6.142903811521443
6.194832050225661
6.247107868173087
6.299731015967271
6.352701156902784
6.406017864316034
6.459680618883461
6.513688805866367
6.568041712302432
6.62273852414361
6.677778323339926
6.733160084869419
6.788882673713838
6.844944841780135
6.901345224767701
6.9580823389814555
7.015154578090942
7.072560209835396
7.130297372675397
7.188364072391036
7.246758178627325
7.305477421387155
7.364519387472415
7.423881516873882
7.483561099110848
7.543555269521038
7.6038610055019324
7.664475122704669
7.725394271181456
7.786614931488087
7.848133410742667
7.9099458386424555
7.9720481634402525
8.034436147882316
8.097105365109751
8.160051194525451
8.223268817629165
8.286753213822706
8.350499156188484
8.414501207243656
8.47875371467343
8.543250807046304
8.60798638951491
8.67295413950605
8.738147502403589
8.803559687228594
8.869183662320605
8.935012151024962
9.001037627390621
9.067252311883768
9.133648167122312
9.200216893636854
9.266949925664068
9.333838426978403
9.400873286768643
9.46804511556597
9.535344241230431
9.602760705003233
9.670284257632378
9.73790435557949
9.805610157316298
9.873390519719015
9.94123399456985
10.00912882517465
10.077062943106355
10.14502396508415
10.212999189998628
10.28097559609353
10.348939838315047
10.416878245839985
10.484776819794519
10.552621231175442
10.620396818986402
10.688088588601628
10.755681210370506
10.823159018475918
10.890506010060559
10.95770584463478
11.024741843780616
11.091596991166362
11.158253932886813
11.224694978144157
11.290902100285043
11.356856938209393
11.422540798166953
11.487934655957462
11.553019159550809
11.61777463214347
11.682181075667689
11.746218174769991
11.809865301275588
11.87310151915532
11.935905590011696
11.998255979100476
12.060130861904316
12.121508131274533
12.18236540515714
12.242680034918818
12.302429114288229
12.361589488927732
12.420137766650114
12.47805032829428
12.535303339273554
12.591872761809269
12.647734367861878
12.70286375277079
12.757236349613352
12.81082744429246
12.863612191361135
12.915565630591246
12.966662704292487
13.016878275386107
13.066187146236736
13.114564078243955
13.16198381219361
13.208421089367311
13.253850673406532
13.298247372925914
13.3415860648683
13.383841718591848
13.424989420677415
13.46500440044203
13.50386205614167
13.541537981844412
13.578007994951854
13.613248164344508
13.647234839123668
13.679944677919545
13.711354678732516
13.741442209271089
13.770185037747442
13.797561364087857
13.823549851512421
13.848129658435072
13.871280470631802
13.892982533621554
13.913216685201066
13.931964388071798
13.949207762493636
13.964929618897077
13.979113490382469
13.991743665031692
14.002805217954958
14.012284042992441
14.020166883987821
14.026441365548306
14.031096023203405
14.034120332872476
14.035504739549362
14.035240685110544
14.033320635152077
14.029738104759275
14.024487683112596
14.017565056832458
14.008967031965907
13.998691554518283
13.98673772943373
13.973105837929618
13.957797353091594
13.940814953637945
13.922162535764654
13.901845222985466
13.87986937388502
13.856242587706957
13.830973707703835
13.80407282218055
13.775551263168786
13.745421602676299
13.713697646461416
13.680394425290432
13.645528183643487
13.609116365842526
13.571177599583747
13.531731676866103
13.490799532316906
13.44840321892544
13.404565881205802
13.35931172582061
13.312665989708002
13.264654905765173
13.21530566615281
13.164646383295779
13.11270604866646
13.059514489448203
13.00510232318703
12.949500910550364
12.892742306321901
12.834859208771414
12.775884907547931
12.715853230253291
12.654798487861614
12.592755419157488
12.529759134372489
12.46584505820558
12.401048872417855
12.335406458195944
12.268953838481545
12.201727120466218
12.133762438451226
12.065095897271927
11.995763516484343
11.925801175508763
11.855244559920983
11.784129109076687
11.712489965247714
11.640361924441299
11.567779389064713
11.49477632484481
11.421386209032548
11.347642001801372
11.273576099823169
11.199220302106614
11.124605776520113
11.049763028967078
10.974721875272879
10.899511415827117
10.8241600130095
10.748695271411636
10.67314402085156
10.597532302162557
10.52188535572267
10.446227612676752
10.370582688789261
10.294973380852548
10.219421665563162
10.1439487007675
10.0685748289675
9.993319582968205
9.918201693540608
9.843239098966844
9.768448956328896
9.69384765439791
9.61945082797831
9.545273373559217
9.471329466125104
9.39763257697883
9.324195492431802
9.251030333219221
9.17814857450266
9.105561066326926
9.033278054404343
8.961309201105905
8.88966360654629
8.818349829657208
8.747375909151737
8.676749384290856
8.606477315371883
8.53656630399512
8.46702251230612
8.397851682942818
8.329059157343103
8.260649894042551
8.192628486285159
8.124999179454175
8.057765885842622
7.990932202699609
7.92450142587993
7.8584765646662715
7.792860355608814
7.727655275740438
7.662863555179664
7.598487189136591
7.534527949339268
7.470987394899889
7.407866882641845
7.345167576909574
7.282890458883807
7.2210363354253975
7.159605847470762
7.098599478001915
7.038017559613609
6.977860281699646
6.9181276972796155
6.858819729486449
6.799936177734509
6.741476723586734
6.683440936338473
6.625828278334697
6.568638110036225
6.511869694849559
6.455522203734149
6.39959471959983
6.344086241506383
6.288995688676298
6.23432190433114
6.180063659361091
6.126219655836561
6.072788530393924
6.019768857367169
5.967159151998858
5.914957873318611
5.863163426998023
5.81177416814317
5.760788403633271
5.710204395010001
5.6600203606386845
5.610234478074831
5.560844886281235
5.511849687757508
5.4632469505858205
5.4150347103965215
5.367210972256942
5.319773712486586
5.272720880401815
5.226050399992877
5.179760171535966
5.133848073143024
5.088311962251689
5.043149677057784
4.9983590378925635
4.953937848546918
4.909883897544561
4.86619495936612
4.822868795626063
4.779903156204232
4.737295780333639
4.695044397646242
4.653146729178237
4.611600488336323
4.570403381826452
4.529553110546399
4.489047370443502
4.4488838533387804
4.409060247718745
4.369574239496002
4.330423512744022
4.291605750382867
4.253118634875098
4.214959848858375
4.177127075769449
4.139618000439761
4.102430309684921
4.06556169278522
4.02900984210657
3.992772453544225
3.9568472270199706
3.9212318669447965
3.88592408266208
3.8509215888719077
3.8162221060372397
3.7818233607725453
3.7477230862154713
3.7139190223821874
3.680408916506969
3.6471905233665103
3.6142616055895735
3.5816199339524366
3.5492632876606196
3.5171894546174145
3.4853962316796263
3.4538814249010112
3.4226428497637804
3.3916783313986514
3.3609857047938
3.3305628149930957
3.300407517284019
3.2705176773756133
3.240891171566779
3.211525886905305
3.1824197213379297
3.153570583851721
3.1249763946071343
3.096635085062991
3.0685445980947343
3.0407028881002596
3.013107921107792
2.985757674867977
2.9586501389433995
2.9317833147908288
2.9051552158419613
2.878763867555589
2.852607307506651
2.826683585429022
2.800990763272265
2.775526915249469
2.750290127880035
2.7252785000276307
2.700490142933437
2.675923180244919
2.6515757480402566
2.6274459948485736
2.6035320816661662
2.5798321819688583
2.5563444817206054
2.533067179378535
2.5099984858945295
2.487136624713472
2.4644798317683176
2.442026355472085
2.4197744567069015
2.3977224088102016
2.3758684975582076
2.3542110211468006
2.332748290169856
2.3114786275951897
2.2904003687381853
2.2695118612331844
2.2488114650027717
2.2282975522250124
2.207968507298723
2.1878227268068886
2.1678586194785936
2.148074606147768
2.128469119713075
2.1090406050935933
2.0897875191842727
2.0707083308096923
2.0518015206779894
2.0330655813263996
2.0144990170789603
1.9961003439902956
1.9778680897943692
1.959800793850987
1.9418970070913095
1.9241552919623959
1.906574222370846
1.8891523836255664
1.8718883723797417
1.8547807965720335
1.8378282753670407
1.8210294390950987
1.8043829291914286
1.78788739813468
1.7715415093849196
1.7553439373210973
1.7392933671780038
1.723388494982794
1.7076280274910787
1.692010682122621
1.6765351868966838
1.6612002803670398
1.6460047115566925
1.6309472398923082
1.6160266351384156
1.6012416773313891
1.586591156713221
1.5720738736651396
1.55768863864108
1.5434342721010168
1.5293096044443184
1.5153134759425069
1.5014447366729096
1.487702246451366
1.4740848747653428
1.4605915007073706
1.4472210129065701
1.4339723094638357
1.4208442978836286
1.4078358950074537
1.3949460269471141
1.3821736290180533
1.3695176456727864
1.3569770304344666
1.3445507458305712
1.3322377633267266
1.3200370632606933
1.3079476347765109
1.2959684757588215
1.2840985927673711
1.2723370009717148
1.2606827240861254
1.249134794304708
1.2376922522367455
1.2263541468422752
1.2151195353678952
1.2039874832828252
1.1929570642152223
1.1820273598887463
1.171197460059404
1.1604664624526595
1.1498334727008304
1.1392976042807577
1.1288579784517772
1.1185137241939835
1.1082639781467896
1.0981078845477936
1.0880445951719628
1.0780732692711554
1.068193073513785
1.0584031819251571
1.0487027758277894
1.0390910437822236
1.0295671815282876
1.0201303919259865
1.0107798848980571
1.0015148773716027
0.9923345932206705
0.9832382632090497
0.9742251249334228
0.9652944227668627
0.9564454078026716
0.9476773377985757
0.9389894771212731
0.930381096691326
0.9218514739284127
0.9133998926969328
0.9050256432519693
0.8967280221856001
0.8885063323735732
0.8803598829223387
0.8722879891164306
0.8642899723662142
0.8563651601559913
0.8485128859924553
0.8407324893535114
0.8330233156374559
0.8253847161125042
0.8178160478666838
0.8104744866491678
0.803039482532424
0.7956726301566671
0.7883733066473861
0.7811408947238467
0.7739747826575273
0.7668743642301146
0.7598390386909972
0.7528682107143974
0.7459612903561831
0.739117693010417
0.7323368393656987
0.7256181553613641
0.7189610721435915
0.7123650260214555
0.7058294584229909
0.6993538158512974
0.692937549840731
0.6865801169132099
0.6802809785346792
0.6740396010717552
0.6678554557485722
0.661728018603863
0.6556567704482896
0.6496411968220323
0.6436807879526656
0.6377750387133255
0.6319234485811731
0.6261255215961736
0.6203807663201898
0.6146886957963987
0.6090488275090287
0.603460683343429
0.5979237895464687
0.5924376766872625
0.5870018796182307
0.5816159374364899
0.5762793934455693
0.5709917951174616
0.5657526940549971
0.5605616459545443
0.5554182105690347
0.5503219516713094
0.5452724370177865
0.5402692383124463
0.5353119311711156
0.5304000950861032
0.5255333133911048
0.5207111732264386
0.515933265504582
0.5111991848760087
0.5065085296953303
0.5018609019877357
0.4972559074157243
0.4926931552461376
0.4881722583174745
0.48369283300750626
0.47925449920116925
0.4748568802587431
0.4704996029843177
0.4661822975945325
0.46190459768759384
0.45766614021257424
0.4534665654389738
0.44930551692656356
0.445182641495489
0.4410975891966402
0.4370500132822927
0.4330395701770027
0.4290659194487621
0.4251287237804185
0.4212276489413417
0.41736236375934477
0.4135325400928624
0.4097378528033707
0.40597797972805466
0.4022526016527258
0.3985614022849765
0.3949040682275746
0.3912802889521023
0.3876897567728259
0.3841321668207995
0.38060721701820854
0.3771146080529305
0.3736540433533384
0.37022522906332217
0.36682787401753647
0.3634616897168686
0.36012639030413424
0.3568216925399818
0.35354731577902376
0.3503029819461761
0.347088415513211
0.3439033434755267
0.34074749532912063
0.33762060304777114
0.3345224010604293
0.33145262622881005
0.3284110178251855
0.32539731751038414
0.32241126931198294
0.31945261960269694
0.3165211170789694
0.3136165127397499
0.3107385598654646
0.3078870139971818
0.30506163291596095
0.3022621766223878
0.29948840731630155
0.29674008937669827
0.29401698934181847
0.2913188758894182
0.28864551981721515
0.2859966940235118
0.2833721734879989
0.28077173525272603
0.27819515840325154
0.2756422240499593
0.2731127153095441
0.2706064172866711
0.2681231170557936
0.26566260364314154
0.26322466800887295
0.2608091030293856
0.2584157034797887
0.25604426601653824
0.25369458916022564
0.25136647327852346
0.24905972056928938
0.2467741350438205
0.24450952251025962
0.24226569055715616
0.24004244853717321
0.23783960755094238
0.23565698043106975
0.23349438172628312
0.23135162768572423
0.22922853624338682
0.2271249270026937
0.22504062122121352
0.22297544179552048
0.2209292132461886
0.21890176170292278
0.21689291488982865
0.2149025021108115
0.2129303542351137
0.21097630368298037
0.20904018441145525
0.20712183190031
0.20522108313809825
0.20333777660833668
0.20147175227581568
0.19962285157303117
0.19779091738674112
0.19597579404464663
0.19417732730219264
0.192395364329488
0.1906297536983492
0.1888803453694575
0.18714699067963572
0.18542954232924191
0.18372785436967676
0.18204178219100378
0.1803711825096867
0.178715913356435
0.1770758340641609
0.17545080525604914
0.17384068883373296
0.1722453479655779
0.17066464707507595
0.16909845182934108
0.16754662912771442
0.1660090470904706
0.16448557504762734
0.1629760835278599
0.16148044424751418
0.15999853009972057
0.1585302151436095
0.1570753745936232
0.15563388480892545
0.1542056232829101
0.1527904686328035
0.15138830058936198
