0.31926220156694984
0.3222183335767049
0.32520182116036683
0.3282129170277829
0.33125187621098284
0.3343189560857543
0.3374144163903478
0.3405385192522667
0.3436915292067427
0.3468737132153726
0.35008534069522373
0.35332668353360047
0.356598016115718
0.35989961534344117
0.363231760662125
0.3665947340774953
0.36998882018656865
0.37341430619126287
0.3768714819313775
0.3803606399047629
0.38388207528646684
0.38743608596118456
0.39102297254050533
0.39464303839125264
0.3982965896584424
0.40198393528972465
0.40570538706445436
0.40946125961270785
0.41325187044713574
0.41707753998373454
0.42093859156867286
0.42483535150759927
0.4287681490905165
0.432737316614064
0.43674318941552154
0.4407861058949989
0.44486640754157086
0.44898443896511375
0.45314054792330366
0.4573350853457836
0.461568405365707
0.4658408653471961
0.47015282591000224
0.47450465096654476
0.4788967077453859
0.4833293668191739
0.4878030021385617
0.4923179910582916
0.49687471436954833
0.5014735563275883
0.5061149046860497
0.5107991507225582
0.5155266892729033
0.5202979187639813
0.5251132412399712
0.5299730623960686
0.5348777916130325
0.5398278419861744
0.544823630357855
0.5498655773527189
0.554954107404733
0.560089648796854
0.5652726336911041
0.5705034981620402
0.5757826822298887
0.5811106298968162
0.586487789179396
0.5919146121441394
0.5973915549393544
0.6029190778345844
0.608497645253995
0.6141277258086139
0.6198097923388242
0.6255443219431441
0.6313317960193721
0.6371727002980567
0.6430675248816096
0.6490167642797471
0.6550209174460218
0.6610804878186609
0.6671959833536474
0.6733679165651881
0.6795968045646007
0.6858831690955636
0.6922275365763478
0.6986304381364788
0.7050924096560325
0.7116139918060927
0.718195730087096
0.7248381748689011
0.7315418814322694
0.7383074100062995
0.7451353258114368
0.7520261990988893
0.7589806051924853
0.7659991245291768
0.7730823427001593
0.7802308504933985
0.7874452439344221
0.7947261243295594
0.8020740983071916
0.8094897778606327
0.8169737803901119
0.8245267287474105
0.8321492512764904
0.8398419818592467
0.8476055599564694
0.8554406306531404
0.8633478447011793
0.8713278585650722
0.8793813344641985
0.8875089404183071
0.8957113502918765
0.9039892438362025
0.9123433067390049
0.9207742306658917
0.9292827133056623
0.9378694584175672
0.9465351758732605
0.9552805817056845
0.9641063981527123
0.9730133537030581
0.9820021831421288
0.9910736275976473
1.0002284345867332
1.0094673580597444
1.0187911584489344
1.0282006027123252
1.037696464380363
1.0472795236028531
1.0569505671950612
1.0667103886823708
1.0765597883492435
1.0864995732838114
1.0965305574224613
1.1066535615993125
1.1168694135893524
1.1271789481564407
1.1375830070981798
1.148082439291979
1.1586781007412448
1.1693708546211372
1.1801615713215803
1.1910511284960221
1.20204041110483
1.2131303114603287
1.2243217292713902
1.2356155716884007
1.2470127533481683
1.2585141964158368
1.2701208306301563
1.2818335933472438
1.2936534295812983
1.3055812920509062
1.317618141218316
1.3297649453321918
1.3420226804699
1.3543923305770142
1.366874887509535
1.3794713510731158
1.3921827290617605
1.4050100372982328
1.4179542996712082
1.431016548173616
1.4441978229393453
1.4574991722786022
1.470921652715504
1.4844663290212239
1.4981342742485853
1.511926569765253
1.5258443052852542
1.5398885789013543
1.5540604971150496
1.568361174865093
1.5827917355575163
1.5973533110903415
1.6120470418819277
1.6268740768946395
1.641835573658287
1.6569326982933674
1.6721666255310899
1.6875385387342132
1.7030496299126405
1.7187010997424783
1.7344941575798123
1.7504300214742567
1.7665099181809703
1.782735083169662
1.7991067606341542
1.8156262034970443
1.832294673414195
1.8491134407773886
1.8660837847141412
1.883206993085947
1.9004843624828707
1.9179171982176875
1.9355068143162069
1.9532545335064662
1.9711616872020667
1.9892296154885405
2.007459667100542
2.0258531994011886
2.0444115783550134
2.063136178500027
2.0820283829159436
2.101089583188044
2.1203211793696917
2.1397245799395157
2.1593012017560933
2.179052470007895
2.1989798181608933
2.219084687900458
2.2393685290699485
2.259832799605594
2.2804789654663367
2.301308500558913
2.322322886659135
2.34352361332759
2.3649121778206093
2.3864900849967494
2.408258847217381
2.4302199842413454
2.452375023115499
2.47472549805802
2.497272950337365
2.520018928143206
2.5429649864529402
2.566112686890372
2.589463597578852
2.613019292986251
2.636781353764259
2.660751366579688
2.684930923938232
2.709321624001035
2.733925070393038
2.7587428720027605
2.7837766427747237
2.8090280014926474
2.8344985715539464
2.8601899807352544
2.886103860947693
2.912241847984295
2.9386055812563514
2.9651967035196853
2.9920168605906046
3.019067701051692
3.0463508759457127
3.0738680384589747
3.1016208435929236
3.1296109478230965
3.1578400087475
3.186309684720798
3.2150216344761344
3.2439775167346805
3.273178989799979
3.3026277111396714
3.3323253369530943
3.362273521722278
3.3924739177504692
3.422928174683813
3.453637939017794
3.4846048535867054
3.515830557037597
3.547316683286662
3.5790648609580895
3.6110767128054495
3.643353855114348
3.6758978970868514
3.7087104402066506
3.7417930775834183
3.775147393279027
3.808774961611999
3.8426773464406176
3.8768561004251625
3.9113127642680228
3.946048865930456
3.981065919827244
4.016365425997069
4.051948869248955
4.0878177182838265
4.123973424791116
4.1604174225194805
4.197151126321077
4.234175931168304
4.271493211144381
4.309104318404845
4.34701058211005
4.385213307329481
4.423713773915326
4.462513235345676
4.501612917536797
4.541014017623538
4.580717702707474
4.620725108571808
4.661037338362644
4.701655461236843
4.742580510973289
4.783813484550431
4.825355340686239
4.86720699834203
4.909369335188645
4.951843186034433
4.994629341214625
5.037728544940603
5.081141493610552
5.124868834077476
5.168911161877801
5.213269019416172
5.257942894109215
5.302933216485163
5.348240358239977
5.393864630248909
5.439806280533104
5.486065492180702
5.532642381221836
5.579536994456522
5.626749307235783
5.674279221194965
5.722126561938689
5.77029107667733
5.818772431813813
5.867570210481615
5.916683910032482
5.9661129394734616
6.015856616854056
6.065914166602013
6.11628471680772
6.166967296457913
6.217960832617397
6.2692641475590305
6.320875955841933
6.37279486133827
6.425019354208204
6.477547807822847
6.530378475636283
6.583509488005825
6.636938848961848
6.690664432926322
6.744683981381866
6.7989950994906785
6.853595252665025
6.9084817630885755
6.963651806191093
7.0191024070759385
7.074830436902155
7.130832609222222
7.187105476276106
7.243645425243992
7.300448674457918
7.357511269575499
7.414829079715551
7.472397793559277
7.530212915418116
7.5882697612707055
7.6465634547712025
7.705088923231701
7.763840893581371
7.822813888305182
7.882002221365152
7.941399994107931
8.001001091161479
8.060799176325315
8.12078768845753
8.180959837363325
8.241308599688985
8.30182671482623
8.362506680831913
8.423340750367647
8.484320926665202
8.545438959523828
8.606686341344048
8.668054303205649
8.729533810995653
8.791115561593006
8.852789979117823
8.91454721125155
8.976377125637267
9.038269306366828
9.100213050564246
9.162197365073776
9.224210963261722
9.286242261941757
9.348279378433341
9.410310127763541
9.472322020022995
9.534302257886447
9.596237734309693
9.658115030414384
9.71992041357271
9.781639835704304
9.843258931798072
9.904763018672615
9.966137093987847
10.027365835522378
10.08843360073053
10.149324426593449
10.210022029779335
10.27050980712783
10.330770836474164
10.390787877828648
10.450543374927655
10.510019457172314
10.569197941971517
10.628060337505863
10.686587845929482
10.74476136702693
10.802561502342074
10.859968559796558
10.916962558814841
10.973523235973731
11.029630051192928
11.085262194484589
11.140398593278638
11.19501792034102
11.24909860230132
11.302618828806647
11.355556562317618
11.407889548562036
11.45959532766172
11.510651245947255
11.561034468474276
11.61072199225489
11.65969066021675
11.70791717590133
11.755378118911958
11.802049961121545
11.847909083647973
11.892931794604564
11.937094347631149
11.980372961210271
12.022743838770776
12.06418318958014
12.104667250424157
12.14417230807148
12.182674722517907
12.220150951003191
12.256577572790876
12.291931314699367
12.326189077369435
12.359327962251198
12.39132529929041
12.422158675290783
12.451805962926834
12.480245350377427
12.507455371547849
12.53341493684429
12.558103364461285
12.58150041213917
12.603586309344818
12.624341789825202
12.64374812447952
12.661787154491703
12.678441324661392
12.693693716867475
12.707528083594125
12.719928881445659
12.730881304572641
12.740371317927465
12.748385690264325
12.754912026794441
12.759938801404106
12.763455388339485
12.765452093259084
12.765920183551506
12.764851917813534
12.762240574380796
12.758080478801245
12.752367030139576
12.74509672599909
12.736267186146652
12.725877174625106
12.713926620237812
12.70041663528966
12.685349532470001
12.668728839764112
12.6505593132817
12.630846947893529
12.609598985570411
12.5868239213228
12.562531506643614
12.536732750362402
12.509439916825128
12.480666521320336
12.450427322680529
12.41873831299578
12.38561670438569
12.351080912786044
12.315150538716916
12.27784634501084
12.239190231491484
12.199205206606342
12.157915356030452
12.11534580827226
12.071522697327229
12.02647312244018
11.980225105052543
11.932807543026584
11.884250162254693
11.834583465777731
11.783838680552643
11.732047702025246
11.679243036679901
11.62545774275285
11.57072536931064
11.515079893909146
11.458555659061647
11.401187307756437
11.343009718275603
11.284057938575835
11.224367120500618
11.163972454099223
11.102909102333026
11.041212136452156
10.978916472326484
10.916056808013517
10.852667562842301
10.788782818286352
10.724436260890835
10.65966112750826
10.59449015308423
10.528955521219544
10.463088817717232
10.396920987303524
10.33048229368973
10.2638022831185
10.196909751512221
10.129832715314402
10.06259838608672
9.995233148895078
9.927762544488136
9.860211255241735
9.79260309481235
9.724961001412998
9.657307034596263
9.589662375401328
9.522047329695921
9.454481334519983
9.386982967216431
9.319569957115387
9.252259199522472
9.185066771749538
9.118007950917345
9.051097233254668
8.984348354617524
8.917774311955025
8.851387385455299
8.78519916111595
8.719220553497879
8.653461828439417
8.587932625528643
8.522641980155814
8.457598344993547
8.392809610780093
8.328283126309756
8.264025717563444
8.200043705940926
8.136342925584344
8.072928739808251
8.009806056675192
7.946979343776707
7.884452642296638
7.822229580447001
7.760313386375835
7.698706900650782
7.637412588422345
7.576432551366191
7.515768539495424
7.455421962921161
7.395393903624199
7.335685127282522
7.276296095179582
7.217226976197831
7.158477658882138
7.100047763538969
7.041936654321156
6.984143451235821
6.926667042004834
6.869506093704793
6.812659064116702
6.756124212725441
6.699899611325163
6.64398315420926
6.588372567951946
6.533065420821673
6.478059131903705
6.423350980048829
6.368938112805333
6.314817555530477
6.260986220913766
6.207440919174875
6.154178369222717
6.10119521107644
6.048488019853
5.996053321617628
5.943887611372455
5.891987373424555
5.840349104327399
5.788969338530427
5.7378446768013625
5.686971817406408
5.6363475899472375
5.58596899166312
5.5358332259139065
5.485937742468315
5.436280279133782
5.386858904182307
5.337672058952232
5.288718599940922
5.23999783964884
5.19150958539166
5.143254175264794
5.095232510423933
5.047446082836078
4.999896997658929
4.952587989423763
4.905522431229721
4.858704336209352
4.812138350599804
4.765829737856509
4.7197843533811525
4.674008609608457
4.6285094314105
4.583294202034358
4.538370700087322
4.493747028417953
4.449431536098946
4.405432735082541
4.3617592134477405
4.318419547462458
4.275422214911477
4.232775512259323
4.1904874781957755
4.14856582592578
4.107017886201874
4.065850562557364
4.025070299502067
3.984683063630533
3.9446943367267213
3.9051091191080305
3.865931940727325
3.8271668770390392
3.7888175664212493
3.7508872260962667
3.7133786640398236
3.6762942852998837
3.639636092395068
3.6034056809091504
3.5676042328741846
3.532232511838191
3.497290864430666
3.462779233574137
3.4286971880943473
3.395043972286087
3.3618185770285494
3.329019831457922
3.29664651124968
3.2646974565776605
3.2331716901864205
3.2020685241165543
3.171387642773511
3.141129150426095
3.111293572901979
3.081881806086389
3.0528950075448402
3.0243344317914227
2.9962012139794063
2.9684961107042964
2.9412192098847485
2.9143696241698005
2.887945183999087
2.861942147402504
2.836354943976628
2.8111759702579886
2.786395452828128
2.762001393665468
2.7379796091170325
2.714313869012678
2.69098613567682
2.6679768940654607
2.645265554630381
2.6228309009780855
2.600651546542873
2.5787063600513185
2.5569748199844717
2.5354372643655774
2.5140750139103276
2.492870362768601
2.4718064498317274
2.450867042510114
2.430036281666987
2.409298449099617
2.3886378262031434
2.3680387132033247
2.3474856715297636
2.3269640360448545
2.3064607170879228
2.2859652730804902
2.265471182903473
2.244977187022169
2.2244885060064643
2.2040176985621796
2.183584905933093
2.16321726263119
2.1429473458409483
2.122810686247678
2.102842553651332
2.0830744267216454
2.063530710510192
2.0442263283297426
2.0251657477068368
2.006343789130299
1.987748231464231
1.9693638265041367
1.9511769549493723
1.9331798986075919
1.9153736600176736
1.8977684837852513
1.8803817140953554
1.8632332748591505
1.8463397284143097
1.8297083630118205
1.8133329009577999
1.7971921099303907
1.7812518740137675
1.7654703224608743
1.7498047185080343
1.734218290628887
1.7186852524888483
1.7031929070645266
1.6877407319430653
1.6723373043962593
1.656996456232195
1.6417339435372118
1.6265652658180103
1.6115044343559495
1.5965629339748422
1.581748169700922
1.567061333941185
1.5524955057042384
1.5380353450198248
1.5236595245900832
1.5093459873771136
1.4950786686291704
1.4808532446161713
1.4666794880044873
1.4525791476214627
1.4385804079521594
1.4247117964025355
1.4109987299830384
1.3974642713528973
1.3841328269112112
1.3710331686380743
1.3581970059573212
1.3456518732356115
1.3334110082478774
1.3214656485888956
1.3097846844138825
1.298322823777152
1.2870335738460166
1.2758804637863796
1.2648407761762919
1.253899934684596
1.243039272649991
1.2322229922239112
1.2213908455488192
1.2104615298727999
1.1993481770497405
1.1879820534132155
1.176335481567311
1.1644334292449334
1.1523477214309477
1.140176796897273
1.128021378960919
1.1159667375362496
1.1040756893266677
1.092389424804262
1.0809314760575215
1.069712899681706
1.0587386046131988
1.0480132653050167
1.03754413754509
1.0273409048699533
1.017416005322036
1.0077864182534884
0.9984714419552844
0.9894811719097941
0.9808017128868393
0.972393195905369
0.964208990195889
0.9562227244574656
0.9484384574535669
0.940874570224294
0.9335380786685344
0.9264129662468085
0.9194665951363178
0.912656546758528
0.9059218243341223
0.8991655810087571
0.8922575209377582
0.8850791700664803
0.8775978777767675
0.8699094681215577
0.8621875419659601
0.8545524901429031
0.8469708223738082
0.8392972790928455
0.8314389821175718
0.8234807369278869
0.8156328266918814
0.8080425673285198
0.8006526887241812
0.7932358128080738
0.7855580072744077
0.7775261945248068
0.7692218018742681
0.7608150670465095
0.7524265262041591
0.7440583625338492
0.7356724671002963
0.7273093233005504
0.719072848686411
0.7110176537510912
0.7031363350300712
0.695465133548896
0.6881291276791591
0.6812709558284661
0.674987921092405
0.6693412032481242
0.6643755079092436
0.6600910510898512
0.6563661562631605
0.6529104940262606
0.6493757603604198
0.6455639674117553
0.6414667345062415
0.6370753549344383
0.6322417755427172
0.6267833787337732
0.6206668647176391
0.6140078351417264
0.6068924178650399
0.5993114183118865
0.5914036660650336
0.5837006506074898
0.5768653225829421
0.571128883039268
0.5661766479272505
0.5616046341873904
0.5572681105268482
0.5531613746908491
0.5493288470721538
0.5458816573380931
0.5426997782105747
0.5393777170626641
0.5355847796872268
0.5310346342184913
0.5254493021316744
0.5189987724803626
0.512280658975093
0.5058758393644576
0.5001669130512513
0.4949539966546711
0.48962116349281176
0.48418913445533074
0.4792316654955228
0.47489150617025544
0.4709939472345767
0.46767793061923346
0.46508667043536656
0.46287006265870567
0.46070153324564744
0.458523809111558
0.45588166207880904
0.45216399136142016
0.447475731130025
0.4423605217405104
0.4371028135423422
0.4317861230571454
0.4264567150262284
0.42109537502368954
0.415740659405069
0.410724413057452
0.40642801620427116
0.4028999907799703
0.3998607596827925
0.39690275339558984
0.39374653741108495
0.39034170721096967
0.3867092946388803
0.38301796172030544
0.37941978781160185
0.3757733351180981
0.37222292888600533
0.3688339859001483
0.36524477751586426
0.3615894077450652
0.3586687159935305
0.3567798560841659
0.3550873397113699
0.3524143450385932
0.3486783284171153
0.3438048382740433
0.3388952780127862
0.3343799124861095
0.33019824905103073
0.3274538618432328
0.3261090476209194
0.3249600174510116
0.32301342551186146
0.3204651010985902
0.31743477105982976
0.313776997922488
0.3103791996288314
0.3075313735090854
0.30575909680262753
0.30451009808283935
0.3027972367625363
0.29998853737057757
0.2963708676781223
0.2923329703972294
0.28781601932816475
0.2831557812310078
0.27959243380671
0.27795460897975127
0.27644910306958403
0.2742122574133174
0.2719727004171856
0.26914881780026517
0.2660136530825088
0.2629973894072115
0.26153018512532367
0.26168687417375647
0.2613883228260888
0.2596069678094531
0.2569582289977852
0.25334938280794994
0.2488268675492901
0.2440868669006246
0.24104706841219475
0.24025516662910928
0.23978706559531898
0.2399107103081821
0.23868819754568768
0.23581589499128477
0.2332172045947001
0.23051503034952023
0.22806131381890776
0.22576434693226644
0.22417451599874438
0.22292212104435977
0.22079710170700526
0.21859664122641173
0.21689532373240136
0.21508005676041508
0.2130666330988611
0.21139860396913127
0.21021077336032504
0.20798006902648009
0.2050580724223585
0.20144615865802623
0.1982825181275691
0.19722858125355805
0.1988587754787561
0.20030636164665255
0.1991292458090621
0.19558293758800463
0.1919875209747133
0.18875645718132983
0.1863224895050141
0.18454278121149542
0.1824685568184413
0.1798299616676026
0.17838442281001685
0.17726620612276878
0.17690890354403052
0.17655199632284738
0.17519076736764472
0.17304931839093912
0.1703103013396491
0.1675647779159134
0.1655644301164413
0.16482650511573635
0.1638949752162876
0.16276470702509432
0.16132661983341787
0.1582743997843844
0.15583898297594703
0.1545032012473768
0.15468448321342798
0.15574034711886808
0.1552783072592763
0.15216695897253701
0.1498771554131972
0.14878082442564444
0.14889376731766749
0.1477120153453442
0.1449642886951063
0.141846615941382
0.1399125815771913
