0.11649053754423373
0.11756931731264444
0.11865808395792406
0.11975692984056735
0.12086594817300686
0.12198523302626352
0.12311487933856069
0.12425498292386587
0.12540564047871847
0.12656694959104983
0.1277390087479552
0.12892191734352387
0.13011577568831406
0.13132068501634495
0.13253674749443928
0.13376406623051537
0.13500274528180375
0.1362528896630588
0.1375146053576156
0.13878799932274694
0.14007317950148507
0.1413702548297996
0.14267933524629484
0.14400053170087304
0.14533395616553885
0.14667972164062856
0.1480379421671446
0.14940873283460254
0.15079220979041272
0.15218849025074072
0.15359769250941932
0.15501993594660946
0.15645534104049924
0.15790402937650683
0.15936612365677175
0.16084174771103804
0.16233102650606002
0.16383408615706044
0.16535105393643648
0.166882058285613
0.16842722882506667
0.16998669636460179
0.1715605929148387
0.17314905169679948
0.17475220715475537
0.17637019496515377
0.17800315204896644
0.17965121658195052
0.18131452800723125
0.18299322704542342
0.18468745570664208
0.18639735730150525
0.18812307645382306
0.18986475911196626
0.19162255255963637
0.1933966054289488
0.19518706771269725
0.1969940907752565
0.19881782736583137
0.20065843163073474
0.20251605912519288
0.2043908668259973
0.2062830131453704
0.20819265794176545
0.21011996253430984
0.21206508971501398
0.2140282037614152
0.21600947045088167
0.2180090570730128
0.22002713244317715
0.22206386691632315
0.2241194323998923
0.2261940023678987
0.22828775187500802
0.23040085757020345
0.23253349770996318
0.23468585217396493
0.2368581024784259
0.2390504317892392
0.2412630249397473
0.24349606844161786
0.24574975050143882
0.2480242610353863
0.25031979168379154
0.2526365358262339
0.25497468859660366
0.25733444689797763
0.25971600941915063
0.26211957664845087
0.26454535089036
0.2669935362813447
0.26946433880450965
0.27195796630651925
0.2744746285133476
0.2770145370461764
0.2795779054379642
0.2821649491494443
0.28477588558590056
0.28741093411338065
0.29007031607609246
0.29275425481201095
0.2954629756711756
0.29819670603147125
0.3009556753169534
0.3037401150139095
0.30655025868936847
0.309386342007238
0.31224860274768945
0.31513728082312514
0.3180526182970283
0.32099485940135153
0.3239642505550863
0.32696104038187385
0.32998547972845976
0.3330378216833953
0.3361183215949348
0.33922723708980496
0.34236482809231034
0.34553135684237657
0.3487270879152085
0.3519522882397469
0.35520722711782476
0.35849217624367824
0.36180740972305625
0.3651532040925244
0.36852983833924013
0.3719375939201366
0.37537675478203536
0.3788476073812295
0.38235044070339763
0.38588554628343474
0.3894532182258226
0.3930537532244323
0.39668745058283217
0.40035461223491076
0.40405554276488975
0.4077905494278179
0.41155994217041736
0.4153640336514252
0.4192031392622201
0.4230775771477856
0.4269876682278355
0.43093373621680564
0.434916107645594
0.4389351118822568
0.44299108115296154
0.4470843505634957
0.4512152581198887
0.45538414475007244
0.4595913543246735
0.4638372336788365
0.4681221326327829
0.47244640401388405
0.47681040367751576
0.48121449052851184
0.48565902654275545
0.49014437678823347
0.4946709094466864
0.4992389958347666
0.5038490104256355
0.5085013308701555
0.5131963380182596
0.5179344159403093
0.5227159519482886
0.5275413366170743
0.5324109638054995
0.5373252306779783
0.5422845377247894
0.5472892887837671
0.5523398910608098
0.5574367551508066
0.5625802950586134
0.5677709282194993
0.5730090755194713
0.5782951613161513
0.5836296134587139
0.5890128633081173
0.5944453457570772
0.5999274992499897
0.605459765802377
0.6110425910206396
0.6166764241211298
0.6223617179492317
0.6280989289983291
0.6338885174282193
0.6397309470837133
0.6456266855126915
0.6515762039837494
0.6575799775038988
0.6636384848359302
0.6697522085151401
0.6759216348659892
0.6821472540183944
0.6884295599234136
0.694769050369069
0.701166226995106
0.7076215953077836
0.7141356646942374
0.7207089484359753
0.7273419637222949
0.7340352316630819
0.7407892773010092
0.7476046296233462
0.7544818215728616
0.7614213900586418
0.7684238759658821
0.7754898241652265
0.7826197835213082
0.7898143069008087
0.7970739511795063
0.8043992772489731
0.8117908500219693
0.819249238437618
0.8267750154651878
0.8343687581074569
0.8420310474028447
0.8497624684268941
0.8575636102925245
0.8654350661495526
0.8733774331827592
0.8813913126094477
0.8894773096754481
0.897636033650031
0.9058680978199476
0.9141741194816558
0.9225547199329477
0.9310105244627563
0.93954216233974
0.9481502667994173
0.9568354750302414
0.9655984281573673
0.9744397712256859
0.9833601531806467
0.9923602268478661
1.0014406489106842
1.0106020798861548
1.0198451840990241
1.0291706296541359
1.0385790884065054
1.048071235929733
1.057647751482065
1.0673093179705588
1.0770566219127955
1.0868903533966272
1.0968112060372404
1.1068198769321596
1.116917066613466
1.1271034789976495
1.1373798213326873
1.1477468041425325
1.158205141168733
1.168755549309112
1.179398748553591
1.1901354619168985
1.2009664153682096
1.2118923377572293
1.2229139607375545
1.234032018685943
1.245247248618469
1.256560390102894
1.2679721851673726
1.2794833782052708
1.2910947158759738
1.302806947001805
1.3146208224605762
1.3265370950739965
1.3385565194915083
1.350679852069762
1.3629078507473553
1.3752412749146552
1.3876808852789453
1.40022744372432
1.412881713166492
1.425644457402188
1.438516440953179
1.4514984289044703
1.4645911867370625
1.47779548015448
1.4911120749033868
1.504541736587765
1.5180852304770962
1.5317433213074239
1.5455167730761599
1.5594063488297274
1.5734128104440814
1.5875369183982084
1.6017794315398375
1.6161411068438445
1.630622699162495
1.6452249609680052
1.659948642086513
1.6747944894239963
1.6897632466832468
1.7048556540721547
1.7200724480029088
1.7354143607819692
1.750882120290397
1.766476449654705
1.7821980669074562
1.7980476846380418
1.8140260096326888
1.8301337425040722
1.8463715773098637
1.862740201160318
1.8792402938142059
1.8958725272633603
1.9126375653051533
1.9295360631028624
1.946568666733541
1.963736012723367
1.9810387275697348
1.9984774272503876
2.016052716718835
2.0337651893861213
2.051615426588256
2.0696039970396582
2.0877314562715727
2.1059983460557667
2.1244051938129163
2.142952512005433
2.1616407975145053
2.180470531000984
2.1994421762499416
2.218556179498272
2.237812968745551
2.2572129530473948
2.276756521791226
2.296444043954147
2.3162758673425756
2.33625231781332
2.3563736984758723
2.376640288875581
2.39705234415745
2.4176100942100653
2.4383137427898407
2.459163466624666
2.4801594144972094
2.5013017063073613
2.522590432113498
2.544025651152507
2.5656073908381236
2.587335645737448
2.609210376525319
2.631231508916424
2.6533989325747944
2.6757125000005963
2.6981720253939683
2.7207772834956754
2.7435280084045033
2.766423892371167
2.789464584568622
2.812649689838679
2.835978767414789
2.8594513296208826
2.8830668405462863
2.9068247146966213
2.930724315620685
2.954764954513312
2.978945888794261
3.0032663206632138
3.027725395630951
3.0523222010268727
3.0770557644829233
3.1019250523943245
3.1269289683571406
3.1520663515830165
3.177335975291543
3.202736545080375
3.2282666972737126
3.253924997249483
3.279709937745813
3.305619937147277
3.3316533377516087
3.3578084040174923
3.3840833207942302
3.410476191534007
3.436985036487723
3.4636077908852716
3.4903423031012313
3.517186332807174
3.544137549111639
3.571193528689077
3.5983517538991
3.625609610897427
3.6529643877400737
3.680413272482304
3.7079533512741913
3.7355816064544562
3.763294914644617
3.791090044845301
3.8189636565370586
3.8469122977877284
3.87493240336889
3.9030202928837583
3.9311721689092067
3.959384115154665
3.9876520946406995
4.015971947900387
4.044339391206591
4.072750014828395
4.101199281320216
4.129682523847134
4.15819494455023
4.1867316129557395
4.215287464432224
4.243857298699867
4.272435778396288
4.301017427703476
4.329596631040513
4.358167631826973
4.386724531322061
4.415261287544677
4.443771714279858
4.472249480177114
4.500688107946355
4.529080973657429
4.557421306149195
4.585702186554497
4.613916547947354
4.642057175118942
4.670116704489145
4.698087624160455
4.725962274121337
4.753732846606153
4.781391386618941
4.808929792628562
4.836339817442644
4.863613069268049
4.890741012965591
4.917714971506875
4.944526127641102
4.971165525779917
4.997624074108205
5.023892546928973
5.049961587250357
5.075821709622729
5.10146330323404
5.126876635271259
5.152051854555881
5.176978995461225
5.201647982119228
5.2260486329241775
5.250170665340813
5.274003701023725
5.2975372712550195
5.320760822706766
5.343663723534394
5.366235269806963
5.388464692279729
5.410341163513979
5.431853805348669
5.4529916967278105
5.473743881886972
5.494099378901657
5.514047188599541
5.533576303837959
5.55267571914707
5.571334440738392
5.589541496877491
5.607285948618519
5.624556900897501
5.641343513979926
5.657635015257323
5.673420711386075
5.688690000760648
5.70343238631202
5.717637488620686
5.7312950593323375
5.744394994862639
5.7569273503761975
5.76888235402305
5.780250421414548
5.791022170318672
5.8011884355532475
5.810740284053692
5.81966903009017
5.827966250607251
5.835623800657298
5.842633828897013
5.848988793114716
5.8546814757540595
5.859704999398102
5.864052842175819
5.867718853051332
5.870697266954449
5.872982719709369
5.8745702627167775
5.875455377343076
5.875633988968897
5.875102480647842
5.8738577063250235
5.87189700356395
5.869218205729261
5.865819653572118
5.8617002061643015
5.856859251126756
5.85129671409803
5.845013067388075
5.838009337763166
5.830287113308131
5.82184854931294
5.812696373131725
5.802833887963694
5.792264975507084
5.780994097439339
5.769026295679021
5.756367191387696
5.743022982673108
5.729000440958344
5.714306905985521
5.6989502794266755
5.682939017079055
5.666282119626904
5.648989121957097
5.631070081021531
5.612535562245144
5.593396624484628
5.573664803549472
5.553352094303741
5.532470931374025
5.511034168496278
5.489055056541642
5.466547220268915
5.443524633858912
5.420001595293689
5.395992699651208
5.371512811393533
5.346577035734215
5.321200689177618
5.295399269329976
5.269188424088636
5.242583920322144
5.215601612159595
5.188257409012987
5.160567243460859
5.132547039125525
5.104212678679377
5.0755799721182155
5.046664625441083
5.017482209876721
4.988048131796525
4.958377603452521
4.928485614676555
4.898386905673584
4.8680959410374625
4.837626885112167
4.806993578814874
4.776209518029771
4.74528783367294
4.714241273519194
4.68308218587148
4.651822505142301
4.620473739404836
4.589046959959074
4.557552792945408
4.5260014130248765
4.494402539131923
4.462765432292006
4.431098895482918
4.399411275505671
4.367710466817881
4.336003917270347
4.3042986356760915
4.272601201130253
4.240917773989537
4.2092541084111925
4.177615566344011
4.14600713285754
4.114433432690727
4.082898747897707
4.051407036466147
4.019961951782653
3.9885668628202673
3.9572248749246866
3.925938851078586
3.894711433527392
3.863545065654403
3.83244201399867
3.801404390314906
3.7704341735810534
3.7395332318655186
3.7087033439724038
3.6779462207893063
3.647263526267831
3.616656897972078
3.5861279671348103
3.555678378164437
3.5253098075485814
3.4950239821017224
3.4648226965050117
3.4347078300862406
3.404681362786866
3.37474539026137
3.3449021380519315
3.315153974778817
3.285503424284302
3.255953176665263
3.22650609812737
3.197165239592242
3.167933843988015
3.1388153521539173
3.109813407290863
3.0809318578925757
3.0521747590957964
3.023546372393451
2.995051163661498
2.9666937994582168
2.938479141564047
2.910412239740661
2.8824983226993384
2.8547427872810833
2.827151185864039
2.7997292120273696
2.7724826845149533
2.7454175295569443
2.7185397616221834
2.691855462689893
2.6653707601447385
2.6390918034153827
2.6130247394926744
2.5871756874796406
2.561550712341085
2.5361557980351783
2.51099682022248
2.4860795187584244
2.461409470182269
2.4369920604177433
2.412832457896887
2.3889355873073557
2.365306104143871
2.3419483702153916
2.318866430220843
2.2960639894578287
2.273544392671906
2.2513106039909014
2.2293651878223173
2.207710290526723
2.186347622621575
2.1652784412244346
2.1445035324192685
2.1240231932316425
2.1038372129349616
2.0839448534863805
2.064344829011694
2.045035284424593
2.0260137734754857
2.0072772367724347
1.9888219805915568
1.9706436575813604
1.9527372507460055
1.9350970623435648
1.9177167095317003
1.9005891287087295
1.8837065905077945
1.8670607272838566
1.8506425746716826
1.8344426283799031
1.8184509168237195
1.8026570895011202
1.7870505202109859
1.7716204233356676
1.7563559805160567
1.7412464741940619
1.7262814237517825
1.7114507194060968
1.6967447486861627
1.6821545102844746
1.6676717103696197
1.6532888371003822
1.63899921008079
1.6247970028096264
1.6106772377414025
1.5966357552943018
1.582669159893636
1.5687747477860983
1.5549504227495108
1.5411946068058189
1.527506153489549
1.5138842710312188
1.5003284619362218
1.4868384838891748
1.4734143347802415
1.460056262098147
1.446764794199005
1.433540788327776
1.4203854880513773
1.407300581257401
1.3942882493218927
1.3813511985966722
1.368492667020075
1.3557164012691774
1.3430266031495357
1.3304278474395124
1.317924976680695
1.305522980949716
1.2932268720649247
1.2810415617449595
1.2689717519363555
1.2570218430898736
1.2451958630200528
1.233497415686163
1.2219296463600442
1.210495217671755
1.199196290223368
1.1880345018611425
1.1770109410869207
1.1661261121031037
1.1553798912183277
1.144771476480445
1.1342993343144416
1.123961148673878
1.1137537799070591
1.1036732422650086
1.0937147105584877
1.0838725673644283
1.0741405015212377
1.0645116654742377
1.0549788926758037
1.045534966809589
1.0361729233042
1.026886352796874
1.0176696690434954
1.008518303342581
0.9994287958142496
0.9903987706781504
0.9814268051656174
0.9725122246595049
0.9636548736944025
0.9548549179305823
0.9461127232821427
0.9374288363763404
0.9288040611063594
0.9202395977337873
0.9117371924652966
0.9032992424042425
0.8949288138275149
0.8866295558858132
0.878405518395761
0.8702609024624278
0.8621997807285207
0.8542258201909315
0.8463420300905083
0.8385505480212049
0.8308524749634753
0.8232477751537202
0.8157352644646482
0.8083127127860796
0.8009770743025474
0.7937248325082306
0.7865524097950615
0.7794565565639685
0.7724346169412726
0.765484580001434
0.7586048723053826
0.7517939236373388
0.7450496237869584
0.7383688533613141
0.7317472820084858
0.7251795610968634
0.7186599022355182
0.71218287430325
0.7057441445421888
0.6993409026454742
0.6929718583456569
0.6866369306288937
0.6803369242583587
0.6740734927474475
0.6678494793071317
0.6616694063011412
0.6555396464261364
0.649467838020588
0.6434614440691562
0.6375258473445029
0.631662747658883
0.6258696435026236
0.6201407868131257
0.6144693675221438
0.6088501148308975
0.6032812639263713
0.5977650395797507
0.5923063709028585
0.5869102597954725
0.5815788192553942
0.5763092452572995
0.5710937392240633
0.5659216528850809
0.5607830949048197
0.5556723703559255
0.5505894754359991
0.5455387546615372
0.54052543327624
0.5355520908451632
0.5306172042132339
0.5257164741518958
0.5208458016502107
0.5160039681501742
0.5111937985595745
0.5064218668779595
0.501697325720601
0.4970301071436411
0.4924286285837019
0.48789776436553517
0.4834381875193726
0.4790471638378003
0.47471939237627975
0.4704466946621961
0.4662175377599712
0.4620188348034523
0.45784074166661826
0.45368158399565317
0.44954854239986475
0.44545231779264355
0.44139870516491064
0.43738302457673633
0.43339211796094623
0.4294133013028544
0.4254438006748807
0.4214931806796439
0.4175771909933363
0.41370916466378505
0.4098964786575594
0.406142907493758
0.4024504980937405
0.39881572614765864
0.39522396514816244
0.3916526977232898
0.38808679234456395
0.3845334800926796
0.38101958259207275
0.3775692238285358
0.37418148678837604
0.3708301191087134
0.36748681595843574
0.3641456507628178
0.3608240745400081
0.35754099717655985
0.3542983265067742
0.35108612941484557
0.34790010691129725
0.3447456704612162
0.34162385736440143
0.3385203839892109
0.33541544566822373
0.3323037260403574
0.3291997509950037
0.3261233562289769
0.3230840134800768
0.3200786369576149
0.3171001373577995
0.3141474754055775
0.3112295700711319
0.30836069750728734
0.30555043416902034
0.30279303839814425
0.3000668334807401
0.29735018928424534
0.2946383696653321
0.29194329250012657
0.28927758837530176
0.2866361293059872
0.28399835316709926
0.2813527714640228
0.2787072808605453
0.2760782190119665
0.27348248210357307
0.27093443386353444
0.2684447923051324
0.26602126411016735
0.2636668378989465
0.2613747694784089
0.2591163798226322
0.2568421935602003
0.25451987701735046
0.25216345812771723
0.24980641677636298
0.24746407582812058
0.24514173382200832
0.2428626386024577
0.24064932792739177
0.23849060190970528
0.23635713553566726
0.23423394077439835
0.23213401015357787
0.23007095382996995
0.22803460323895466
0.22597378012073815
0.22384660536450277
0.22172359404633812
0.21969539638049784
0.21774462038335166
0.21582697738114687
0.21394589430706745
0.2120839891418266
0.2102119726738233
0.20834443202356545
0.2064585854727417
0.20452809243904924
0.2026169182576822
0.20076095038461086
0.19889649017822567
0.19698404903930006
0.1950812752875983
0.19326203550034587
0.19154082584363577
0.1898523455415225
0.18812173848289995
0.18638466326700373
0.184703828218281
0.18310321955150186
0.18156299612985932
0.18002468708498803
0.17851967656555598
0.17699833809137633
0.17535280596455632
0.17365957860832199
0.17201541706382228
0.17044352550885455
0.1688996696450172
0.16734223131307596
0.16579419765240078
0.16426385130815663
0.1627178527190575
0.16114533569644257
0.15960118472420703
0.1581125122312731
0.15670857145650985
0.15537837887942174
0.15402950374809388
0.15266915777594356
0.15134010599452918
0.14999429562384584
0.14861819540026594
0.14719834397193096
0.14584020131607722
0.14455621669879826
0.14318721605500412
0.14180915860120474
0.14050225676067604
0.13920891628487264
0.13798369094866206
0.13684116619267586
0.13568590886508453
0.13442732079937944
0.13310611501121947
0.13186218266548322
0.13068781150117276
0.12954487792673036
0.12842389507257934
0.1272802083431343
0.12611351143855237
0.12488063522911881
0.12365493126448825
0.12247812534447522
0.12135892938044858
0.12019700721574013
0.11913803612122614
0.1181404838076543
0.11702027437949714
0.11593494828229199
0.11497889834911322
0.11400066200932102
0.11295271772856094
0.11185804074200667
0.11086515388251351
0.10988013931060055
0.10886910160315996
0.10791523655923255
0.10707114138872674
0.10615526198535172
0.10505559570829291
0.10403367101482096
0.10303481378712338
0.10204828230672915
0.101114668317786
0.10016457288377158
0.09917301854763916
0.09829651852647507
0.09752513893612591
0.09672945705425051
0.0958200802637434
0.09486759354637704
0.09397251086830544
0.09314214721024192
0.09239032386201783
0.09156494365054564
0.09069818003237003
0.08988390567683342
0.0890111756917213
0.08816358346311032
0.0874256990928258
0.08656951366966986
0.08580054401719367
0.0850700768936536
0.08424721270001988
0.08341969030421444
0.08263409785758907
0.0819248406312393
0.08118473998182556
0.08051888724963617
