0.1796927886621446
0.18135678085678023
0.1830361753611966
0.1847311145618615
0.18644174215259934
0.18816820315016136
0.1899106439097498
0.19166921212704638
0.19344405686411872
0.19523532855178538
0.1970431790031749
0.19886776143347748
0.20070923046135103
0.20256774213162448
0.20444345392378369
0.20633652476448938
0.20824711504144428
0.21017538661884475
0.21212150284741257
0.21408562857801133
0.21606793017878018
0.21806857554561887
0.2200877341171801
0.22212557688661974
0.22418227642027508
0.22625800686675096
0.22835294397350997
0.23046726510549898
0.23260114924961756
0.2347547770404511
0.23692833076670258
0.2391219943868934
0.2413359535532023
0.24357039561603192
0.24582550964555977
0.24810148644151492
0.2503985185561113
0.252716800304016
0.25505652778115695
0.2574178988771469
0.2598011132958124
0.26220637257146867
0.26463388007693717
0.26708384105174837
0.269556462611196
0.2720519537650823
0.2745705254340968
0.27711239046829994
0.2796777636630616
0.28226686177707877
0.2848799035472294
0.28751710971094474
0.29017870301916276
0.29286490825825295
0.2955759522651582
0.29831206394540716
0.3010734742938404
0.30386041641002454
0.3066731255214014
0.30951183899492707
0.31237679636583565
0.31526823934276565
0.31818641184300295
0.3211315599995894
0.3241039321863772
0.3271037790349121
0.3301313534581537
0.3331869106661173
0.33627070818683663
0.3393830058890971
0.34252406600157637
0.3456941531309019
0.3488935342861606
0.35212247889708953
0.3553812588360067
0.3586701484389291
0.3619894245263226
0.3653393664272154
0.36872025599566915
0.37213237763650386
0.3755760183268836
0.3790514676379981
0.3825590177555971
0.38609896350434014
0.3896716023703206
0.39327723452277075
0.39691616283725006
0.400588692918465
0.4042951331246242
0.40803579458930583
0.4118109912449297
0.41562103984778115
0.4194662600008112
0.42334697417748673
0.42726350774606225
0.4312161889927277
0.43520534914959735
0.439231322415484
0.4432944459808773
0.4473950600555867
0.45153350788998986
0.4557101358046409
0.4599252932100919
0.464179332638366
0.4684726097636767
0.47280548343019346
0.4771783156775695
0.4815914717678508
0.48604532021043434
0.49054023278828757
0.49507658458620746
0.49965475401583875
0.5042751228409598
0.5089380762086679
0.5136440026721207
0.5183932942185906
0.5231863462997529
0.5280235578549838
0.5329053313404816
0.5378320727569486
0.5428041916784109
0.5478221012776505
0.552886218355404
0.5579969633697877
0.5631547604615745
0.5683600374844594
0.5736132260330951
0.5789147614711758
0.5842650829605319
0.5896646334886654
0.5951138598995085
0.600613212919364
0.6061631471884489
0.611764121287945
0.6174165977705888
0.6231210431883812
0.6288779281224596
0.6346877272118531
0.6405509191829274
0.6464679868786462
0.6524394172877757
0.6584657015740952
0.6645473351068131
0.6706848174873997
0.6768786525815325
0.6831293485469969
0.689437417863132
0.6958033773618363
0.7022277482532815
0.7087110561588601
0.71525383113847
0.7218566077200856
0.7285199249284765
0.7352443263152284
0.7420303599864342
0.7488785786330223
0.7557895395579015
0.7627638047053822
0.7698019406905726
0.7769045188256462
0.7840721151501892
0.7913053104582942
0.7986046903261517
0.8059708451406993
0.8134043701257269
0.8209058653718267
0.8284759358595745
0.8361151914900545
0.8438242471086437
0.8516037225332341
0.8594542425794556
0.8673764370859668
0.8753709409400002
0.8834383941035071
0.8915794416358654
0.899794733719225
0.9080849256826962
0.9164506780239046
0.9248926564351033
0.9334115318222582
0.9420079803294038
0.9506826833586518
0.9594363275925625
0.9682696050125915
0.9771832129205692
0.9861778539570335
0.9952542361201194
1.0044130727821936
1.0136550827085484
1.0229809900732012
1.0323915244737294
1.0418874209466527
1.0514694199820838
1.061138267535429
1.0708947150405894
1.0807395194207878
1.0906734430995169
1.100697254008083
1.1108117255961114
1.1210176368370999
1.1313157722352885
1.141706921829111
1.1521918811970222
1.162771451457655
1.1734464392723138
1.184217656844009
1.1950859219156562
1.206052057767545
1.217116893211693
1.2282812625865531
1.2395460057482375
1.2509119680621952
1.2623800003907062
1.2739509590802645
1.2856257059470422
1.2974051082598188
1.309290038721147
1.3212813754468564
1.333380001942105
1.3455868070782255
1.3579026850631921
1.3703285354135868
1.3828652629214429
1.3955137776204385
1.4082749947487336
1.4211498347084226
1.4341392230246546
1.447244090298514
1.4604653721600356
1.4738040092172455
1.4872609470012865
1.500837135908928
1.5145335311430734
1.5283510926473003
1.5422907850395429
1.556353577540257
1.570540443898161
1.5848523623114408
1.5992903153454863
1.613855289846296
1.6285482768498383
1.6433702714876108
1.6583222728866063
1.6734052840661702
1.6886203118295209
1.703968366650049
1.7194504625540157
1.7350676169964365
1.750820850733257
1.7667111876876154
1.7827396548103127
1.7989072819350298
1.8152151016275917
1.831664149028889
1.8482554616929163
1.864990079416467
1.8818690440644172
1.8988933993866246
1.9160641908288771
1.933382465337275
1.950849271153842
1.9684656576062296
1.9862326748891468
2.004151373837571
2.0222228056930236
2.040448021860398
2.0588280736573634
2.0773640120541965
2.096056887405213
2.1149077491712855
2.1339176456322937
2.153087623590458
2.1724187280639926
2.191912001969683
2.2115684857966795
2.2313892172683065
2.2513752309931148
2.271527558105981
2.291847225896378
2.3123352574255946
2.3329926711320743
2.3538204804239165
2.3748196932597216
2.3959913117155365
2.417336331539466
2.4388557416920555
2.460550523873782
2.4824216520374764
2.504470091886856
2.526696800360491
2.5491027250998664
2.5716888039028514
2.594455964160718
2.617405122279518
2.640537183084694
2.663853039208927
2.687353570462747
2.711039643187309
2.734912109590092
2.758971807061106
2.7832195574708547
2.807656166449737
2.8322824226474785
2.8570990969723598
2.882106941810957
2.907306690226489
2.9326990551371583
2.958284728471348
2.9840643803028315
3.010038657962513
3.0362081851277454
3.0625735608889078
3.0891353587922263
3.1158941258586106
3.142850381578674
3.1700046168822253
3.1973572930837326
3.2249088408013153
3.2526596588503254
3.2806101131107375
3.308760535367247
3.33711122212299
3.36566243338534
3.3944143914239997
3.4233672795008925
3.4525212405712673
3.481876375956365
3.511432743986153
3.541190358613114
3.5711491879950517
3.601309153049328
3.6316701259746123
3.6622319287432017
3.6929943315617226
3.7239570513004447
3.7551197498911164
3.7864820326928794
3.8180434468265503
3.8498034794761966
3.8817615561589274
3.913917038962207
3.946269224748132
3.9788173433262437
4.011560555592607
4.044497951637224
4.077628548818432
4.110951289805365
4.1444650405873515
4.1781685884523725
4.212060639932449
4.246139818718125
4.280404663541467
4.31485362602823
4.349485068519193
4.3842972618617475
4.419288383172196
4.454456513568715
4.489799635876471
4.525315632305349
4.561002282100887
4.596857259169784
4.6328781296804165
4.669062349640045
4.705407262449592
4.741910096436695
4.778567962369823
4.815377850953249
4.852336630305568
4.889441043423412
4.926687705630727
4.964073102018267
5.001593584872018
5.039245371095691
5.077024539627235
5.114927028853826
5.152948634025906
5.191085004674651
5.229331642034698
5.267683896475748
5.3061369649455665
5.344685888428637
5.383325549422934
5.422050669439386
5.460855806527425
5.499735352830573
5.538683532176591
5.577694397706772
5.616761829548193
5.655879532534603
5.695041033980557
5.734239681514056
5.773468640973177
5.812720894372276
5.851989237943674
5.891266280260904
5.930544440450067
5.969815946494977
6.009072833644201
6.0483069429256116
6.087509919776603
6.126673212797065
6.165788072632507
6.204845550995771
6.243836499835049
6.282751570656552
6.321581214010517
6.360315679149258
6.398945013866131
6.43745906452468
6.475847476287267
6.514099693552765
6.552204960612963
6.590152322537712
6.6279306262986815
6.665528522142048
6.702934465220247
6.7401367174935825
6.777123349911696
6.813882244885957
6.850401099063203
6.886667426411349
6.9226685616281145
6.958391663882902
6.993823720902705
7.028951553412982
7.06376181994322
7.098241022008149
7.1323755096743
7.166151487522343
7.199555021014041
7.232572043274298
7.265188362296203
7.29738966857877
7.329161543204578
7.360489466366038
7.391358826346512
7.421754928963699
7.451663007480558
7.481068232989444
7.509955725273618
7.538310564149816
7.5661178012946095
7.593362472556169
7.620029610752082
7.646104258952893
7.671571484249647
7.696416392002423
7.720624140565758
7.744179956485336
7.76706915015859
7.789277131950804
7.810789428756047
7.831591700991274
7.851669760009447
7.87100958591624
7.889597345772555
7.907419412163512
7.924462382112
7.940713096313459
7.956158658665545
7.970786456065112
7.984584178441788
7.997539838995725
8.009641794604516
8.020878766362152
8.031239860210164
8.040714587619249
8.049292886276838
8.056965140734148
8.063722202963618
8.069555412775651
8.074456618041213
8.07841819466469
8.081433066249602
8.083494723397445
8.084597242578475
8.084735304511332
8.083904211986885
8.082099907070516
8.079318987615505
8.075558723019615
8.070817069155995
8.065092682409052
8.058384932745858
8.050693915753543
8.042020463573648
8.032366154665041
8.021733322328089
8.010125061924079
7.997545236725912
7.983998482337924
7.9694902096256355
7.954026606098982
7.937614635696129
7.920262036918842
7.901977319274674
7.8827697579860105
7.862649386931219
7.841626989788826
7.819714089361612
7.796922935064252
7.773266488564756
7.748758407577498
7.723413027813175
7.697245343099092
7.670270983691456
7.642506192809925
7.613967801433545
7.584673201406093
7.5546403169080305
7.523887574361415
7.492433870843354
7.460298541092668
7.427501323203508
7.394062323108469
7.360001977962334
7.325341018545662
7.290100430815445
7.254301416737108
7.2179653545389275
7.18111375853597
7.1437682386758325
7.105950459963058
7.067682101922454
7.02898481826431
6.9898801969159825
6.950389720584689
6.910534728015904
6.87033637610971
6.8298156030544845
6.788993092633107
6.747889239851297
6.706524118031022
6.664917447504081
6.623088566031848
6.581056401067077
6.5388394439624005
6.496455726218158
6.453922797849073
6.411257707935612
6.368476987411568
6.325596634124569
6.282632100191021
6.239598281651866
6.19650951042013
6.153379548496207
6.110221584412203
6.067048231852424
6.023871530383737
5.980702948217027
5.937553386909589
5.894433187908071
5.85135214082268
5.80831949331621
5.7653439624854625
5.722433747608597
5.67959654412953
5.636839558749705
5.594169525498425
5.551592722655613
5.509114990404816
5.466741749099705
5.424478018034183
5.38232843461378
5.340297273834765
5.2983884679864595
5.2566056265019085
5.214952055891577
5.173430779704062
5.13204455846688
5.0907959095683575
5.04968712704881
5.008720301275205
4.967897338477856
4.927219980130684
4.886689822157961
4.846308333949984
4.8060768771682785
4.765996724317372
4.7260690770554925
4.686295084210689
4.646675859462245
4.607212498640473
4.567906096591082
4.528757763543994
4.489768640921416
4.450939916516122
4.412272838969231
4.3737687314774965
4.335429004663337
4.29725516854722
4.25924884357114
4.221411770634152
4.183745820115555
4.146252999878218
4.108935462262938
4.071795510103633
4.0348356018116895
3.998058355594771
3.9614665528893314
3.9250631410957424
3.8888512357091822
3.8528341219365787
3.817015255879408
3.7813982653428777
3.745986950304021
3.7107852830341654
3.6757974078261855
3.6410276402251243
3.606480465603895
3.5721605368666722
3.5380726710044317
3.5042218441732373
3.470613184920561
3.4372519651522904
3.404143588416779
3.3712935750864554
3.338707544044652
3.3063911905378993
3.2743502599322944
3.2425905172164367
3.211117712220469
3.1799375406669474
3.1490556013292244
3.1184773497400426
3.088208049058697
3.0582527188611954
3.028616082755523
2.9993025158349416
2.9703159930594976
2.9416600396938923
2.913337684925834
2.8853514197420056
2.857703160051271
2.830394215921469
2.803425267643631
2.776796349164453
2.7505068392432555
2.7245554605020894
2.698940286354582
2.673658755625942
2.6487076945154686
2.6240833454038794
2.59978140186766
2.575797049126656
2.5521250090143406
2.5287595884184753
2.505694729992834
2.482924063792118
2.460440958342798
2.438238569549315
2.4163098857710494
2.394647767418404
2.373244979535361
2.3520942160870755
2.3311881150735076
2.3105192641502588
2.29008019714527
2.269863382685308
2.2498612070383746
2.230065954168109
2.2104697867991616
2.191064732916263
2.171842682472556
2.1527953990836393
2.133914551072147
2.115191765372054
2.0966187065058604
2.0781871811540373
2.059889266826131
2.0417174609341453
2.0236648443097875
2.0057252510695864
1.9878934349024386
1.9701652205241917
1.952537628398018
1.935008961021399
1.917578840256355
1.900248187397408
1.8830191409199835
1.86589491101787
1.8488795748929165
1.8319778219528986
1.815194663145066
1.79853512306837
1.7820039367100389
1.7656052741351969
1.7493425158413207
1.7332180985899666
1.717233446409317
1.7013889944456664
1.685684304989682
1.6701182660534617
1.6546893541704284
1.639395935504327
1.6242365737270021
1.6092103102273383
1.5943168827130862
1.57955685267515
1.5649316207528394
1.550443321587521
1.5360946054435805
1.5218883310137619
1.5078272097951286
1.4939134539009151
1.4801484827181002
1.4665327367987286
1.4530656290737745
1.4397456360437786
1.4265705003400189
1.4135374887478362
1.4006436348640938
1.3878858993998926
1.3752612052851787
1.3627663441203015
1.350397793751491
1.3381515189620867
1.3260228352115604
1.3140063930966341
1.3020962942563195
1.2902862948898182
1.278570014649001
1.2669410676136312
1.2553930766989272
1.2439196117276183
1.2325141739086147
1.2211703956285958
1.209882601444695
1.1986467750691194
1.1874618220648623
1.1763308613869479
1.1652621829693939
1.1542695192357644
1.1433714039451948
1.1325895967246686
1.121946770823586
1.1114638283246099
1.1011572810230328
1.0910371154988612
1.0811054763551442
1.0713563855690917
1.0617765832154686
1.0523474182754635
1.0430475295634236
1.033855857494213
1.0247543831132873
1.0157299891236506
1.0067750340270973
0.9978865947741946
0.9890647390764588
0.9803104660682992
0.9716239834495671
0.9630037742384696
0.954446571850464
0.9459480705434817
0.9375040411321992
0.929111476187041
0.9207693770243376
0.9124787990749994
0.9042418890084623
0.8960599986756268
0.8879315149140697
0.8798505094182919
0.8718072702969769
0.8637910164658856
0.8557939048015439
0.8478145410665608
0.8398592845203441
0.8319407709561404
0.8240745682538806
0.8162757066037534
0.8085564589491536
0.8009255947736443
0.7933884107057793
0.7859468862390978
0.7786000915621131
0.7713454948925661
0.7641812861980362
0.7571085313998361
0.750131175196956
0.7432528150640534
0.7364716281587558
0.7297770761451613
0.7231518262292391
0.7165790171312881
0.710050552821135
0.7035701845339017
0.6971481500833902
0.6907906072015331
0.6844920181346931
0.6782373018780107
0.6720130206599054
0.6658188662489171
0.6596694547789685
0.6535840619812792
0.6475725251904458
0.6416294046478166
0.6357411732907706
0.6298990164426073
0.6241048452470772
0.6183656973602261
0.6126838265343538
0.6070535811090355
0.6014683842801262
0.5959307967662976
0.5904554718941813
0.585060096353125
0.5797490298332602
0.5745028222328208
0.5692859045087099
0.5640698575356212
0.5588530179417799
0.5536599906553672
0.548525799913327
0.5434813212317466
0.5385461873532283
0.533723929100048
0.5289981414008786
0.5243334052870109
0.519681263591754
0.514994156889233
0.510253811468192
0.505498982864142
0.5008128761709283
0.49626189517959185
0.4918437415193931
0.48750350801298975
0.48319443506286774
0.47890852308543774
0.4746507604762276
0.4704040130054732
0.46613402335048837
0.46182423594457905
0.4574892555585607
0.453148763919647
0.44880675370504275
0.444471544800339
0.4401789981578855
0.43597668533051304
0.4318985675136756
0.42796362845410063
0.42417027379946326
0.4204749250854109
0.41680225169891955
0.4130990433855467
0.4093731687139297
0.4056680766312468
0.4019951089535038
0.39831421132316996
0.3945959085893263
0.3908588208040644
0.38714347186427894
0.3834958212056101
0.3799303831073488
0.3763978951630433
0.3728770614293673
0.3694366428694057
0.36612079043801765
0.36287187063500453
0.35961236751366493
0.35633839988165306
0.3531137163836655
0.34997507473990797
0.34685168331421073
0.3436299090326298
0.3403264618819667
0.3370890170399011
0.3339996130453414
0.3310356181052252
0.32814510899600124
0.3252327212005517
0.3222518408676454
0.3192919594553738
0.31640046726698334
0.3135007997431871
0.3105626334028897
0.3076292511604479
0.30471838293572845
0.30179343275085063
0.2988135510075547
0.2958425627499266
0.2930290298755935
0.2904097855250154
0.2879102921667583
0.2855046848307059
0.28317150364960364
0.28085097339830495
0.2784821530361349
0.27604869135560683
0.27350349809479163
0.2707334838748925
0.26788262421109055
0.26517934348646915
0.26261181525607125
0.26023742173096703
0.2581065792496401
0.25607933098793806
0.25401335223595334
0.25175376588752335
0.24930100459920912
0.2468590751775544
0.2444762681098687
0.242111158377567
0.23982777875740158
0.23775586814929292
0.2357091689418021
0.2334696190370125
0.23113638362211714
0.22879802921379414
0.2266331661668236
0.22476100648655228
0.22296858958832902
0.22111790511780727
0.21917202566606833
0.21717035063508097
0.21515191395717695
0.21304414360555118
0.21107115408774088
0.20934445155028106
0.20762142932249728
0.2058761233216297
0.2040027210233899
0.2018955909501143
0.1997895311946543
0.19795708820604135
0.19624030003839937
0.19448317591665348
0.1926658307404603
0.19091567121896097
0.1892754615874167
0.18758926715957155
0.1858277074000862
0.18399589411014158
0.18222478256788624
0.18047674046593856
0.17881223089214657
0.17737280145757878
0.17590871623005033
0.17432127104641798
0.17263694520502537
0.17100698169348763
0.16944600754102662
0.16775975993414396
0.1661297213722388
0.1647819439051141
0.16344624029972055
0.16199576908424249
0.16046361889675417
0.15909034957810436
0.1577697097029914
0.1563355494323427
0.15472500855356924
0.15315467402150595
0.15186150578011479
0.15058660942492116
0.14909457438648724
0.14769877065906348
0.14646532081961128
0.14522699874767495
0.14397693034107076
0.14270679161314612
0.14139685629658166
0.14016211823612396
0.13881979830893296
0.13745334255546116
0.13626844421750778
0.1348875275565068
0.13355907589510418
0.13231472137157968
0.13130214599050857
0.1301094983576667
0.12862837995252252
0.12728473460529252
0.12627927470644498
0.1254640799548837
0.12459788233534391
0.12339568049763922
0.12218349603470709
0.12090472411458861
0.11972172110154114
0.1185687375928471
0.1174506365834705
0.11657911583195257
0.11550577362248347
0.1143962434016362
0.11331905430941924
0.11244417293416469
0.1114915821022098
0.11046844058521828
0.10933600641355584
0.1082312486372611
0.10711415889462744
0.10629107614427113
0.10533603466238031
0.10439931983649887
0.10339884920141952
0.10246780231373126
0.10144244186212495
0.10037579788625552
