0.09009571698950222
0.09093007412424974
0.09177215574362715
0.09262203329738479
0.09347977889317534
0.09434546530458196
0.09521916597455884
0.09610095502633755
0.09699090726468144
0.09788909818373197
0.09879560397538158
0.0997105015326154
0.10063386845785946
0.10156578306862722
0.10250632440447208
0.10345557223316605
0.10441360705784937
0.10538051012319967
0.10635636342257326
0.10734124970442334
0.10833525248003927
0.10933845602923582
0.11035094540854698
0.11137280645745765
0.11240412580592798
0.11344499088171896
0.11449548991675948
0.11555571195662778
0.11662574686402608
0.11770568533110377
0.11879561888335408
0.11989563988782337
0.12100584156270633
0.12212631798193463
0.12325716408616708
0.12439847568799005
0.12555034948187493
0.12671288304992598
0.12788617487261278
0.12907032433460633
0.13026543173417549
0.131471598291213
0.13268892615479733
0.13391751841322247
0.13515747910104586
0.13640891320800783
0.1376719266877573
0.13894662646654063
0.1402331204521654
0.14153151754245544
0.14284192763397796
0.14416446163182617
0.14549923145815205
0.14684635006123375
0.14820593142506092
0.1495780905780797
0.1509629436031219
0.15236060764630213
0.15377120092760793
0.15519484274911075
0.15663165350504094
0.15808175469280125
0.15954526892099538
0.16102231992047567
0.16251303255417773
0.16401753282683632
0.16553594789569695
0.16706840608033105
0.16861503687321266
0.17017597095005832
0.17175134018048757
0.1733412776384155
0.17494591761249603
0.17656539561772552
0.1781998484054194
0.17984941397457568
0.18151423158301502
0.18319444175780447
0.1848901863074905
0.18660160833265227
0.18832885223739879
0.1900720637408308
0.19183138988872692
0.19360697906540147
0.1953989810048239
0.1972075468029517
0.1990328289293889
0.20087498123948344
0.20273415898655062
0.20461051883361903
0.20650421886642312
0.20841541860509114
0.21034427901710548
0.2122909625291014
0.2142556330408787
0.21623845593643243
0.21823959809847224
0.2202592279201155
0.22229751531815178
0.2243546317468191
0.22643075021004974
0.22852604527567444
0.23064069308812998
0.232774871382508
0.2349287594973653
0.2371025383892992
0.2392963906458876
0.24151050050042516
0.24374505384510833
0.24600023824544615
0.24827624295418405
0.2505732589262464
0.2528914788318539
0.2552310970718495
0.25759230979213943
0.2599753148980106
0.2623803120689021
0.26480750277344123
0.26725709028360617
0.2697292796910524
0.272224277920684
0.27474229374677683
0.2772835378074322
0.2798482226212104
0.28243656260115896
0.28504877407089024
0.2876850752803164
0.290345686421027
0.2930308296426005
0.2957407290674242
0.29847561080784685
0.3012357029810878
0.30402123572623135
0.30683244121978004
0.3096695536921291
0.3125328094442292
0.31542244686307186
0.3183387064392949
0.32128183078280387
0.3242520646402345
0.32724965491074515
0.3302748506634624
0.33332790315411875
0.33640906584196945
0.33951859440632176
0.3426567467644848
0.34582378308795264
0.3490199658200721
0.3522455596928083
0.3555008317445448
0.35878605133665903
0.3621014901716779
0.36544742231013744
0.36882412418794325
0.3722318746341752
0.37567095488832736
0.3791416486180585
0.38264424193653346
0.3861790234201109
0.3897462841260449
0.3933463176099545
0.39697941994357333
0.4006458897322493
0.4043460281328493
0.40808013887122374
0.41184852825997254
0.41565150521614175
0.41948938127861596
0.42336247062614046
0.4272710900945454
0.4312155591945391
0.43519620012918336
0.4392133378114955
0.44326729988188435
0.44735841672520177
0.45148702148896486
0.4556534500997238
0.45985804128086
0.4641011365695555
0.4683830803337513
0.4727042197894594
0.4770649050173276
0.4814654889795463
0.4859063275365341
0.49038777946344464
0.49491020646639405
0.49947397319916764
0.5040794472790908
0.5087269993025788
0.5134170028617758
0.5181498345594138
0.5229258740248237
0.5277455039285345
0.5326091099978831
0.5375170810313109
0.5424698089133652
0.5474676886285926
0.5525111182757401
0.5576004990816228
0.5627362354145637
0.5679187347974937
0.5731484079207138
0.5784256686547578
0.583750934062392
0.5891246244102745
0.5945471631807273
0.6000189770826204
0.605540496061961
0.6111121533123756
0.6167343852845428
0.6224076316957405
0.6281323355385279
0.6339089430892471
0.6397379039155267
0.6456196708839084
0.6515547001661466
0.6575434512454933
0.6635863869221812
0.6696839733183595
0.675836679881913
0.6820449793903677
0.6883093479534875
0.6946302650152307
0.7010082133553752
0.7074436790894799
0.7139371516690272
0.7204891238800499
0.7271000918409706
0.7337705549999581
0.7405010161304878
0.7472919813270261
0.7541439599985853
0.7610574648621381
0.7680330119345287
0.7750711205231384
0.7821723132156577
0.7893371158686878
0.7965660575949032
0.8038596707489899
0.8112184909124214
0.8186430568766527
0.8261339106250822
0.8336915973134187
0.8413166652487658
0.849009665866899
0.8567711537081728
0.8646016863914864
0.8725018245869215
0.8804721319865382
0.8885131752729235
0.8966255240866291
0.9048097509909883
0.9130664314355251
0.9213961437168026
0.9297994689376071
0.9382769909636889
0.9468292963784457
0.9554569744351316
0.9641606170069219
0.9729408185343442
0.9817981759702817
0.9907332887224077
0.9997467585929615
1.0088391897157072
1.0180111884902703
1.02726336351331
1.0365963255068567
1.04601068724374
1.0555070634694623
1.0650860708213647
1.0747483277438221
1.0844944544006025
1.094325072583333
1.1042408056165252
1.1142422782586905
1.124330116599955
1.1345049479552496
1.1447674007539972
1.155118104425306
1.165557689278937
1.1760867863819644
1.1867060274309922
1.1974160446196658
1.208217470501312
1.219110937847107
1.2300970794987727
1.241176528216581
1.252349916521708
1.2636178765335377
1.274981039801176
1.2864400371294427
1.297995498398953
1.3096480523802545
1.3213983265419025
1.333246946852116
1.3451945375741063
1.357241721054808
1.3693891175068655
1.3816373447835608
1.3939870181468317
1.406438750027908
1.4189931497805488
1.431650823426579
1.4444123733938132
1.4572783982457753
1.4702494924033553
1.4833262458580447
1.4965092438767305
1.509799066697535
1.5231962892168767
1.5367014806672332
1.5503152042856865
1.5640380169726584
1.5778704689411505
1.5918131033556735
1.605866455961141
1.6200310547013246
1.6343074193265859
1.648696060990515
1.6631974818359772
1.6778121745691688
1.6925406220225487
1.7073832967056972
1.7223406603442672
1.737413163406472
1.7526012446171737
1.7679053304591261
1.7833258346611454
1.7988631576731133
1.81451768612729
1.8302897922860213
1.8461798334753534
1.8621881515043355
1.8783150720698238
1.894560904146652
1.9109259393625013
1.9274104513577797
1.944014695129915
1.9607389063616796
1.977583300733874
1.9945480732214411
2.0116333973732923
2.028839424575372
2.046166283296665
2.0636140783181562
2.0811828899443507
2.0988727731971033
2.1166837569916592
2.1346158432946707
2.152669006263879
2.1708431913694435
2.1891383144965495
2.2075542610293613
2.226090884915812
2.244748007713394
2.263525417615623
2.2824228684591534
2.3014400787112272
2.3205767304376903
2.339832468251107
2.3592068982391816
2.3786995868732674
2.3983100598969833
2.4180378011949437
2.437882251641542
2.4578428079298753
2.4779188213807832
2.4981095967321028
2.518414390908267
2.538832411770375
2.5593628168467917
2.580004712044604
2.600757150341978
2.621619130461843
2.642589595527148
2.663667431697835
2.6848514667901475
2.7061404688785915
2.7275331448808786
2.749028139126515
2.7706240319094664
2.7923193380255835
2.8141125052953226
2.8360019130725647
2.8579858707402495
2.8800626161935488
2.9022303143117085
2.924487055419154
2.9468308537371852
2.96925964582713
2.9917712890262194
3.0143635598773564
3.037034152554069
3.0597806772821645
3.0826006587592443
3.1054915345740963
3.1284506536271213
3.1514752745538708
3.174562564153393
3.1977095958232864
3.22091334800363
3.2441707026316653
3.267478443609826
3.29083325528913
3.314231720970553
3.337670321427033
3.361145433448575
3.3846533284135503
3.4081901708888904
3.4317520172623337
3.4553348144100413
3.478934398402622
3.502546493253371
3.52616670971198
3.5497905441077173
3.573413377245785
3.5970304733609018
3.6206369791323283
3.644227922764476
3.667798213137694
3.691342639033711
3.7148558684404653
3.7383324479412052
3.761766802192834
3.7851532334986495
3.8084859214808
3.831758922857754
3.854966171332472
3.8781014775968536
3.901158529458324
3.924130892094425
3.947012008441541
3.9697951997237615
3.9924736661282956
4.015040487633677
4.037488624997232
4.059810920908298
4.0820001013137786
4.104048776922708
4.125949444896406
4.147694490731063
4.169276190339297
4.19068671233759
4.211918120546184
4.232962376708122
4.253811343434109
4.274456787379607
4.294890382660753
4.3151037145152715
4.335088283214652
4.354835508233553
4.374336732682186
4.393583228007339
4.41256619896725
4.431276788885388
4.4497060851878105
4.467845125228475
4.485684902406275
4.503216372577494
4.5204304607664945
4.5373180681772505
4.5538700795076075
4.570077370567571
4.585930816202349
4.601421298520084
4.616539715423519
4.631276989444077
4.645624076875881
4.65957197720655
4.673111742840448
4.686234489109227
4.69893140456346
4.711193761537962
4.7230129269824115
4.734380373547602
4.745287690916444
4.7557265973676115
4.765688951558328
4.77516676451152
4.784152211791061
4.792637645847527
4.8006156085152565
4.808078843640187
4.81502030981624
4.821433193206655
4.827310920424996
4.832647171449016
4.837435892539066
4.841671309131073
4.845347938672638
4.848460603369227
4.851004442805981
4.85297492640914
4.854367865709746
4.855179426370822
4.855406139938101
4.855044915272987
4.854093049625488
4.852548239303735
4.8504085898958875
4.847672625999444
4.844339300412361
4.840408002739959
4.835878567371284
4.830751280778548
4.825026888093356
4.818706598913735
4.811792092296628
4.804285520891174
4.796189514169319
4.787507180711471
4.77824210950664
4.7683983702283195
4.757980512449586
4.7469935637634215
4.735443026777021
4.72333487495203
4.7106755472661
4.697471941674914
4.683731407357942
4.66946173573563
4.6546711502504134
4.639368294909009
4.623562221588726
4.607262376116193
4.5904785831326915
4.57322102976637
4.5555002481379585
4.537327096733025
4.51871274068043
4.499668630983395
4.480206482756364
4.460338252527646
4.440076114674652
4.4194324370652485
4.398419755985319
4.377050750439088
4.355338215914894
4.333295037714997
4.310934163953503
4.288268578331581
4.265311272803774
4.242075220253174
4.218573347296801
4.194818507345182
4.170823454042186
4.146600815212515
4.122163067444567
4.097522511436015
4.07269124822805
4.04768115645197
4.022503870708507
3.997170761195997
3.9716929146983695
3.9460811170376076
3.9203458370881794
3.8944972124428796
3.868545036810449
3.8424987492154528
3.8163674250603554
3.790159769098277
3.763884110352956
3.737548399010002
3.711160205290527
3.684726720305088
3.658254758872405
3.6317507642739835
3.6052208149023586
3.578670632747558
3.552105593653749
3.525530739265732
3.4989507905734123
3.4723701629516674
3.445792982583127
3.4192231041425334
3.3926641296137494
3.3661194281038713
3.339592156513793
3.313085280920603
3.2866015985247476
3.2601437600136878
3.2337142921939113
3.207315620744741
3.1809500929500176
3.1546200002675824
3.1283276006014744
3.102075140147478
3.0758648746892536
3.049699090229487
3.0235801228480343
2.9975103776869165
2.9714923469698613
2.94552862697194
2.9196219338622327
2.8937751183494744
2.8679911790670745
2.842273274639474
2.8166247343766266
2.7910490675473456
2.7655499711851697
2.740131336382444
2.7147972530295936
2.6895520129568675
2.664400111435769
2.6393462469966873
2.6143953195186023
2.589552426546018
2.5648228577881054
2.5402120877557426
2.5157257664939
2.4913697083702933
2.467149878886723
2.443072379487377
2.419143430348991
2.395369351151639
2.3717565398459453
2.348311449453263
2.325040562959543
2.3019503663914804
2.2790473201944845
2.2563378290659735
2.2338282104336926
2.2115246618063766
2.1894332272621173
2.167559763377167
2.1459099049329557
2.124489030770431
2.1033022301867916
2.0823542702883238
2.0616495647229347
2.0411921442152017
2.0209856293142376
2.0010332057390343
1.9813376026667417
1.9619010742565692
1.942725384636001
1.9238117964984005
1.90516106337394
1.886773425542009
1.8686486094567234
1.8507858304623652
1.8331837984873975
1.8158407263295762
1.7987543400859622
1.7819218912452035
1.7653401699498197
1.7490055189564297
1.7329138478738033
1.7170606473420431
1.7014410029290568
1.6860496086583967
1.670880780238832
1.6559284682322102
1.6411862715621357
1.6266474519203347
1.612304949758977
1.5981514026546597
1.5841791668836203
1.5703803430510321
1.5567468065656653
1.543270243644448
1.529942193372657
1.5167540961417603
1.5036973485483567
1.4907633645764766
1.477943642615012
1.4652298375950825
1.4526138372796367
1.4400878415076375
1.4276444429922597
1.4152767080971744
1.4029782558652273
1.390743333445787
1.3785668859581408
1.3664446187389527
1.3543730498587323
1.3423495507700134
1.330372372991863
1.318440658872658
1.3065544347417337
1.294714585195582
1.2829228078929518
1.2711815490656095
1.2594939209721496
1.247863603682829
1.2362947347986115
1.2247917918567823
1.2133594731097808
1.20200258292163
1.1907259280540403
1.1795342304927554
1.1684320611370431
1.1574237966710608
1.146513599388227
1.1357054168894276
1.1250029957581116
1.1144099009285637
1.1039295309209611
1.093565118783604
1.0833197097098632
1.073196108958845
1.0631967977567731
1.0533238199036274
1.043578647249417
1.0339620372681646
1.02447389981105
1.015113191986056
1.005877859404208
0.9967648384825207
0.9877701282412389
0.9788889316705103
0.9701158572898873
0.9614451623348662
0.9528710115937721
0.9443877217426141
0.9359899612291471
0.9276728809202052
0.9194321606574922
0.9112639704861558
0.9031648606721484
0.8951316090589134
0.8871610648495631
0.8792500317513315
0.8713952286282652
0.8635933518813513
0.8558412421610609
0.8481361322644767
0.8404759285100252
0.8328594607629796
0.8252866323938542
0.8177584144756564
0.8102766585090893
0.8028437443728972
0.7954621260517548
0.7881338750660628
0.7808603383140373
0.7736420145153897
0.7664787096723498
0.7593699638511154
0.7523156646493948
0.7453166979748078
0.7383754551835574
0.7314960314501198
0.7246840152063461
0.7179458692708593
0.7112880145586202
0.7047158145886698
0.6982326949390149
0.6918396019388927
0.6855349153041417
0.6793148063965546
0.6731739161603776
0.6671061528546492
0.6611054031678869
0.6551660107625223
0.649282978511195
0.6434519538287232
0.6376691203687351
0.6319311211777019
0.6262350829214565
0.620578728468046
0.614960498254002
0.6093795833972884
0.6038358136340026
0.5983294180819212
0.5928607438198933
0.5874300366679869
0.5820373475702064
0.5766825512926604
0.5713654027255742
0.5660855572018125
0.5608425551081481
0.5556358750700362
0.5504652154324309
0.545331101761985
0.5402357312889744
0.5351837317672516
0.5301823690883454
0.5252408084377256
0.520368346339955
0.515571979943902
0.5108540609421761
0.5062108921328202
0.5016328775914554
0.49710631937782834
0.4926163887577617
0.48815043284299736
0.48370074165159377
0.4792661497085049
0.47485219735111683
0.4704698440765507
0.46613286305022494
0.46185418570157355
0.45764179741261013
0.4534953194678319
0.4494048158638503
0.4453530812813588
0.4413213679826492
0.43729658626146867
0.4332766362674187
0.4292709614271778
0.4252958972497665
0.4213675318240159
0.41749628474702016
0.4136858565515141
0.4099356264487138
0.4062429696207425
0.4026027753493299
0.3990050919293174
0.395434799833429
0.3918762430575898
0.38832120747502047
0.38477465257791116
0.381253222729673
0.3777766260652061
0.3743571071634285
0.3709931971904543
0.3676705776550881
0.36436867091641073
0.3610694088805832
0.3577645429904568
0.35445855386566044
0.35116559370951445
0.3479015412806393
0.3446752577050417
0.3414842111617128
0.33831757029663434
0.33516551312553156
0.3320288155848317
0.3289208533363324
0.32585883453303754
0.32285155934175086
0.3198967462556686
0.31699118861357145
0.3141395233726228
0.311346230952354
0.30859786359037794
0.30586016123660315
0.30309922151479357
0.3003046576149615
0.29748974899095165
0.2946740191839502
0.2918731208519342
0.2891028113691573
0.2863800663825981
0.2837134693707743
0.28109966671336784
0.27853776340063086
0.27604199535238483
0.27362721433136955
0.2712794367859906
0.26895098586985033
0.2665920237180136
0.2641854796004574
0.2617512562126452
0.2593219165616682
0.25691781770974575
0.25454389637350194
0.2522029161327988
0.24989894558970113
0.24762364638906378
0.2453565625794864
0.24309616022697125
0.24087654112091333
0.23872884745614184
0.236635977519126
0.23455181584024745
0.23245461005794565
0.23035393021270684
0.2282590738880545
0.22617074733647133
0.22409534791236663
0.22205059006025615
0.2200611014409734
0.2181364795073626
0.21624210504069566
0.2143167469767897
0.21233227419994416
0.2103223557269252
0.20833823713834254
0.2063811825202101
0.20443275719640377
0.20253758302346342
0.20075570697428666
0.19906423781601595
0.19737844452491887
0.19564895443570354
0.19391843858314514
0.19223512187733638
0.19055558049617025
0.188838710797025
0.18711679407531162
0.18540629518329352
0.1836910632140611
0.1819924754978262
0.18033948835766597
0.17869569453884282
0.17704059876874575
0.17542424380436555
0.17386745339321927
0.1723545970669713
0.17085101381928106
0.16929987464051435
0.16769625779858502
0.1661046637702487
0.16454753883687098
0.1630166577928584
0.16154930626829286
0.1601494803833075
0.15873665905884937
0.15726444846407717
0.15582217493468944
0.1544537703769965
0.1531216650055657
0.15174866357584696
0.15034634425841303
0.14899055784118942
0.14761828098685123
0.14620784661597552
0.1448448792836043
0.14354489217067948
0.14222017323482664
0.14089666757131722
0.13962521061478594
0.13836212521127886
0.1371271505437914
0.13594254277801715
0.1347568720029568
0.13354406761517293
0.13235872956670805
0.1312074333850603
0.13001804457870209
0.1288073881207003
0.12758884739081006
0.1263695526658617
0.125219447232478
0.1240937010540236
0.122940389382174
0.1217734669326988
0.12069651686928495
0.1196412063476284
0.11853795587670189
0.11747392076218552
0.1164401230101126
0.11542190303955517
0.11438683007278062
0.11323988552803627
0.11203329336384886
0.11092559407443647
0.11005012841451527
0.10914015859189356
0.10810077542387624
0.1071161660174901
0.10627916071167831
0.10536927410806556
0.10436051972166709
0.1034207089967677
0.10253501107275238
0.10158355173901268
0.10057677028183629
0.09961373840858695
0.09867551970830533
0.09778632190918653
0.09690891298469
0.09603968537562696
0.09519927992956068
0.09439653123191023
0.0935451492439889
0.09260479064312223
0.09177305610651396
0.09098455481283482
0.0902177302497496
0.08940148893267234
0.08853938911668661
0.08778152384608269
0.08695063766914357
0.086106002984123
0.08528433897761482
0.0844963677608947
0.08371484263209071
0.0830225838772175
0.08224094244225479
0.0814739886713567
0.08083043622501504
0.08010040187774076
0.0792729273215185
0.07846984281910332
0.07780843807627931
0.0772104306875501
0.0765357309889696
0.07588592655263231
0.0750257723028921
0.07426640913239309
0.07372982020053866
0.073129199358238
0.07242186889962343
0.07173839880539509
0.07116328366247165
0.07056133050414014
