0.14656688463787754
0.1479241634372234
0.1492940065410478
0.1506765301220624
0.15207185142636775
0.15348008877826652
0.1549013615933195
0.15633579038686665
0.15778349678315218
0.15924460352867448
0.16071923449772849
0.16220751470722397
0.16370957032450612
0.16522552867765405
0.16675551826737126
0.16829966877670463
0.16985811108321908
0.17143097726637613
0.1730184006229558
0.17462051567498996
0.17623745818164788
0.1778693651509101
0.17951637485092767
0.18117862682054314
0.18285626188147142
0.1845494221496656
0.18625825104733812
0.1879828933147825
0.189723495021892
0.19148020358022486
0.19325316775518786
0.19504253767861301
0.19684846486064964
0.19867110220246176
0.2005106040083884
0.20236712599862994
0.20424082532331683
0.20613186057282085
0.2080403917929231
0.2099665804973347
0.21191058967993426
0.21387258382916724
0.21585272894131727
0.2178511925329404
0.21986814365640767
0.22190375291188189
0.2239581924618574
0.22603163604519852
0.22812425899136096
0.23023623823441627
0.2323677523270794
0.2345189814552619
0.2366901074535187
0.23888131381823619
0.2410927857234178
0.24332471003564593
0.2455772753282222
0.24785067189753887
0.2501450917771143
0.25246072875454056
0.2547977783850764
0.2571564380089217
0.2595369067659591
0.26193938561263364
0.26436407733702527
0.2668111865751831
0.26928091982838015
0.27177348547742
0.2742890938019814
0.27682795699454654
0.27939028917923175
0.2819763064274711
0.2845862267752365
0.2872202702412468
0.28987865884269404
0.2925616166138852
0.29526936962320316
0.298002145991279
0.3007601759078595
0.3035436916512116
0.30635292760512545
0.3091881202773475
0.31204950831824385
0.31493733253923745
0.31785183593075444
0.32079326368227096
0.3237618631999482
0.32675788412642726
0.329781578359838
0.33283320007304046
0.33591300573264643
0.3390212541194663
0.3421582063474207
0.3453241258841178
0.34851927856978904
0.3517439326386891
0.35499835873789665
0.3582828299488331
0.3615976218076549
0.36494301232507653
0.3683192820079832
0.37172671387968964
0.3751655935016853
0.37863620899448136
0.3821388510584689
0.3856738129959058
0.38924139073238734
0.3928418828381223
0.39647559055049325
0.40014281779510824
0.40384387120880033
0.4075790601609492
0.4113486967763372
0.4151530959573725
0.4189925754066468
0.42286745565004336
0.426778060058581
0.43072471487261904
0.43470774922364247
0.43872749515796866
0.44278428766039807
0.44687846467696396
0.451010367138588
0.4551803389847423
0.45938872718723384
0.463635881773835
0.4679221558523767
0.4722479056343322
0.47661349045933515
0.48101927281926005
0.4854656183826224
0.48995289601819075
0.4944814778208346
0.49905173913473777
0.503664058578548
0.5083188180703032
0.5130164028516963
0.517757201513419
0.5225416060192306
0.5273700117321174
0.5322428174380448
0.5371604253720343
0.5421232412425998
0.5471316742571342
0.5521861371471586
0.5572870461935452
0.5624348212513846
0.5676298857758922
0.57287266684719
0.5781635951958125
0.5835031052279355
0.5888916350504951
0.5943296264970911
0.5998175251525459
0.6053557803784828
0.6109448453385806
0.6165851770235913
0.6222772362766242
0.6280214878181236
0.6338184002710154
0.6396684461856607
0.6455721020645081
0.6515298483871388
0.6575421696346
0.6636095543146676
0.6697324949855499
0.6759114882807186
0.6821470349326316
0.6884396397976112
0.6947898118786884
0.7011980643500184
0.707664914580221
0.714190884155739
0.7207764989037575
0.7274222889152171
0.7341287885676203
0.7408965365470804
0.7477260758706856
0.7546179539082085
0.7615727224038217
0.7685909374970786
0.7756731597437745
0.7828199541367106
0.790031890125635
0.7973095416372361
0.8046534870941237
0.8120643094340436
0.819542596128233
0.8270889391996733
0.8347039352400504
0.8423881854272683
0.8501422955418074
0.8579668759825568
0.8658625417819227
0.873829912620767
0.8818696128426372
0.8899822714667528
0.8981685222009851
0.9064290034537819
0.9147643583454388
0.92317523471857
0.9316622851475224
0.940226166947601
0.9488675421827734
0.9575870776726396
0.9663854449985848
0.9752633205090478
0.9842213853232689
0.993260325334757
1.0023808312127254
1.0115835984035095
1.0208693271297835
1.0302387223890765
1.0396924939509378
1.0492313563530407
1.058856028895379
1.0685672356336335
1.078365705370681
1.0882521716469733
1.0982273727289282
1.1082920515963666
1.118446955927505
1.1286928380829417
1.1390304550873285
1.1494605686098311
1.1599839449420335
1.1706013549743055
1.1813135741702092
1.1921213825385952
1.2030255646036794
1.2140269093727944
1.2251262103021823
1.2363242652601905
1.2476218764878346
1.259019850557455
1.2705189983281235
1.2821201348989701
1.2938240795594038
1.305631655736543
1.3175436909398168
1.3295610167028842
1.3416844685215745
1.35391488578965
1.366253111730715
1.3786999933267563
1.3912563812435466
1.4039231297519814
1.4167010966461948
1.4295911431576926
1.4425941338653019
1.4557109366016852
1.4689424223552123
1.4822894651677032
1.495752942028135
1.5093337327611953
1.5230327199117883
1.536850788624623
1.5507888265185947
1.5648477235566158
1.5790283719100258
1.5933316658175154
1.6077585014389457
1.6223097767033208
1.6369863911511073
1.6517892457704804
1.6667192428276676
1.6817772856908433
1.6969642786477555
1.712281126716862
1.727728735451277
1.7433080107362784
1.7590198585793433
1.774865184893012
1.790844895270188
1.806959894751895
1.823211087586785
1.8395993769828425
1.8561256648507631
1.8727908515386404
1.8895958355580744
1.9065415133011268
1.9236287787484758
1.9408585231675477
1.9582316348016489
1.9757489985487793
1.9934114956304865
2.011220003250402
2.029175394241923
2.0472785367053437
2.0655302936336124
2.08393152252672
2.102483074994568
2.121185796347696
2.1400405251759445
2.1590480929145404
2.1782093233974913
2.197525032397719
2.2169960271540403
2.236623105884355
2.2564070572849637
2.2763486600153806
2.2964486821689647
2.3167078807282167
2.3371270010051206
2.3577067760659296
2.3784479261399682
2.3993511580123714
2.420417164400148
2.441646623311615
2.463040197388334
2.484598533229744
2.506322260699883
2.5282119922156876
2.5502683220169646
2.5724918254173708
2.5948830580358546
2.617442555008992
2.6401708301827864
2.6630683752845434
2.6861356590737215
2.7093731264721295
2.732781197672344
2.7563602672245993
2.780110703101565
2.8040328457406227
2.828127007063258
2.8523934694716573
2.876832484821302
2.9014442733704002
2.9262290227045167
2.9511868866373105
2.976317984086075
3.001622397922519
3.0271001737978387
3.052751318942509
3.078575800939572
3.1045735464723228
3.1307444400449005
3.1570883226766067
3.18360499056893
3.2102941937455336
3.2371556346647914
3.2641889668047663
3.291393793220383
3.318769665072785
3.34631608013062
3.3740324812432547
3.401918254785575
3.429972729075001
3.458195172759671
3.486584793178837
3.5151407346946835
3.5438620769962506
3.5727478333751694
3.6017969489735218
3.6310082990039962
3.660380686942631
3.689912842694145
3.7196034207306012
3.7494509982033675
3.7794540730290445
3.809611061949678
3.8399202985679466
3.8703800313577252
3.900988421650801
3.931743541600477
3.9626433721226415
3.993685800815484
4.024868619858471
4.056189523891783
4.087646107877257
4.119235864941914
4.150956184205495
4.182804348593188
4.214777532635134
4.246872800254183
4.279087102543503
4.311417275535935
4.343860037966793
4.3764119890322855
4.409069606145389
4.441829242691696
4.474687125787357
4.507639354041632
4.540681895326826
4.573810584558115
4.607021121486358
4.640309068506787
4.6736698484869095
4.707098742616823
4.7405908882855545
4.774141276987072
4.807744752259779
4.841396007663465
4.875089584798027
4.908819871368117
4.942581099298515
4.976367342904649
5.010172517123432
5.0439903758093685
5.077814510101264
5.111638346865042
5.145455147218315
5.179258005142597
5.213039846189292
5.246793426285583
5.280511330646913
5.31418597280257
5.347809593741268
5.3813742611838595
5.414871868990428
5.448294136709091
5.481632609274413
5.51487865686297
5.548023474914262
5.581058084325115
5.613973331825855
5.646759890546846
5.679408260783983
5.711908770971973
5.744251578874315
5.77642667299902
5.8084238742491925
5.840232837817782
5.871843055335715
5.9032438572828045
5.934424415670887
5.965373747008499
5.996080715556546
6.026534036884401
6.056722281735589
6.086633880212433
6.116257126288726
6.145580182659358
6.17459108593579
6.203277752195837
6.231627982896195
6.259629471155669
6.287269808416896
6.3145364914938185
6.3414169300118965
6.367898454247438
6.393968323372121
6.419613734107916
6.444821829797274
6.469579709892681
6.49387443986884
6.517693061560117
6.541022603924981
6.563850094238211
6.586162569710677
6.607947089535616
6.629190747358971
6.649880684170396
6.6700041016102025
6.6895482756862625
6.708500570893494
6.726848454727079
6.74457951257919
6.761681463007287
6.7781421733605
6.793949675748909
6.809092183338796
6.823558106955025
6.8373360719700695
6.850414935457007
6.862783803582062
6.874432049210182
6.885349329695093
6.895525604823221
6.904951154878753
6.913616598795094
6.921512912355659
6.928631446405078
6.9349639450295415
6.940502563663133
6.945239887074759
6.949168947188459
6.95228324068772
6.954576746352752
6.95604394207768
6.956679821513055
6.9564799102774
6.955440281680105
6.953557571896626
6.950828994535817
6.947252354538262
6.942826061343657
6.937549141264777
6.931421249005208
6.924442678257975
6.916614371322362
6.9079379276767625
6.898415611446077
6.888050357703446
6.87684577754737
6.864806161897236
6.851936483952297
6.838242400261791
6.823730250356772
6.808407054897532
6.792280512294298
6.775358993762962
6.757651536782176
6.739167836923123
6.719918238028647
6.699913720724136
6.679165889248813
6.657686956602528
6.6354897280101035
6.612587582712447
6.58899445410127
6.564724808221984
6.539793620677414
6.51421635197333
6.488008921355075
6.4611876791932055
6.433769377984677
6.405771142044634
6.377210435972477
6.348105031984304
6.318472976212115
6.288332554078047
6.25770225485974
6.22660073557009
6.195046784281534
6.16305928303115
6.130657170448636
6.097859404254045
6.064684923776345
6.031152612647251
5.997281261827152
5.963089533121397
5.928595923345733
5.893818729299004
5.8587760136995595
5.82348557223888
5.787964901902086
5.752231170699732
5.716301188948954
5.680191382234751
5.643917766173448
5.607495923090826
5.570940980716822
5.534267592987027
5.497489923028776
5.46062162839648
5.423675848606887
5.386665195010639
5.349601743021572
5.312497026710319
5.275362035753392
5.238207214713931
5.201042464615346
5.163877146754517
5.126720088687152
5.089579592304688
5.052463443909557
5.01537892618411
4.978332831938291
4.941331479511898
4.904380729699579
4.867486004060457
4.8306523044694
4.7938842337638015
4.75718601733798
4.720561525537336
4.684014296705718
4.647547560742376
4.611164263029241
4.574867088594716
4.538658486386848
4.502540693536454
4.466515759499091
4.430585569973774
4.394751870505722
4.359016289689842
4.323380361901072
4.287845549486749
4.252413264364723
4.21708488897864
4.1818617965686355
4.146745370721389
4.11173702416783
4.076838216799809
4.042050472878649
4.007375397408538
3.9728146916462608
3.938370167716163
3.9040437622949766
3.8698375493261667
3.835753751717332
3.801794751967732
3.7679631016661297
3.7342615297924775
3.7006929497509575
3.6672604650567195
3.633967373595051
3.6008171703701426
3.567813548661263
3.53496039950776
3.502261809451221
3.4697220564733278
3.437345604082237
3.405137093518172
3.3731013340709652
3.341243291527716
3.309568074797665
3.278080920793119
3.2467871776788737
3.215692286637407
3.18480176233184
3.1541211722819344
3.1236561153987
3.093412199949148
3.06339502124221
3.0336101393386077
3.004063057089594
2.9747591988007707
2.9457038897962513
2.9169023371246188
2.888359611601244
2.86008063132155
2.8320701467080496
2.8043327270720653
2.7768727485814737
2.7496943834319834
2.7228015899256897
2.6961981030714846
2.6698874252430653
2.643872816367241
2.6181572830741473
2.592743566227074
2.567634126268132
2.5428311258709506
2.5183364094853196
2.494151479492171
2.4702774688592
2.4467151103935896
2.4234647029227463
2.4005260749874475
2.377898546892915
2.355580892218686
2.333571300122726
2.3118673399732232
2.2904659299875147
2.2693633116373304
2.2485550315812177
2.22803593280026
2.2078001564382057
2.187841155583509
2.1681517218853066
2.148724025481142
2.129549668249178
2.1106197499038153
2.091924945956295
2.0734555960870207
2.0552018010489195
2.037153525863629
2.0193007068017406
2.0016333594665396
1.984141685232254
1.9668161733215286
1.9496476959359517
1.932627594067774
1.9157477519091917
1.8990006581275614
1.8823794526830975
1.8658779583265195
1.8494906964271096
1.8332128873467979
1.8170404361903492
1.800969905414269
1.784998476443243
1.7691239030808108
1.753344460049665
1.7376588903791472
1.7220663554865443
1.7065663915919986
1.691158875501943
1.6758440017703637
1.6606222718361863
1.6454944940439729
1.6304617916616726
1.6155256143531496
1.6006877473189367
1.5859503117553861
1.5713157506126116
1.5567867949597962
1.5423664085450377
1.5280577111432765
1.5138638846300254
1.499788068885293
1.4858332570576942
1.472002200892454
1.4582973363979121
1.4447207379934095
1.4312741056499514
1.41795878490233
1.4047758147011167
1.3917259937057114
1.378809952554469
1.366028218426182
1.3533812590409884
1.340869495984466
1.3284932814082862
1.3162528371095708
1.3041481600438316
1.2921789029376416
1.2803442425041822
1.2686427506895572
1.2570722863328894
1.2456299254689183
1.234311947880656
1.2231138948257918
1.2120307074275667
1.2010569465757852
1.1901870834882378
1.1794158364685334
1.1687385160887587
1.1581513311169622
1.1476516043446734
1.1372378537365566
1.1269097110723585
1.1166676761296965
1.1065127354636108
1.0964459047753021
1.0864677755097154
1.0765781531695957
1.0667758629871138
1.0570587683566297
1.04742400402974
1.0378683790843939
1.0283888659987863
1.0189830727672793
1.0096496013117933
1.0003882265151183
0.9911998770374817
0.9820864469655748
0.9730505009244269
0.9640949446816345
0.9552227186086462
0.9464365430381153
0.9377387183779173
0.9291309717426496
0.920614348437707
0.9121891611987795
0.9038550164832975
0.8956109237315529
0.8874554629692929
0.8793869561819379
0.8714035811618766
0.8635033940826318
0.8556842771855028
0.8479438701161779
0.8402795477660018
0.8326884681143065
0.8251676578876256
0.8177140767647714
0.8103246315415554
0.8029961858896328
0.7957256731456426
0.7885104069345514
0.7813485769699003
0.7742397611547189
0.7671851732831397
0.7601873848079864
0.7532494358657619
0.7463735304630282
0.7395597764426178
0.7328055469960908
0.7261059056999196
0.7194551395801712
0.7128489082192475
0.7062860974278383
0.6997694515538507
0.6933045788519137
0.6868977839381053
0.6805538843831719
0.6742752068437321
0.6680622075081716
0.6619150666937023
0.6558349335099698
0.6498237694470475
0.6438828049957939
0.63801071662229
0.6322029446497641
0.6264528684623158
0.6207543305910449
0.615104089104716
0.6095027478864554
0.6039535444742756
0.5984595679914604
0.5930209117382242
0.5876334639258173
0.5822903176689037
0.5769853431621408
0.5717169953593534
0.5664899045558148
0.5613128641169548
0.5561941241770623
0.5511369751988644
0.5461387874457903
0.5411943600404144
0.536300930194331
0.5314602825954383
0.5266753516979997
0.5219437037141216
0.5172539597576363
0.512589411856553
0.5079368591022934
0.5032941207484881
0.49867107742964134
0.4940841371172181
0.48954768701865214
0.4850669638983215
0.48063609298263943
0.4762424977511372
0.4718747026931762
0.4675285831221458
0.46320933216053106
0.45892875740660427
0.45469807557711894
0.4505195196358571
0.4463843335820727
0.442280355341795
0.4382013346088935
0.434148643929278
0.4301264686730626
0.42613744099828005
0.42218220349730134
0.41826360733369056
0.414393153516599
0.4105903260467493
0.4068689590929792
0.4032226916662636
0.3996271561678225
0.3960570421422028
0.3924990097935404
0.3889495713398323
0.3854070150793291
0.3818711161694284
0.37834691831176953
0.37483879799994907
0.37134314464682805
0.3678591465497068
0.36440007432532134
0.3609767416732985
0.35758110373804314
0.3542060494106672
0.35086814199548266
0.3475950390315647
0.3444030423452117
0.34129168439215407
0.3382444120688884
0.33523152674519485
0.3322220116143887
0.32919676340619763
0.3261583441308509
0.3231328070537734
0.3201514303327342
0.31723511512963815
0.31440475128714435
0.3116675834926698
0.3089717170849532
0.30623260602778846
0.3034281883836535
0.3006085978196502
0.29781244523478073
0.2950334901672409
0.2922513826110976
0.2894655578320996
0.2867191072493855
0.2840617306462157
0.28147888289629125
0.27891487114010677
0.2763539369338441
0.2738049864126788
0.27124996662320056
0.2687022029699076
0.2662375723406819
0.26389889501785724
0.2616350556193111
0.2593482900830751
0.25699080647358047
0.25459803563544803
0.25220797123913513
0.24983908355410459
0.247530161938614
0.2452927866787692
0.2431167340657974
0.24098329483989434
0.23884684145503635
0.23667394401168512
0.23442542392088053
0.232128444897962
0.2298832073989749
0.2277191474393921
0.22562549711665078
0.22361775331482656
0.22167932704451837
0.21972154604382685
0.21771978725922822
0.2157236654535874
0.21376147301914863
0.21181013277367342
0.209867327160159
0.20796674882788313
0.20613622281026928
0.2043232611656679
0.20246937702939335
0.2006077815363043
0.19874051195589926
0.19687267992158222
0.19508046272108537
0.19335089124941277
0.19165419318151924
0.18999479937631253
0.1883149643037564
0.18656757618999548
0.1848328186778662
0.18313408841118345
0.1814376479137904
0.17982325158982296
0.17824455446269238
0.17663948543184224
0.17502917007894736
0.1734066109620989
0.17177768055129136
0.1701945733580704
0.1686026787164011
0.16699676837858796
0.1654640226690223
0.16399103894908212
0.16260061282850674
0.16128108317438203
0.15987190808070015
0.15831738645101381
0.15675964418003474
0.15529604617696624
0.15382672303423245
0.15238571769191295
0.1509795028264511
0.14966777566177558
0.14835718447164278
0.14700299124210267
0.14563396987407048
0.14424893130747354
0.14298982706951574
0.14181590537570893
0.14057239177502615
0.13929301671752162
0.13800838712694652
0.13671481274405461
0.1353820587597944
0.1340630995927796
0.13283673113453057
0.13164321071585364
0.13041024202221138
0.12926579019713022
0.12815559328339537
0.12708029408262272
0.12592956871937802
0.12475924758457142
0.1236156726523222
0.12245941840243321
0.1212740980984864
0.12011093638959337
0.11904660199415278
0.11797570437779532
0.11692215721599092
0.1158908468507649
0.11486715194774735
0.11382997699683485
0.11276274840712737
0.11167731899560984
0.11065785865788401
0.10963825478698452
0.10865766658135896
0.10769261517112778
0.10679424994539372
0.10578957579221746
0.10473525115179914
0.1037832349862677
0.10285469130700642
0.10188478524145492
0.1009103674690191
0.10000241424042101
0.09916631675117213
0.09827010845977922
0.09728588550886404
0.09635731639796365
0.09547052441753184
0.09465972736205844
0.09384856872687897
0.09300021161915265
0.09215645477091167
0.09126865086888775
0.09031680553797122
