0.14643796766566902
0.1477940370243494
0.1491626590673684
0.15054394985005654
0.15193802649679303
0.15334500721083782
0.15476501128390407
0.1561981591063859
0.15764457217694858
0.15910437311305323
0.16057768566063782
0.1620646347053106
0.16356534628088304
0.16507994758224062
0.16660856697373705
0.16815133400118293
0.1697083794017275
0.17127983511499914
0.17286583429456595
0.1744665113173483
0.1760820017967623
0.17771244259251565
0.17935797182179244
0.18101872887162884
0.18269485440972189
0.18438649039633837
0.18609378009531885
0.18781686808660708
0.18955590027803354
0.19131102391655033
0.19308238760138893
0.19487014129556243
0.19667443633807255
0.1984954254569122
0.20033326278100325
0.20218810385280836
0.20406010564144555
0.2059494265550101
0.2078562264538983
0.20978066666394768
0.21172290998853244
0.2136831207233238
0.21566146466846403
0.21765810914284048
0.2196732229967582
0.22170697662660968
0.22375954198813428
0.22583109261029136
0.22792180360956385
0.23003185170395637
0.23216141522734493
0.23431067414356693
0.23647981006133012
0.2386690062485374
0.2408784476471065
0.24310832088799142
0.24535881430570824
0.24763011795371645
0.24992242361981923
0.25223592484121604
0.2545708169197891
0.25692729693825794
0.25930556377497654
0.26170581812087834
0.2641282624945239
0.2665731012584244
0.2690405406353321
0.27153078872461717
0.2740440555183638
0.276580552918257
0.2791404947523811
0.28172409679148686
0.28433157676650295
0.2869631543853137
0.2896190513500191
0.2922994913744614
0.29500470020129327
0.2977349056198291
0.3004903374839234
0.3032712277292592
0.306077810391935
0.30891032162622345
0.31176899972294675
0.3146540851275761
0.31756582045934967
0.32050445052911847
0.3234702223586155
0.3264633851991862
0.3294841905509925
0.3325328921817537
0.335609746146322
0.33871501080621325
0.34184894684873723
0.3450118173071994
0.34820388758002413
0.35142542545139216
0.3546767011108805
0.3579579871737622
0.36126955870120486
0.36461169322093046
0.367984670747665
0.37138877380386
0.37482428744051294
0.37829149925791905
0.38179069942728333
0.3853221807113521
0.3888862384860335
0.3924831707617735
0.39611327820525516
0.39977686416076774
0.40347423467231014
0.4072056985054994
0.41097156716949124
0.41477215493916436
0.4186077788775463
0.4224787588578441
0.42638541758655635
0.43032808062534617
0.43430707641442384
0.4383227362948923
0.44237539453214414
0.44646538833823046
0.450593057895655
0.45475874638034547
0.4589627999848788
0.4632055679419572
0.46748740254822796
0.47180865918737264
0.476169696354088
0.4805708756779177
0.48501256194686804
0.4894951231316508
0.4940189304093818
0.4985843581877786
0.5031917841292728
0.5078415891754122
0.5125341575705746
0.5172698768870435
0.5220491380487718
0.5268723353559236
0.5317398665095927
0.5366521326358931
0.5416095383107787
0.5466124915846126
0.5516614040062758
0.5567566906485383
0.5618987701318306
0.5670880646494048
0.5723249999918358
0.57761000557125
0.5829435144465209
0.5883259633473249
0.5937577926987966
0.5992394466461524
0.6047713730790668
0.610354023655951
0.6159878538285432
0.6216733228658629
0.6274108938787956
0.6332010338438423
0.639044213627401
0.6449409080095478
0.6508915957077434
0.6568967594008207
0.6629568857523267
0.669072465433781
0.6752439931482983
0.6814719676532253
0.6877568917834503
0.6940992724737634
0.700499620781583
0.7069584519091368
0.7134762852254687
0.7200536442884077
0.7266910568658316
0.7333890549572206
0.7401481748143944
0.7469689569623764
0.7538519462195016
0.7607976917176767
0.7678067469217799
0.7748796696491262
0.7820170220881572
0.7892193708170514
0.7964872868216306
0.8038213455129649
0.8112221267444507
0.8186902148284554
0.8262261985523315
0.8338306711939805
0.8415042305367373
0.8492474788839295
0.857061023072402
0.8649454744858003
0.8729014490669296
0.8809295673296179
0.8890304543695985
0.897204739874891
0.9054530581352727
0.9137760480508983
0.9221743531403377
0.930648621547213
0.9391995060464976
0.9478276640496025
0.9565337576083476
0.9653184534182524
0.9741824228204428
0.9831263418026583
0.9921508909991352
1.001256755689152
1.0104446257946313
1.0197151958760533
1.0290691651276316
1.03850723737067
1.0480301210456722
1.0576385292031478
1.067333179492777
1.0771147941510357
1.0869840999872569
1.096941828368091
1.1069887152001543
1.1171255009110803
1.1273529304285683
1.1376717531576908
1.1480827229561548
1.1585865981077264
1.169184141293379
1.179876119560545
1.1906633042898949
1.2015464711601167
1.2125264001101463
1.223603875299187
1.234779685064038
1.2460546218739308
1.2574294822828462
1.2689050668789097
1.2804821802310977
1.2921616308330355
1.3039442310437126
1.315830797025412
1.3278221486780095
1.33991910957053
1.3521225068689573
1.3644331712607498
1.3768519368759198
1.3893796412041384
1.402017125008375
1.4147652322345599
1.427624809917232
1.4405967080810695
1.453681779638287
1.4668808802817017
1.4801948683731505
1.4936246048276156
1.507170952992434
1.5208347785216156
1.5346169492454718
1.5485183350347398
1.5625398076597798
1.5766822406442267
1.5909465091129835
1.6053334896347693
1.619844060058613
1.634479099344418
1.64923948738735
1.6641261048358305
1.679139832903139
1.6942815531722304
1.709552147393797
1.7249524972771473
1.7404834842741947
1.7561459893555524
1.7719408927796028
1.7878690738533427
1.8039314106854518
1.8201287799312207
1.836462056528963
1.8529321134278762
1.8695398213072567
1.886286048286352
1.9031716596253223
1.9201975174165595
1.937364480266291
1.954673402966308
1.972125136155491
1.9897205259709718
2.0074604136886065
2.025345635352507
2.0433770213934817
2.0615553962359754
2.0798815778935107
2.0983563775518768
2.1169805991404465
2.135755038890768
2.154680484882436
2.1737577165760804
2.1929875043327263
2.212370608919914
2.231907781003515
2.2515997606256746
2.2714472766680394
2.2914510463003004
2.3116117744135987
2.331930153038454
2.3524068607470996
2.373042562039642
2.3938379067139595
2.4147935292189144
2.435910047990571
2.4571880647710698
2.4786281639099594
2.5002309116475194
2.5219968553797534
2.543926522904928
2.5660204216510136
2.588279037884026
2.610702835896658
2.633292257177159
2.6560477195578036
2.678969616343037
2.702058315416564
2.725314158327387
2.7487374593543326
2.7723285045486827
2.796087550754902
2.82001482460875
2.8441105215128313
2.86837480458915
2.8928078036083584
2.9174096138955106
2.9421802952119864
2.967119870613381
2.9922283252831634
3.0175056053416163
3.042951616630277
3.0685662234712634
3.0943492474014263
3.1203004658813223
3.1464196109785796
3.1727063680256355
3.19916037425183
3.225781217389502
3.2525684342542647
3.279521509299157
3.3066398731429323
3.3339229010721403
3.3613699115172824
3.3889801645029998
3.4167528600723
3.4446871366851224
3.4727820695911733
3.501036669177321
3.5294498792898907
3.558020575531828
3.586747563535397
3.615629577210416
3.6446652769687473
3.6738532479252224
3.7031919980756927
3.7326799564526856
3.762315471259252
3.792096807981789
3.8220221474823592
3.8520895840716047
3.882297123562888
3.9126426813086117
3.9431240802199423
3.9737390487707365
4.0044852189870825
4.035360124423536
4.066361198127499
4.097485770593167
4.128731067706411
4.160094208682496
4.191572203998021
4.223161953319176
4.254860243428087
4.286663746149322
4.318569016278678
4.350572489516629
4.382670480408609
4.41485918029484
4.447134655272226
4.479492844171091
4.511929556549685
4.544440470709459
4.577021131734309
4.609666949557069
4.642373197056759
4.675135008190159
4.707947376161481
4.740805151634066
4.773703040988176
4.806635604629076
4.8395972553498545
4.8725822567535095
4.905584721738987
4.938598611056113
4.9716177319344235
5.004635736791149
5.0376461220236735
5.070642226892116
5.103617232497642
5.136564160862481
5.169475874117617
5.2023450738044374
5.235164300296656
5.267925932349015
5.3006221867795285
5.333245118291953
5.3657866194456085
5.398238420779509
5.430592091098089
5.462839037925894
5.494970508138683
5.526977588778452
5.558851208060146
5.590582136577659
5.622160988717082
5.653578224284912
5.684824150359219
5.71588892337168
5.746762551428335
5.7774348968771
5.80789567912982
5.838134477746745
5.868140735791185
5.897903763461947
5.927412742011135
5.956656727954698
5.985624657582837
6.0143053517773595
6.042687521142641
6.070759771456704
6.09851060944857
6.125928448907654
6.153001617130684
6.179718361711104
6.206066857675583
6.232035214971556
6.25761148630941
6.282783675362152
6.307539745324887
6.331867627835653
6.355755232258506
6.379190455328975
6.402161191161109
6.424655341614548
6.4466608270191035
6.468165597253355
6.489157643172713
6.509625008381451
6.529555801341939
6.548938207813277
6.5677605036102085
6.586011067672029
6.603678395429885
6.620751112459402
6.637217988404442
6.653067951156092
6.668290101269751
6.682873726601619
6.696808317144351
6.710083580040166
6.722689454748182
6.734616128341073
6.745854050904696
6.756393951012758
6.766226851246953
6.775344083731561
6.783737305649907
6.791398514708636
6.798320064514244
6.804494679824964
6.809915471639721
6.814575952084557
6.818470049055774
6.821592120577864
6.82393696883329
6.8254998538202605
6.826276506593824
6.826263142044936
6.825456471171646
6.8238537127961
6.821452604680924
6.818251413998447
6.814248947106365
6.809444558583815
6.803838159482353
6.797430224747055
6.790221799763987
6.7822145059914725
6.77341054563403
6.763812705319558
6.753424358742278
6.742249468236162
6.730292585245967
6.717558849665789
6.704053988017921
6.689784310448101
6.674756706516605
6.658978639768452
6.642458141069839
6.6252038007021214
6.607224759209045
6.5885306969974895
6.569131822696692
6.549038860285949
6.5282630350056765
6.506816058072037
6.484710110220442
6.461957824108709
6.438572265615839
6.414566914077838
6.389955641507281
6.36475269084855
6.338972653325797
6.312630444945741
6.285741282222166
6.258320657193587
6.230384311809934
6.201948211768116
6.173028519880055
6.143641569060094
6.113803835021716
6.083531908775905
6.0528424690255935
6.021752254552176
5.9902780366910795
5.95843659199384
5.926244675174125
5.893718992434429
5.860876175268919
5.827732754836166
5.794305136993008
5.7606095780778395
5.726662161528033
5.692478775412127
5.658075090952763
5.623466542111137
5.588668306298248
5.553695286272088
5.5185620932734585
5.483283031446453
5.44787208358247
5.4123428982193085
5.376708778119559
5.340982670144764
5.305177156534266
5.2693044475899775
5.233376375760794
5.197404391112896
5.161399558164952
5.125372554060297
5.089333668041479
5.053292802186165
5.017259473357697
4.98124281631797
4.945251587945416
4.909294172496527
4.873378587845395
4.837512492632433
4.801703194250846
4.765957657597176
4.730282514510747
4.694684073825845
4.659168331960173
4.623740983963132
4.588407434948199
4.553172811834904
4.51804197532742
4.483019532058805
4.448109846832437
4.413317054894829
4.378645074177015
4.344097617445062
4.309678204303638
4.275390173000217
4.241236691981216
4.207220771155225
4.173345272822296
4.139612922232082
4.106026317737569
4.07258794051483
4.039300163822981
4.006165261782213
3.973185417651253
3.9403627315890617
3.907699227888934
3.87519686167632
3.842857525064815
3.8106830527676743
3.778675227165149
3.7468357828305954
3.7151664105209354
3.6836687606396574
3.6523444461828523
3.621195045181121
3.5902221026524637
3.5594271320832966
3.5288116164567214
3.4983770088492054
3.468124732618417
3.4380561812068047
3.4081727175868535
3.378475673375521
3.3489663476464524
3.319646005469677
3.2905158762094717
3.261577151611675
3.232830983712317
3.204278482599758
3.175920714062631
3.147758697155687
3.119793401715475
3.092025745857063
3.0644565934823325
3.0370867518293307
3.00991696909098
2.982947932130031
2.956180264315486
2.9296145235040187
2.903251200187916
2.8770907158289556
2.851133421395494
2.825379596117674
2.7998294464732516
2.774483105414169
2.7493406318414575
2.7244020103336246
2.6996671511311714
2.675135890377541
2.6508079906144175
2.626683141526995
2.602760960932803
2.5790409960055767
2.5555227247237804
2.5322055575317837
2.5090888392000754
2.486171850869563
2.463453812263932
2.440933884053022
2.418611170349433
2.396484721320118
2.374553535894292
2.3528165645489345
2.3312727121531416
2.3099208408529504
2.288759772978582
2.2677882939566674
2.2470051552108172
2.2264090770347136
2.205998751422897
2.1857728448455975
2.1657300009550626
2.145868843212112
2.126187977422993
2.1066859941778766
2.0873614711837334
2.0682129754856073
2.049239065571697
2.030438293358872
2.0118092060564954
1.993350347907616
1.9750602618076614
1.9569374908017585
1.9389805794627735
1.9211880751529422
1.9035585291726846
1.8860904978008657
1.8687825432312104
1.8516332344100757
1.8346411477810252
1.8178048679419538
1.801122988220604
1.7845941111743637
1.768216849020275
1.7519898240010492
1.7359116686927392
1.7199810262595914
1.7041965506612964
1.6885569068176165
1.6730607707351028
1.6577068296002666
1.6424937818432757
1.6274203371758917
1.6124852166070869
1.5976871524394152
1.5830248882489124
1.568497178851031
1.5541027902548057
1.5398404996071822
1.5257090951292278
1.5117073760456958
1.4978341525091965
1.4840882455200965
1.4704684868430504
1.4569737189209615
1.4436027947870054
1.430354577975288
1.4172279424305718
1.4042217724174335
1.3913349624291607
1.3785664170966312
1.3659150510973446
1.3533797890647836
1.3409595654982085
1.328653324672969
1.3164600205514214
1.3043786166944857
1.2924080861738945
1.2805474114851412
1.2687955844611691
1.257151606186804
1.2456144869139214
1.234183245977385
1.2228569117117294
1.211634521368591
1.2005151210348963
1.1894977655517924
1.1785815184343114
1.1677654517917773
1.1570486462489353
1.1464301908678134
1.1359091830702828
1.1254847285613456
1.1151559412531211
1.1049219431895214
1.0947818644716294
1.0847348431837571
1.0747800253201782
1.0649165647125396
1.0551436229579383
1.0454603693476512
1.0358659807965278
1.0263596417730287
1.0169405442298995
1.0076078875354906
0.9983608784056998
0.9891987308365469
0.9801206660373567
0.9711259123645647
0.9622137052561279
0.9533832871665328
0.944633907502404
0.9359648225587073
0.9273752954555287
0.9188645960754411
0.9104320010014461
0.9020767934554783
0.8937982632374815
0.88559570666504
0.8774684265135675
0.8694157319570377
0.8614369385092668
0.8535313679657326
0.8456983483459222
0.8379372138362161
0.8302473047332952
0.8226279673880603
0.8150785541500752
0.8075984233125165
0.800186939057624
0.7928434714026589
0.7855673961463534
0.7783580948158546
0.7712149546141512
0.7641373683679866
0.7571247344762502
0.7501764568588372
0.7432919449059835
0.7364706134280649
0.7297118826058516
0.7230151779412253
0.7163799302083481
0.7098055754052733
0.7032915547060089
0.6968373144130138
0.6904423059101368
0.6841059856159794
0.677827814937693
0.6716072602251995
0.6654437927258279
0.6593368885393699
0.6532860285735522
0.6472906984999067
0.6413503887100567
0.6354645942723991
0.6296328148891832
0.6238545548539863
0.6181293230095768
0.6124566327061685
0.6068360017600506
0.6012669524126046
0.595749011289695
0.5902817093614287
0.5848645819022895
0.5794971684516373
0.5741790127745651
0.56890966282312
0.5636886706978815
0.5585155926098849
0.553389988842902
0.5483114237160636
0.5432794655468278
0.5382936866142846
0.5333536631227994
0.5284589751659927
0.5236092066910439
0.5188039454633283
0.5140427830313785
0.5093253146921618
0.5046511394566825
0.5000198600158985
0.49543108270694713
0.4908844174796844
0.48637947786353203
0.4819158809346244
0.4774932472832614
0.4731112009816576
0.46876936955198933
0.46446738393473164
0.4602048784572889
0.4559814908029138
0.4517968619799072
0.44765063629110535
0.44354246130364594
0.439471987819009
0.4354388698433356
0.43144276455801944
0.4274833322905649
0.4235602364857152
0.4196731436768454
0.4158217234576178
0.41200564845389553
0.4082245942959165
0.40447823959072254
0.40076626589483877
0.3970883576872066
0.3934442023423651
0.3898334901038758
0.38625591405799375
0.38271117010758104
0.3791989569462557
0.37571897603278226
0.3722709315656944
0.36885453045815336
0.3654694823130327
0.36211549939823595
0.35879229662223944
0.35549959150985777
0.35223710417823423
0.3490045573130508
0.34580167614495516
0.3426281884262054
0.3394838244075296
0.33636831681519563
0.33328140082829333
0.33022281405622406
0.3271922965163986
0.3241895906121363
0.32121444111077035
0.3182665951219536
0.3153458020761606
0.31245181370339015
0.30958438401206306
0.3067432692681105
0.3039282279742579
0.30113902084949734
0.2983754108087478
0.29563716294270387
0.2929240444978661
0.2902358248567593
0.28757227551832903
0.2849331700785167
0.2823182842110185
0.27972739564821564
0.27716028416228
0.2746167315464583
0.27209652159651987
0.26959944009238296
0.2671252747799042
0.2646738153528355
0.2622448534349506
0.25983818256233127
0.25745359816581664
0.2550908975536175
0.2527498798940855
0.2504303461986411
0.2481320993048622
0.2458549438597239
0.24359868630299153
0.24136313485077102
0.23914809947920546
0.2369533919083217
0.23477882558602903
0.2326242156722607
0.2304893790232611
0.228374134176021
0.2262783013328517
0.2242017023461008
0.222144160703012
0.22010550151072006
0.21808555148138373
0.21608413891745876
0.21410109369710031
0.21213624725970526
0.2101894325915831
0.20826048421175866
0.20634923815790823
0.2044555319724215
0.20257920468859142
0.20072009681693417
0.19887805033163117
0.19705290865709582
0.19524451665466636
0.19345272060941818
0.1916773682170967
0.1899183085711733
0.18817539215001752
0.18644847080418608
0.1847373977438324
0.18304202752622828
0.18136221604340003
0.17969782050988123
0.17804869945057472
0.1764147126887265
0.17479572133401206
0.17319158777072974
0.17160217564610256
0.17002734985869
0.16846697654690201
0.1669209230776227
0.16538905803493545
0.16387125120895157
0.16236737358474426
0.16087729733138117
0.15940089579105785
0.1579380434683334
0.1564886160194626
0.15505249024182535
0.1536295440634565
0.15221965653266833
0.15082270780776896
0.14943857914687753
0.1480671528978296
0.14670831248817656
0.14536194241527794
0.14402792823648305
0.14270615655940228
0.14139651503227035
0.1400988923343955
0.13881317816669644
0.13753926324232807
0.13627703927739165
0.1350263989817295
0.13378723604980688
0.13255944515167517
0.13134292192401797
0.13013756296128182
0.12894326580688473
0.12775992894450897
0.12658745178947137
0.12542573468017276
0.12427467886962817
0.12313418651707245
0.12200416067964308
0.12088450530414131
0.11977512521886674
0.11867592612552731
0.11758681459122473
0.11650769804051239
0.11543848474752537
0.11437908382818512
0.11332940523247356
0.11228935973677819
0.11125885893630903
0.1102378152375838
0.10922614185098159
0.10822375278336695
0.1072305628307798
0.10624648757119236
0.1052714433573345
0.10430534730958295
0.10334811730891591
0.10239967198993423
0.10145993073394377
0.10052881366210398
0.09960624162863765
0.09869213621410286
0.09778641971872833
0.0968890151558084
0.09599984624515846
0.09511883740663228
0.09424591375369683
0.09338100108706665
0.09252402588839774
0.0916749153140378
0.09083359718883421
