0.09009287377637061
0.0909272020341437
0.09176925437795748
0.09261910224839627
0.09347681774442292
0.09434247363046402
0.09521614334139633
0.09609790098950216
0.09698782136999215
0.09788597996798377
0.09879245296386602
0.09970731724086009
0.10063065039028071
0.10156253071836095
0.1025030372530706
0.10345224975071035
0.10441024870176846
0.10537711533867784
0.10635293164197684
0.1073377803468442
0.10833174495080203
0.10933490971995705
0.11034735969626658
0.11136918070454632
0.11240045935944797
0.11344128307304448
0.11449174006179318
0.11555191935346497
0.11662191079527444
0.11770180506088405
0.11879169365782635
0.11989166893511152
0.12100182409126155
0.12212225318148644
0.12325305112540938
0.12439431371554881
0.1255461376243894
0.12670862041289546
0.1278818605384786
0.1290659573626222
0.1302610111598207
0.1314671231252964
0.13268439538317417
0.13391293099547927
0.13515283396980937
0.13640420926872834
0.13766716281743083
0.13894180151327157
0.14022823323364308
0.14152656684572296
0.14283691221457673
0.14415938021240624
0.1454940827277899
0.14684113267454854
0.14820064400081845
0.14957273169870444
0.15095751181337383
0.15235510145226827
0.1537656187951615
0.15518918310315769
0.15662591472884946
0.158075935125387
0.15953936685718434
0.16101633360893
0.16250696019615646
0.16401137257511664
0.16552969785268387
0.16706206429698195
0.16860860134735986
0.1701694396250581
0.17174471094320265
0.17333454831800127
0.174939085978761
0.1765584593790919
0.1781928052073174
0.17984226139753953
0.1815069671407207
0.18318706289562411
0.1848826903997642
0.18659399268106672
0.18832111406880184
0.1900642002051486
0.19182339805668938
0.19359885592605014
0.19539072346322758
0.19719915167787994
0.19902429295082955
0.20086630104593794
0.20272533112220276
0.20460153974624956
0.2064950849037494
0.20840612601246272
0.2103348239341299
0.2122813409872614
0.2142458409594786
0.21622848912011544
0.21822945223329723
0.2202488985703478
0.22228699792312434
0.2243439216166186
0.2264198425223951
0.22851493507154969
0.23062937526815394
0.23276334070259974
0.234917010564841
0.23709056565843967
0.2392841884136496
0.24149806290146814
0.24373237484752872
0.24598731164569385
0.24826306237234222
0.25055981780041964
0.2528777704136204
0.25521711442028544
0.25757804576861476
0.2599607621600941
0.2623654630648072
0.2647923497357562
0.26724162522340655
0.26971349439090314
0.272208163928486
0.27472584236885184
0.27726674010193797
0.27983106939008234
0.28241904438341825
0.2850308811349572
0.2876667976160104
0.29032701373186204
0.29301175133684804
0.29572123425056834
0.2984556882728615
0.3012153412003094
0.304000422841494
0.30681116503316846
0.3096478016562226
0.31251056865172966
0.3153997040369842
0.31831544792174055
0.32125804252452805
0.3242277321888429
0.3272247633996168
0.330249384799582
0.33330184720582057
0.3363824036262654
0.33949130927642496
0.34262882159579316
0.34579520026477456
0.3489907072213629
0.3522156066778593
0.35547016513780266
0.3587546514127969
0.3620693366394111
0.365414494296195
0.36879040022041587
0.3721973326253697
0.3756355721172297
0.3791054017119128
0.3826071068525387
0.38614097542606374
0.3897072977807209
0.3933063667427506
0.39693847763375273
0.40060392828757085
0.4043030190673993
0.40803605288292716
0.4118033352072042
0.41560517409370457
0.41944188019335643
0.4233137667714009
0.4272211497242562
0.43116434759650135
0.4351436815974918
0.4391594756183453
0.4432120562482913
0.44730175279157297
0.45142889728377966
0.4555938245083283
0.45979687201291786
0.4640383801255838
0.46831869197100806
0.47263815348642324
0.47699711343754847
0.48139592343440946
0.4858349379468198
0.49031451432001855
0.49483501278986164
0.499396796497971
0.5040002315067981
0.5086456868142109
0.5133335343682497
0.5180641490813703
0.5228379088445426
0.5276551945412675
0.5325163900611135
0.5374218823131417
0.5423720612390986
0.5473673198260182
0.5524080541189922
0.5574946632332924
0.5626275493661145
0.5678071178084269
0.5730337769557805
0.5783079383193862
0.5836300165364589
0.5890004293800845
0.5944195977690413
0.5998879457766813
0.6054059006397774
0.610973892766627
0.6165923557448088
0.6222617263482446
0.6279824445439036
0.6337549534978734
0.639579699580806
0.6454571323727899
0.651387704667585
0.6573718724762834
0.6634100950300509
0.6695028347825487
0.6756505574112495
0.6818537318181935
0.6881128301299146
0.6944283276966418
0.7008007030904804
0.7072304381028419
0.7137180177410134
0.720263930223639
0.7268686669754069
0.7335327226206726
0.7402565949759028
0.7470407850413714
0.7538857969914421
0.7607921381638747
0.7677603190479053
0.7747908532711453
0.7818842575851124
0.7890410518496622
0.7962617590158599
0.8035469051076098
0.8108970192018022
0.8183126334070139
0.8257942828406428
0.8333425056044874
0.8409578427587895
0.8486408382944475
0.8563920391036042
0.8642119949485174
0.8721012584284782
0.8800603849448931
0.8880899326644134
0.896190462480138
0.904362537970603
0.912606725356795
0.920923593456861
0.9293137136386469
0.9377776597698506
0.9463160081658047
0.954929337534865
0.9636182289211482
0.9723832656447504
0.981225033239245
0.9901441193864359
0.999141113848286
1.0082166083959254
1.0173711967355719
1.026605474431531
1.0359200388258405
1.0453154889548284
1.0547924254621417
1.0643514505084997
1.0739931676777124
1.0837181818793102
1.0935270992471444
1.1034205270344042
1.1133990735045196
1.1234633478180736
1.1336139599155965
1.1438515203959738
1.1541766403905922
1.1645899314329042
1.1750920053233904
1.1856834739898165
1.1963649493425978
1.2071370431251158
1.2180003667590253
1.2289555311842766
1.240003146693664
1.2511438227619696
1.2623781678694153
1.2737067893192615
1.2851302930494837
1.296649283438448
1.308264363104129
1.3199761326971884
1.3317851906872906
1.3436921331428016
1.3556975535036249
1.3678020423469497
1.3800061871458194
1.3923105720203468
1.4047157774813144
1.4172223801661554
1.429830952566943
1.4425420627503387
1.455356274069257
1.4682741448661363
1.4812962281674575
1.494423071369561
1.5076552159153354
1.5209931969617767
1.5344375430380006
1.5479887756937518
1.5616474091380699
1.5754139498678457
1.5892888962861853
1.6032727383103846
1.6173659569691297
1.6315690239888685
1.6458824013691336
1.6603065409464772
1.674841883946945
1.6894888605267406
1.704247889300987
1.7191193768602142
1.7341037172744904
1.7492012915849209
1.7644124672822092
1.7797375977722374
1.7951770218282397
1.81073106302946
1.8264000291860982
1.8421842117502478
1.8580838852125867
1.8740993064847276
1.8902307142668486
1.9064783284005449
1.9228423492065234
1.9393229568071284
1.9559203104332719
1.9726345477157947
1.9894657839608132
2.006414111409123
2.023479598479236
2.0406622889940342
2.0579622013907986
2.0753793279143995
2.0929136337936236
2.1105650564003438
2.1283335043914615
2.1462188568335123
2.1642209623097313
2.182339638009556
2.20057466880041
2.2189258062817294
2.237392767821099
2.2559752355725116
2.2746728554767017
2.2934852362434444
2.3124119483159666
2.3314525228173593
2.3506064504790567
2.3698731805515245
2.3892521196970953
2.4087426308651714
2.4283440321498913
2.448055595630389
2.467876546193872
2.4878060603417005
2.507843264978763
2.527987236186349
2.5482369979789152
2.5685915210450547
2.5890497214730344
2.6096104594614147
2.630272538015074
2.6510347016273266
2.671895634948547
2.6928539614419784
2.7139082420273413
2.735056973713005
2.756298588217401
2.777631450580534
2.799053857766487
2.8205640372577694
2.842160145642589
2.863840267196059
2.885602412456427
2.9074445167976086
2.929364438999186
2.951359959815299
2.9734287805437405
2.9955685215968337
3.0177767210756192
3.040050833348977
3.0623882276394823
3.084786186617769
3.1072419050073252
3.1297524882017407
3.152314950896488
3.174926215737428
3.197583111988395
3.220282374220119
3.243020641023177
3.265794453747363
3.2886002552703704
3.3114343887984643
3.3342930967021704
3.357172519389918
3.3800686942228797
3.402977554474204
3.4258949283360267
3.448816537977759
3.471737998659249
3.494654817902546
3.5175623947260513
3.5404560189450676
3.5633308705427535
3.586182019115676
3.609004423398225
3.631792930870295
3.6545422774527254
3.6772470872950875
3.699901872660512
3.7225010339123803
3.7450388596077255
3.767509526702347
3.7899071008726843
3.8122255369595623
3.8344586795390367
3.8566002636255843
3.878643915512943
3.9005831537579714
3.9224113903129343
3.9441219318115768
3.965707981014498
3.987162638419178
4.008478904040134
4.029649679364546
4.05066776948878
4.071525885440997
4.092216646695192
4.112732583881682
4.133066141699164
4.15320968203315
4.173155487285589
4.1928957639202045
4.212422646227941
4.231728200316679
4.250804428329139
4.269643272892593
4.288236621803766
4.306576312951948
4.32465413948297
4.342461855206375
4.359991180247634
4.377233806946858
4.394181406005003
4.410825632877956
4.427158134418511
4.443170555765517
4.458854547478958
4.474201772919106
4.489203915867115
4.503852688383818
4.5181398389027185
4.532057160552361
4.545596499702483
4.558749764727541
4.571508934980305
4.5838660699672955
4.595813318716958
4.6073429293305255
4.618447258704457
4.629118782412464
4.639350104734024
4.649133968815274
4.658463266947156
4.6673310509445844
4.675730542609373
4.683655144258551
4.691098449298683
4.698054252825698
4.704516562228711
4.710479607775249
4.715937853154372
4.720886005953041
4.725319028040298
4.729232145832797
4.732620860414425
4.735480957481888
4.737808517087459
4.739599923149328
4.740851872699452
4.7415613848382545
4.741725809365084
4.741342835053052
4.740410497536589
4.738927186780022
4.736891654095419
4.734303018678137
4.731160773628777
4.727464791430664
4.723215328852556
4.718413031247009
4.713058936215718
4.707154476614194
4.700701482869405
4.693702184585333
4.6861592114130755
4.678075593163757
4.669454759144531
4.660300536700017
4.650617148943797
4.640409211667043
4.629681729413968
4.6184400907165735
4.60669006248405
4.5944377835453185
4.581689757346349
4.568452843807232
4.554734250347414
4.540541522091027
4.5258825312678095
4.510765465828789
4.495198817299599
4.47919136789795
4.462752176945518
4.4458905666081625
4.428616107001978
4.410938600706222
4.392868066727594
4.374414723963616
4.355588974215954
4.3364013848075516
4.316862670860066
4.29698367729067
4.276775360589419
4.256248770440397
4.235415031251403
4.214285323658241
4.192870866070624
4.171182896327209
4.1492326535274655
4.127031360107861
4.104590204229176
4.081920322540652
4.059032783385315
4.03593857050878
4.012648567331579
3.9891735418423484
3.9655241321660486
3.9417108328579196
3.917743981969957
3.8936337489326
3.869390123289697
3.845022904320085
3.8205416915741095
3.7959558763481134
3.7712746341145307
3.7465069179197177
3.7216614527559955
3.696746730908683
3.671771008273348
3.646742301632784
3.6216683868778
3.5965567981504942
3.5714148278835682
3.5462495277042665
3.5210677101668457
3.4958759512731894
3.4706805937371326
3.445487750944402
3.4203033115569585
3.395132944707636
3.3699821057286568
3.3448560423557723
3.319759801348292
3.294698235464383
3.2696760107305574
3.2446976139442736
3.2197673603490977
3.194889401422721
3.170067732719617
3.1453062017117905
3.120608515573276
3.095978248856585
3.0714188510121194
3.0469336537047003
3.0225258778848185
2.9981986405757812
2.9739549613417875
2.9497977684058845
2.9257299043909066
2.9017541316605886
2.8778731372422444
2.854089537316679
2.830405881265077
2.806824655266771
2.783348285445826
2.7599791405682628
2.7367195342954447
2.713571727002852
2.6905379271767123
2.6676202924042483
2.644820929976126
2.6221418971224852
2.599585200906266
2.5771527977997097
2.554846592971822
2.532668439316077
2.5106201362489537
2.4887034283108584
2.466920003601649
2.4452714920833154
2.423759463782504
2.402385426925277
2.3811508260360683
2.3600570400319465
2.3391053803423536
2.3182970890831553
2.2976333373123206
2.277115223392919
2.2567437714871623
2.236519930203138
2.2164445714137653
2.1965184892650873
2.176742399388638
2.157116938330141
2.1376426632042533
2.1183200515825438
2.099149501619323
2.0801313324175146
2.0612657846342617
2.0425530213236125
2.0239931290114432
2.0055861189955864
1.9873319288621734
1.9692304242074357
1.9512814005525063
1.9334845854373344
1.9158396406785991
1.8983461647754307
1.881003695445888
1.8638117122765756
1.8467696394672906
1.8298768486524277
1.813132661780812
1.7965363540358528
1.7800871567782577
1.7637842604940344
1.747626817731285
1.731613946010065
1.7157447306905296
1.7000182277857274
1.6844334667064829
1.6689894529270675
1.65368517056166
1.6385195848428769
1.6234916444950152
1.608600283995947
1.593844425722963
1.5792229819791024
1.5647348568977366
1.550378948224373
1.5361541489757198
1.5220593489770482
1.5080934362798608
1.4942552984626736
1.4805438238184294
1.4669579024327533
1.453496427157717
1.4401582944862648
1.426942405332729
1.4138476657251549
1.4008729874152621
1.388017288411939
1.3752794934441839
1.3626585343593072
1.350153350462061
1.3377628888002262
1.3254861044019004
1.3133219604694997
1.3012694285352022
1.2893274885822288
1.2774951291360677
1.2657713473293848
1.2541551489440879
1.242645548433652
1.231241568928509
1.2199422422270343
1.2087466087743548
1.1976537176309312
1.1866626264326658
1.1757724013440156
1.1649821170053989
1.1542908564760204
1.1436977111730462
1.1332017808079307
1.1228021733205529
1.1124980048117334
1.1022883994745845
1.09217248952506
1.0821494151320283
1.0722183243471053
1.0623783730344385
1.0526287248006132
1.042968550924794
1.0333970302891906
1.0239133493099348
1.0145167018684131
1.0052062892431008
0.9959813200419199
0.986841010135151
0.9777845825889125
0.9688112675992047
0.9599203024265394
0.9511109313311523
0.9423824055087875
0.9337339830270716
0.9251649287624636
0.9166745143377732
0.9082620180602569
0.8999267248602749
0.8916679262305167
0.8834849201657727
0.8753770111032674
0.8673435098635378
0.8593837335918496
0.8514970057001561
0.8436826558095887
0.8359400196934719
0.8282684392208641
0.8206672623006186
0.813135842825951
0.8056735406195217
0.7982797213790223
0.7909537566232552
0.7836950236387148
0.7765029054266553
0.7693767906506475
0.7623160735846108
0.755320154061328
0.7483884374214329
0.7415203344628588
0.7347152613907586
0.7279726397678835
0.7212918964654113
0.7146724636142321
0.7081137785566803
0.7016152837987053
0.6951764269624856
0.6887966607394755
0.6824754428438857
0.676212235966585
0.6700065077294297
0.6638577306400142
0.6577653820468283
0.6517289440948347
0.6457479036814517
0.6398217524129357
0.6339499865611696
0.6281321070208462
0.6223676192670409
0.6166560333131792
0.6109968636693859
0.6053896293012202
0.5998338535887843
0.5943290642862118
0.5888747934815279
0.5834705775568734
0.5781159571490982
0.5728104771107171
0.567553686471218
0.5623451383987308
0.5571843901620485
0.5520710030929904
0.547004542549118
0.5419845778767884
0.5370106823745509
0.5320824332568729
0.5271994116182056
0.5223612023973774
0.5175673943423105
0.5128175799750655
0.5081113555572072
0.503448321055483
0.4988280801078218
0.4942502399896438
0.48971441158047585
0.4852202093308783
0.4807672512296708
0.47635515877146434
0.4719835569244838
0.46765207409869247
0.46336034211420724
0.4591079961700001
0.45489467481289186
0.45072001990682903
0.44658367660243947
0.4424852933068712
0.4384245216539079
0.434401016474355
0.4304144357667016
0.4264644406680494
0.4225506954253105
0.41867286736666576
0.4148306268732884
0.4110236473513277
0.4072516052041453
0.4035141798048109
0.39981105346884993
0.3961419114272369
0.3925064417996419
0.38890433556792103
0.3853352865498477
0.38179899137308787
0.37829514944941384
0.3748234629491523
0.37138363677587
0.36797537854128926
0.3645983985404362
0.36125240972701345
0.3579371276890025
0.3546522706244885
0.35139755931770555
0.3481727171153042
0.34497746990283573
0.3418115460814515
0.33867467654481653
0.3355665946562374
0.33248703622599496
0.32943573948888966
0.32641244508199085
0.3234168960225916
0.32044883768636323
0.3175080177857128
0.31459418634833974
0.31170709569598576
0.30884650042338285
0.30601215737739507
0.30320382563634785
0.3004212664895507
0.2976642434170075
0.29493252206931
0.2922258702477195
0.289544057884429
0.28688685702300815
0.2842540417990254
0.2816453884208502
0.2790606751506307
0.27649968228544497
0.27396219213862666
0.27144798902126177
0.26895685922385404
0.26648859099815975
0.26404297453918973
0.26161980196737433
0.2592188673108948
0.25683996648817425
0.2544828972905322
0.2521474593649949
0.24983345419726585
0.24754068509485277
0.24526895717034713
0.24301807732485903
0.2407878542316046
0.23857809831964152
0.23638862175775613
0.23421923843849796
0.2320697639623594
0.22994001562210303
0.22782981238722916
0.22573897488859057
0.2236673254031448
0.2216146878388463
0.21958088771968104
0.21756575217083438
0.21556910990399558
0.21359079120280092
0.21163062790840434
0.20968845340518674
0.20776410260659217
0.2058574119410943
0.2039682193382949
0.20209636421514654
0.20024168746230184
0.19840403143059143
0.19658323991762203
0.1947791581544986
0.1929916327926706
0.19122051189089634
0.18946564490232676
0.1877268826617108
0.18600407737271535
0.18429708259536132
0.18260575323357814
0.18092994552286942
0.17926951701809196
0.17762432658134966
0.17599423436999578
0.17437910182474506
0.1727787916578982
0.17119316784167116
0.1696220955966318
0.1680654413802457
0.16652307287552245
0.16499485897977073
0.16348066979345352
0.16198037660914563
0.16049385190059529
0.15902096931188336
0.1575616036466822
0.15611563085761546
0.15468292803571312
0.1532633733999634
0.15185684628696272
0.1504632271406586
0.14908239750218633
0.1477142399998015
0.14635863833890253
0.14501547729214476
0.14368464268964742
0.14236602140928867
0.1410595013670889
0.13976497150768538
0.13848232179489145
0.13721144320234285
0.1359522277042316
0.13470456826612315
0.13346835883585753
0.1322434943345367
0.13102987064759047
0.12982738461592877
0.12863593402717202
0.12745541760696233
0.12628573501035664
0.12512678681329648
0.1239784745041561
0.12284070047537043
0.12171336801513757
0.1205963812991975
0.11948964538268839
0.11839306619207536
0.11730655051715365
0.11623000600312695
0.11516334114275636
0.11410646526858176
0.11305928854521619
0.11202172196170904
0.11099367732397954
0.10997506724732138
0.10896580514897428
0.10796580524076389
0.10697498252181073
0.10599325277130461
0.10502053254134516
0.10405673914984981
0.10310179067352514
0.10215560594090287
0.1012181045254414
0.10028920673868812
0.09936883362350697
0.09845690694736661
0.09755334919568992
0.09665808356526637
0.09577103395772302
0.09489212497305573
0.09402128190322102
0.09315843072578525
0.09230349809763234
0.09145641134873035
0.09061709847595409
0.08978548813696417
0.08896150964414398
0.08814509295859055
0.08733616868416082
0.08653466806157369
0.08574052296256518
0.08495366588409678
0.08417402994261873
0.08340154886838429
0.08263615699981629
0.08187778927792684
0.08112638124078674
0.0803818690180457
0.07964418932550439
0.07891327945973403
0.07818907729274754
0.07747152126671816
0.07676055038874666
0.07605610422567759
0.07535812289896208
0.0746665470795677
0.07398131798293621
0.07330237736398641
0.07262966751216296
0.07196313124653157
0.07130271191091829
0.07064835336909328
