0.17987064222531038
0.1815362749069827
0.183217324801854
0.1849139344213169
0.18662624758844054
0.1883544094503382
0.19009856649015155
0.1918588665392172
0.1936354587886262
0.19542849380254138
0.19723812352996054
0.19906450131778533
0.2009077819230802
0.2027681215260204
0.20464567774288506
0.2065406096388124
0.2084530777412704
0.21038324405300157
0.21233127206509644
0.21429732677169153
0.21628157468161865
0.21828418383365183
0.22030532380976145
0.22234516574895064
0.22440388236177713
0.22648164794354456
0.22857863839001655
0.2306950312099446
0.23283100554133063
0.23498674216559992
0.23716242352141603
0.2393582337209513
0.24157435856407192
0.2438109855538206
0.24606830391114706
0.2483465045909635
0.2506457802977521
0.2529663255005978
0.2553083364490213
0.2576720111898994
0.2600575495820418
0.262465153313526
0.2648950259173468
0.26734737278830567
0.2698224011992378
0.2723203203179728
0.2748413412243438
0.2773856769264943
0.27995354237874936
0.2825451544985129
0.28516073218353005
0.28780049633009175
0.29046466984984964
0.29315347768841227
0.2958671468427323
0.29860590637931
0.30136998745297383
0.30415962332454455
0.30697504938007
0.309816503148553
0.31268422432206117
0.31557845477341573
0.31849943857642743
0.3214474220241489
0.32442265364910244
0.32742538424251894
0.33045586687370554
0.3335143569108583
0.3366011120398859
0.3397163922853012
0.3428604600305969
0.3460335800382045
0.349236019470583
0.35246804791033387
0.35572993738224157
0.35902196237297634
0.36234439985323447
0.3656975292991421
0.3690816327129121
0.3724969946452312
0.3759439022171692
0.37942264514182433
0.38293351574623824
0.38647680899407083
0.39005282250833745
0.3936618565928249
0.39730421425653006
0.40098020123455164
0.4046901260129062
0.40843429985082935
0.41221303680403387
0.41602665374860714
0.41987547040464435
0.42375980935952784
0.4276799960925518
0.43163635899825403
0.4356292294116427
0.43965894163158825
0.44372583294589973
0.4478302436559213
0.4519725171012569
0.4561529996848246
0.46037204089794315
0.46462999334558086
0.4689272127716072
0.47326405808457117
0.47764089138315374
0.48205807798214506
0.4865159864382958
0.4910149885763419
0.4955554595151472
0.5001377776942354
0.5047623249000661
0.5094294862929585
0.5141396504330072
0.5188932093078236
0.5236905583591746
0.5285320965094831
0.5334182261898512
0.5383493533669454
0.5433258875700145
0.5483482419193373
0.553416833152802
0.5585320816542336
0.563694411481039
0.5689042503919509
0.5741620298750802
0.5794681851760805
0.5848231553261285
0.5902273831701501
0.5956813153950808
0.6011854025585016
0.6067400991163806
0.6123458634522232
0.6180031579052736
0.6237124487990535
0.6294742064698531
0.6352889052958584
0.6411570237250735
0.647079044304643
0.6530554537091571
0.6590867427695175
0.6651734065016599
0.6713159441349942
0.6775148591415616
0.6837706592642646
0.6900838565456816
0.6964549673567163
0.7028845124250627
0.7093730168636334
0.7159210101991291
0.7225290264003423
0.7291976039064559
0.7359272856551443
0.7427186191107625
0.7495721562921224
0.7564884538005536
0.7634680728473949
0.7705115792816911
0.7776195436174034
0.7847925410606731
0.7920311515370303
0.7993359597178676
0.8067075550471398
0.8141465317677958
0.8216534889479437
0.8292290305064344
0.8368737652386359
0.8445883068415649
0.8523732739389621
0.8602292901058318
0.8681569838926474
0.8761569888492875
0.884229943548692
0.892376491609763
0.9005972817200346
0.9088929676579479
0.9172642083146267
0.9257116677150948
0.934236015038897
0.9428379246403987
0.9515180760683716
0.9602771540849208
0.9691158486840037
0.9780348551090515
0.9870348738700929
0.9961166107602774
1.0052807768710295
1.0145280886074304
1.0238592677020422
1.0332750412280447
1.0427761416118377
1.0523633066442688
1.062037279491409
1.0717988087038524
1.0816486482255165
1.0915875574009408
1.1016163009819802
1.1117356491327233
1.1219463774340623
1.1322492668862165
1.1426451039107206
1.1531346803504836
1.1637187934690154
1.1743982459480555
1.1851738458835603
1.1960464067804806
1.2070167475459552
1.2180856924806711
1.2292540712688398
1.2405227189663224
1.251892475986901
1.263364188086961
1.2749387063480506
1.28661688715745
1.2983995921870817
1.3102876883697963
1.3222820478739963
1.3343835480756254
1.3465930715281615
1.3589115059300174
1.3713397440896333
1.3838786838880113
1.3965292282384747
1.4092922850440512
1.4221687671517556
1.435159592304107
1.4482656830879277
1.4614879668796494
1.4748273757879098
1.488284846592674
1.50186132068103
1.51555774397965
1.5293750668836408
1.5433142441817764
1.5573762349779467
1.5715620026087593
1.5858725145571986
1.6003087423622044
1.6148716615237875
1.6295622514042143
1.6443814951244042
1.6593303794558825
1.6744098947078696
1.6896210346098002
1.7049647961884555
1.7204421796402147
1.73605418819796
1.7518018279925285
1.7676861079085338
1.7837080394345979
1.7998686365074392
1.8161689153500449
1.8326098943037796
1.849192593653703
1.865918035447534
1.8827872433079804
1.899801242237817
1.916961058418165
1.9342677189992965
1.9517222518837882
1.9693256855023884
1.9870790485815262
2.004983369902998
2.023039678055219
2.041249001175919
2.0596123666861743
2.07813080101541
2.096805329317079
2.1156369751750908
2.1346267603004336
2.153775704217921
2.173084823942724
2.192555133646566
2.2121876443130346
2.23198336338234
2.251943294384377
2.2720684365607426
2.292359784474744
2.3128183276094516
2.333445049953496
2.3542409295741376
2.375206938177539
2.39634404065584
2.41765319462063
2.439135349922731
2.460791448157826
2.48262242215759
2.504629195466095
2.5268126818012293
2.549173784500508
2.571713395951351
2.5944323970050522
2.617331656374468
2.6404120300149225
2.6636743604878874
2.6871194763073167
2.710748191267989
2.734561303755772
2.758559596039292
2.782743833542612
2.8071147640986966
2.8316731171831986
2.8564196031281353
2.8813549123151354
2.90647971434803
2.9317946572041778
2.9573003663641555
2.9829974439196296
3.008886467658925
3.034967990129807
3.0612425376792216
3.087710609469699
3.1143726764717825
3.141229180432295
3.1682805328181383
3.1955271137350523
3.2229692708210913
3.250607318114507
3.2784415348955425
3.306472164501975
3.3346994131178733
3.3631234485353696
3.3917443988890796
3.4205623513628947
3.44957735086876
3.478789398697261
3.5081984511396334
3.537804418080993
3.567607161564538
3.5976064943264583
3.6278021783013705
3.6581939230980196
3.6887813844452095
3.7195641626076226
3.75054180077149
3.7817137834000802
3.813079534558769
3.8446384162097296
3.876389726476249
3.9083326978765753
3.940466495527429
3.972790215317219
4.005302882049044
4.038003447553777
4.070890788773169
4.103963705813489
4.137220919969783
4.170661071721237
4.204282718697919
4.2380843336194
4.272064302205689
4.3062209210611675
4.340552395531989
4.375056837537757
4.409732263378153
4.444576591515358
4.479587640333151
4.514763125873783
4.550100659553485
4.5855977458578945
4.621251780018594
4.6570600456720745
4.693019712502553
4.729127833870173
4.765381344426148
4.801777057716682
4.838311663777347
4.874981726720062
4.911783682314543
4.948713835566608
4.985768358295437
5.022943286712447
5.060234519004227
5.097637812922295
5.135148783382512
5.172762900077232
5.21047548510323
5.248281710608822
5.28617659646361
5.324155007954439
5.362211653511426
5.40034108246801
5.438537682859119
5.476795679261812
5.5151091306828715
5.553471928498009
5.591877794447553
5.630320278693669
5.6687927579443
5.707288433649342
5.745800330274563
5.784321293659166
5.822843989462928
5.8613609017091965
5.8998643314300505
5.938346395420299
5.976799025107037
6.01521396554178
6.053582774522308
6.091896821851647
6.1301472887416075
6.168325167368703
6.2064212605903135
6.244426181829099
6.282330355134023
6.3201240154261935
6.357797208938162
6.395339793855356
6.43274144116831
6.469991635744758
6.5070796776304745
6.543994683587958
6.580725588882249
6.617261149322876
6.653589943571428
6.689700375723843
6.72558067817674
6.7612189147870785
6.796602984334267
6.831720624293847
6.866559414931864
6.901106783728604
6.935350010140603
6.9692762307093945
7.002872444525167
7.036125519053591
7.069022196333297
7.101549099551549
7.133692740005065
7.1654395244525055
7.19677576286484
7.227687676579081
7.258161406860462
7.288183023877457
7.317738536093396
7.3468139000776995
7.37539503073901
7.403467811981658
7.431018107786044
7.458031773712519
7.484494668827468
7.5103926680491755
7.535711674909917
7.560437634729653
7.5845565481954305
7.608054485339262
7.63091759990608
7.653132144101753
7.674684483709952
7.6955611135649304
7.7157486733659315
7.735233963817193
7.75400396307603
7.772045843489613
7.78934698859959
7.805895010391698
7.821677766765939
7.836683379200982
7.850900250584697
7.864317083180859
7.876922896700283
7.888707046442788
7.899659241474592
7.909769562803953
7.919028481516104
7.927426876826796
7.93495605401212
7.941607762170659
7.947374211772408
7.952248091947578
7.956222587466901
7.959291395363855
7.961448741148098
7.962689394558348
7.963008684802119
7.962402515228998
7.960867377383605
7.958400364384054
7.95499918357154
7.950662168376781
7.945388289349244
7.939177164295694
7.932029067475261
7.923944937799303
7.914926385985583
7.904975700617843
7.894095853063657
7.882290501205639
7.869563991943408
7.855921362426457
7.8413683399811225
7.825911340698078
7.809557466650441
7.792314501716418
7.774190905984689
7.755195808725056
7.73533899991171
7.7146309202914125
7.6930826499940865
7.670705895688734
7.647512976293289
7.623516807252724
7.598730883405739
7.573169260466392
7.5468465351532235
7.51977782400455
7.491978740924918
7.463465373513829
7.434254258234022
7.404362354482617
7.3738070176343244
7.342605971131601
7.310777277702114
7.278339309789063
7.2453107192847765
7.2117104066624504
7.17755748960506
7.142871271234085
7.1076712080437545
7.0719768776492975
7.035807946459604
6.999184137386226
6.962125197701464
6.924650867158581
6.886780846486581
6.8485347663709835
6.809932157030186
6.7709924184945205
6.731734791691879
6.69217833044012
6.65234187444184
6.61224402337201
6.571903112143425
6.5313371874284805
6.490563985509185
6.449600911519937
6.408465020140118
6.3671729977854445
6.325741146338725
6.284185368452272
6.242521154445433
6.20076357081199
6.158927250343461
6.117026383865624
6.075074713576931
6.033085527969314
5.991071658303665
5.9490454766045975
5.907018895131808
5.865003367278484
5.823009889840916
5.781049006597605
5.739130813131178
5.6972649628217615
5.655460673936587
5.613726737737593
5.572071527526089
5.5305030085417854
5.489028748632428
5.447655929609685
5.406391359207029
5.365241483556257
5.32421240010043
5.283309870862872
5.242539335994152
5.2019059275217305
5.161414483229914
5.121069560601187
5.080875450753661
5.04083619231315
5.000955585162309
4.961237204013475
4.9216844117558
4.882300372531376
4.843088064499227
4.80405029224982
4.765189698836741
4.726508777395796
4.688009882325432
4.649695240005712
4.6115669590362325
4.573627039976527
4.535877384575213
4.498319804476836
4.460956029397931
4.4237877147660996
4.386816448818106
4.350043759155186
4.313471118755634
4.277099951446709
4.240931636839704
4.204967514733837
4.169208888996329
4.133657030927746
4.098313182123417
4.0631785568433845
4.028254343904968
3.993541708113799
3.959041791250691
3.9247557126333534
3.890684569273636
3.8568294356523474
3.823191363135346
3.789771379055818
3.756570485489139
3.723589657747756
3.6908298426246335
3.6582919564147827
3.6259768827450207
3.593885470242734
3.562018530074803
3.5303768333879733
3.498961108681866
3.4677720391456486
3.436810259988774
3.4060763557955256
3.3755708579321104
3.345294242033933
3.315246925599242
3.285429265713753
3.2558415569291896
3.226484029316651
3.1973568467136797
3.1684601051817527
3.139793831688574
3.1113579830271654
3.0831524449813847
3.0551770317449813
3.0274314855988895
2.9999154768489538
2.972628604024
2.9455703943317415
2.918740304367795
2.892137721071035
2.865761962916442
2.839612281334769
2.8136878623467423
2.787987828397927
2.762511240379093
2.737257099815836
2.71222435121024
2.687411884516637
2.662818537733076
2.638443099589711
2.6142843123152826
2.5903408744628735
2.566611443776462
2.543094640080191
2.5197890481728433
2.496693220710856
2.473805681064023
2.4511249261290344
2.428649429087179
2.406377642093665
2.3843079988872686
2.3624389173103912
2.3407688017308574
2.3192960453582026
2.2980190324484626
2.2769361403928907
2.2560457416872257
2.235346205779393
2.214835900794704
2.194513195138705
2.174376458978783
2.154424065606648
2.1346543926845625
2.115065823378908
2.0956567473853593
2.0764255618503826
2.057370672194255
2.038490492841051
2.0197834478613554
2.001247971533528
1.9828825088294282
1.9646855158305079
1.9466554600800827
1.9287908208774207
1.9110900895191743
1.893551769493366
1.876174376630908
1.8589564392193647
1.8418964980833132
1.8249931066353806
1.808244830901658
1.7916502495249351
1.775207953748825
1.7589165473855448
1.7427746467698646
1.7267808807014122
1.710933890377255
1.6952323293164973
1.6796748632783327
1.6642601701748314
1.6489869399795585
1.633853874632938
1.6188596879451542
1.6040031054972212
1.5892828645407895
1.57469771389713
1.5602464138556393
1.5459277360721946
1.5317404634675862
1.5176833901261955
1.5037553211951031
1.4899550727837263
1.4762814718640636
1.4627333561716376
1.449309574107175
1.4360089846390645
1.422830457206605
1.4097728716240843
1.3968351179856895
1.3840160965712418
1.371314717752784
1.3587299019020032
1.3462605792984836
1.333905690038803
1.3216641839464531
1.3095350204825782
1.2975171686575362
1.2856096069432652
1.2738113231864612
1.2621213145225374
1.2505385872903845
1.2390621569479128
1.2276910479883574
1.2164242938573662
1.2052609368708413
1.1942000281335314
1.1832406274583773
1.1723818032865982
1.1616226326085013
1.1509622008850309
1.140399601970032
1.1299339380332216
1.1195643194838785
1.1092898648952219
1.0991097009294966
1.0890229622637297
1.079028791516183
1.0691263391734755
1.0593147635183697
1.0495932305582265
1.0399609139541193
1.0304169949505875
1.0209606623060457
1.011591112223829
1.0023075482838648
0.9931091813749794
0.9839952296278222
0.9749649183484083
0.9660174799522642
0.9571521538991854
0.9483681866285918
0.9396648314954691
0.9310413487069068
0.9224970052592169
0.9140310748756225
0.905642837944528
0.8973315814583517
0.8890965989529155
0.8809371904473988
0.872852662384837
0.8648423275731718
0.8569055051268347
0.849041520408874
0.8412497049736113
0.833529396509819
0.8258799387844261
0.8183006815867387
0.8107909806731685
0.8033501977124725
0.7959777002314978
0.7886728615614148
0.7814350607844543
0.7742636826811264
0.7671581176779297
0.7601177617955326
0.7531420165974366
0.7462302891391105
0.7393819919175865
0.7325965428215221
0.7258733650817246
0.7192118872221186
0.712611543011174
0.7060717714137767
0.699592016543537
0.6931717276155404
0.6868103588995298
0.6805073696735204
0.674262224177834
0.6680743915695607
0.6619433458774389
0.6558685659571429
0.6498495354469884
0.6438857427240414
0.6379766808606279
0.6321218475812446
0.6263207452198684
0.6205728806776499
0.6148777653810023
0.6092349152400706
0.6036438506075864
0.5981040962380939
0.5926151812475549
0.5871766390733253
0.5817880074344932
0.576448828292587
0.5711586478126428
0.5659170163246242
0.5607234882852028
0.5555776222398872
0.5504789807854968
0.5454271305329826
0.5404216420705912
0.5354620899273604
0.5305480525369571
0.5256791122018418
0.520854855057766
0.5160748710385907
0.5113387538414321
0.5066461008921265
0.501996513311008
0.49738959587900594
0.49282495700405105
0.4883022086877878
0.4838209664925951
0.4793808495089105
0.4749814803228499
0.47062248498412806
0.46630349297427265
0.4620241371751309
0.45778405383766174
0.4535828825510183
0.44942026621191394
0.44529585099426533
0.4412092863191184
0.4371602248248501
0.4331483223376398
0.4291732378422153
0.4252346334528678
0.4213321743847286
0.41746552892531363
0.4136343684063271
0.40983836717572597
0.4060772025700363
0.40235055488692884
0.39865810735804386
0.3949995461220642
0.39137456019803807
0.38778284145894537
0.3842240846055057
0.38069798714022823
0.3772042493416996
0.37374257423910623
0.37031266758699255
0.36691423784024896
0.3635469961293317
0.360210656235707
0.35690493456752265
0.353629550135504
0.3503842245290673
0.3471686818926557
0.3439826489022923
0.34082585474234506
0.33769803108250873
0.33459891205499703
0.331528234231942
0.3284857366030043
0.32547116055318454
0.3224842498408437
0.3195247505759211
0.3165924111983519
0.31368698245668725
0.3108082173869062
0.3079558712914222
0.305129701718287
0.3023294684405776
0.29955493343598105
0.29680586086656024
0.2940820170587061
0.29138317048327844
0.28870909173592363
0.28605955351757406
0.28343433061513057
0.2808331998823172
0.2782559402207123
0.275702332560958
0.2731721598441377
0.2706652070033239
0.26818126094530115
0.2657201105324505
0.2632815465648019
0.2608653617622545
0.2584713507469563
0.2560993100258457
0.2537490379733567
0.25142033481427967
0.24911300260677866
0.24682684522556886
0.2445616683452445
0.2423172794237597
0.24009348768606528
0.23789010410788924
0.2357069413996725
0.23354381399064789
0.23140053801306518
0.2292769312865647
0.22717281330269054
0.22508800520954603
0.22302232979659353
0.2209756114795902
0.21894767628566203
0.21693835183851817
0.214947467343798
0.21297485357455187
0.21102034285685925
0.20908376905557502
0.20716496756020678
0.2052637752709249
0.20338003058469808
0.20151357338155557
0.19966424501097912
0.19783188827841636
0.19601634743191834
0.19421746814890228
0.19243509752303306
0.19066908405122507
0.18891927762076668
0.1871855294965578
0.18546769230846968
0.18376562003881716
0.1820791680099462
0.18040819287193807
0.17875255259042352
0.1771121064345087
0.17548671496481488
0.1738762400216251
0.17228054471313928
0.17069949340384055
0.1691329517029648
0.16758078645307664
0.1660428657187528
0.1645190587753662
0.16300923609797396
0.16151326935030882
0.16003103137387006
0.15856239617711362
0.15710723892474482
0.1556654359271061
0.1542368646296627
0.15282140360258675
0.15141893253043517
0.15002933220192166
0.14865248449978544
0.1472882723907502
0.14593657991557552
0.144597292179202
0.143270295340983
0.14195547660500996
0.14065272421052374
0.13936192742241418
0.1380829765218091
0.13681576279674718
0.13556017853293675
0.13431611700460147
0.1330834724654075
0.13186214013947478
0.13065201621247194
0.12945299782279154
0.12826498305280595
0.12708787092020568
0.12592156136941507
0.12476595526308687
0.1236209543736767
0.12248646137509311
0.12136237983442398
0.12024861420374106
0.11914506981197755
0.1180516528568804
0.11696827039703833
0.11589483034398106
0.114831241454351
0.11377741332214913
0.11273325637104863
0.1116986818467822
0.11067360180959739
0.10965792912678095
0.1086515774652537
0.10765446128423156
0.10666649582795384
0.1056875971184803
0.10471768194855202
0.10375666787451851
0.10280447320933082
0.10186101701559756
0.10092621909870468
