0.11653089935563793
0.11761004109757084
0.11869917273666757
0.11979838665232945
0.12090777607475237
0.12202743509411963
0.12315745866708086
0.12429794262568827
0.12544898368476254
0.12661067944991294
0.12778312842601036
0.12896643002543906
0.13016068457590188
0.13136599332898422
0.13258245846856287
0.133810183119452
0.13504927135580075
0.13629982820947517
0.1375619596790936
0.13883577273898867
0.140121375347494
0.14141887645612133
0.1427283860190454
0.1440500150013498
0.14538387538900926
0.14673008019751535
0.14808874348130507
0.14945998034377567
0.15084390694569777
0.15224064051604247
0.15365029936066008
0.15507300287218842
0.15650887154048476
0.15795802696154648
0.1594205918485542
0.16089669004106993
0.16238644651565362
0.1638899873960665
0.16540743996341853
0.1669389326669667
0.1684845951340016
0.17004455818121078
0.17161895382472253
0.17320791529113452
0.17481157702841027
0.17643007471700892
0.17806354528036505
0.17971212689666496
0.18137595900978193
0.18305518234060977
0.1847499388983728
0.18646037199246387
0.18818662624383495
0.18992884759660877
0.19168718333032234
0.19346178207108697
0.1952527938044724
0.1970603698866301
0.19888466305749067
0.2007258274523242
0.20258401861424738
0.20445939350728679
0.20635211052792676
0.20826232951883725
0.2101902117809666
0.21213592008679788
0.21409961869335645
0.2160814733549914
0.21808165133685287
0.2201003214280404
0.22213765395527935
0.22419382079598657
0.22626899539245085
0.2283633527651474
0.23047706952649266
0.23261032389522004
0.23476329570991428
0.23693616644383936
0.23912911921823063
0.24134233881760195
0.24357601170368873
0.2458303260300638
0.2481054716569803
0.25040164016619065
0.2527190248757904
0.25505782085480533
0.25741822493927025
0.25980043574647665
0.2622046536909734
0.2646310809997009
0.2670799217277382
0.2695513817736882
0.2720456688957751
0.2745629927276868
0.27710356479434256
0.27966759852819584
0.282255309285537
0.28486691436250977
0.28750263301190876
0.2901626864594946
0.2928472979207054
0.29555669261759027
0.29829109779538904
0.30105074273973065
0.3038358587937139
0.30664667937496026
0.3094834399931905
0.31234637826736866
0.315235733943367
0.31815174891160203
0.3210946672247018
0.32406473511542483
0.3270622010146137
0.3300873155690462
0.33314033165985546
0.33622150442060506
0.33933109125578037
0.3424693518591008
0.3456365482322023
0.34883294470310405
0.3520588079451694
0.35531440699590894
0.35860001327568053
0.36191590060707823
0.36526234523383516
0.36863962584003984
0.3720480235695037
0.3754878220452109
0.37895930738851014
0.38246276823900294
0.3859984957739937
0.3895667837283338
0.3931679284139576
0.3968022287401676
0.40046998623307006
0.4041715050559973
0.40790709202947334
0.41167705665120846
0.4154817111164807
0.41932137033835737
0.4231963519678376
0.42710697641463935
0.43105356686716356
0.43503644931326313
0.43905595256066055
0.44311240825741377
0.44720615091278637
0.45133751791741283
0.45550684956449294
0.45971448907004286
0.4639607825936846
0.4682460792595235
0.4725707311766554
0.47693509346003354
0.48133952425104903
0.4857843847383599
0.4902700391786252
0.49479685491697706
0.49936520240804144
0.50397545523616
0.5086279901363048
0.5133231870145502
0.5180614289684538
0.5228431023077144
0.5276685965745196
0.5325383045636761
0.5374526223430809
0.5424119492737749
0.547416688030099
0.5524672446194282
0.5575640284023594
0.5627074521121714
0.5678979318744896
0.5731358872268123
0.5784217411377627
0.5837559200262331
0.5891388537804176
0.5945709757765568
0.6000527228974707
0.605584535551181
0.61116685768884
0.6168001368227688
0.6224848240442534
0.6282213740408141
0.6340102451136156
0.6398518991940223
0.6457468018605901
0.651695422355033
0.6576982335983047
0.6637557122061651
0.6698683385045099
0.6760365965439981
0.682260974114803
0.6885419627604531
0.6948800577915342
0.7012757582987954
0.7077295671658684
0.7142419910814364
0.7208135405509682
0.7274447299076957
0.7341360773234238
0.7408881048182944
0.7477013382703974
0.7545763074243211
0.7615135458994412
0.7685135911971972
0.7755769847079808
0.782704271716883
0.789896001409168
0.7971527268745557
0.804475005110846
0.8118633970267416
0.8193184674436045
0.8268407850965727
0.8344309226344386
0.8420894566188007
0.8498169675219047
0.8576140397238304
0.8654812615080961
0.8734192250566212
0.8814285264432311
0.8895097656259581
0.8976635464381912
0.9058904765785668
0.9141911675993012
0.9225662348934902
0.9310162976805887
0.9395419789907926
0.948143905647603
0.9568227082489864
0.9655790211468506
0.9744134824248625
0.9833267338745125
0.9923194209694651
1.0013921928379317
1.0105457022332534
1.0197806055025576
1.0290975625532526
1.038497236817515
1.0479802952146973
1.057547408111354
1.0671992492791862
1.0769364958504097
1.0867598282709414
1.0966699302508467
1.1066674887123646
1.1167531937352904
1.1269277384995082
1.1371918192248653
1.1475461351079803
1.1579913882562667
1.1685282836187187
1.1791575289136496
1.189879834553109
1.2006959135640516
1.2116064815059793
1.222612256385095
1.2337139585648116
1.2449123106725628
1.2562080375026239
1.2676018659152193
1.2790945247313783
1.290686744623653
1.3023792580026003
1.314172798898846
1.3260681028405659
1.338065906726387
1.3501669486934318
1.3623719679805124
1.3746817047862983
1.387096900122235
1.3996182956602337
1.412246633574879
1.424982656380005
1.4378271067595345
1.4507807273925506
1.463844260772102
1.4770184490180214
1.4903040336832187
1.5037017555535517
1.5172123544409857
1.530836568969877
1.544575136356218
1.5584287921797306
1.5723982701484873
1.5864843018560812
1.6006876165309218
1.6150089407777035
1.629448998310624
1.6440085096783965
1.6586881919806071
1.6734887585754643
1.6884109187785272
1.703455377552299
1.7186228351865112
1.733913986968731
1.749329522845335
1.7648701270722744
1.7805364778557438
1.7963292469823215
1.812249099438395
1.8282966930186513
1.844472677923406
1.8607776963445093
1.8772123820395303
1.893777359894128
1.9104732454721687
1.927300644553462
1.9442601526588192
1.9613523545621983
1.978577823789627
1.9959371221047022
2.0134307989803415
2.03105939105658
2.048823421584116
2.0667233998532653
2.084759820608269
2.10293316344636
2.1212438922016563
2.1396924543133413
2.15827928017799
2.177004782485757
2.1958693555401214
2.214873374560949
2.234017194970579
2.253301151662628
2.272725558253367
2.2922907063152573
2.3119968645925097
2.3318442781982593
2.351833167793321
2.3719637287460125
2.3922361302729906
2.4126505145608257
2.433206995867963
2.4539056596070035
2.4747465614069735
2.495729726155409
2.516855147020022
2.5381227844497913
2.559532565155265
2.581084381067928
2.6027780882783835
2.624613505953366
2.646590415231236
2.6687085580960472
2.6909676362299075
2.713367309843671
2.7359071964857913
2.7585868698293488
2.7814058584372576
2.8043636445054854
2.8274596625844772
2.8506932982787547
2.8740638869247244
2.89757071224682
2.9212130049920817
2.9449899415434198
2.968900642511539
2.992944171305983
3.017119532685379
3.041425671287274
3.065861470137862
3.090425749141897
3.115117263553425
3.1399347024275257
3.1648766870537886
3.189941769371993
3.21512843037058
3.2404350784686584
3.2658600478822053
3.291401596975318
3.3170579065972157
3.3428270784061347
3.368707133180839
3.394696009120983
3.420791560137326
3.446991554133101
3.4732936712776623
3.499695502273921
3.5261945466208813
3.5527882108728286
3.579473806896864
3.606248550130311
3.633109557839968
3.660053847384974
3.687078334485364
3.714179831498311
3.741355045704385
3.7686005776060036
3.7959129192406316
3.823288452511107
3.8507234475359198
3.8782140610220823
3.90575633466355
3.9333461935681915
3.9609794447164632
3.988651775455069
4.0163587520289905
4.0440958181554425
4.071858293643445
4.099641373062772
4.127440124466299
4.155249488169749
4.183064275593134
4.2108791681682565
4.238688716316702
4.266487338503052
4.29426932036809
4.322028813946849
4.349759836976685
4.377456272300478
4.405111867370304
4.432720233857114
4.460274847371868
4.487769047304003
4.51519603678294
4.542548882768605
4.569820516277072
4.597003732747402
4.624091192555978
4.651075421684692
4.677948812549306
4.704703624994575
4.731331987462629
4.757825898341151
4.784177227498076
4.81037771800934
4.8364189880864
4.862292533210134
4.887989728477706
4.913501831169015
4.938819983539169
4.9639352158434376
4.988838449601001
5.013520501103638
5.037972085175446
5.062183819189381
5.08614622734637
5.109849745222313
5.1332847245882265
5.156441438508357
5.179310086720873
5.201880801305292
5.224143652640492
5.2460886556567345
5.267705776384584
5.288984938803233
5.309916031990156
5.330488917573403
5.350693437487338
5.370519422031878
5.389956698234672
5.408995098514904
5.427624469646613
5.445834682018655
5.463615639187541
5.480957287718504
5.497849627309258
5.514282721189812
5.530246706790855
5.545731806672061
5.56072833970059
5.575226732468997
5.589217530940522
5.60269141230863
5.615639197056377
5.62805186120001
5.639920548699918
5.6512365840207055
5.661991484821013
5.672176974752279
5.681784996344344
5.690807723954565
5.699237576755716
5.707067231736707
5.714289636688866
5.720898023149274
5.726885919271421
5.7322471625923
5.736975912663871
5.741066663515787
5.7445142559152504
5.747313889388914
5.749461133970885
5.750951941640104
5.751782657409727
5.751950030030521
5.751451222269905
5.7502838207278515
5.748445845150796
5.745935757204551
5.742752468667412
5.738895349004906
5.734364232288053
5.7291594234176895
5.723281703618199
5.71673233516501
5.7095130653114285
5.701626129381825
5.693074252999777
5.68386065342165
5.673989039948146
5.663463613388586
5.652289064555262
5.64047057176779
5.6280137973503885
5.614924883108085
5.601210444771147
5.586877565400592
5.571933787751214
5.556387105592519
5.5402459539918585
5.523519198568228
5.5062161237294465
5.4883464199097745
5.469920169829399
5.45094783380179
5.431440234119337
5.411408538552218
5.39086424299994
5.369819153339377
5.348285366517503
5.3262752509411655
5.303801426220409
5.280876742325654
5.257514258222712
5.233727220053112
5.209529038930268
5.184933268424891
5.159953581815546
5.134603749182391
5.108897614423783
5.0828490722769075
5.056472045424303
5.029780461768667
5.002788231958218
4.97550922724438
4.947957257752514
4.920146051244801
4.892089232452495
4.863800303052064
4.835292622356818
4.806579388792112
4.777673622218238
4.748588147160702
4.719335577002924
4.689928299191058
4.660378461495273
4.6306979593659126
4.600898424416999
4.570991214063207
4.540987402329963
4.510897771849894
4.480732807052156
4.45050268854449
4.420217288681492
4.389886168305914
4.359518574643544
4.329123440326208
4.298709383511451
4.268284709061906
4.237857410742251
4.207435174386692
4.17702538198556
4.146635116635587
4.116271168295017
4.085940040281586
4.055647956448969
4.025400868975309
3.9952044666959563
3.965064183911575
3.9349852096023907
3.9049724969793833
3.8750307733037106
3.8451645499067717
3.8153781323446303
3.7856756306224106
3.756060969426485
3.726537898304828
3.697110001738756
3.6677807090523955
3.638553304109612
3.6094309347516793
3.580416621932627
3.5515132685131716
3.52272366767795
3.49405051094482
3.4654963957390534
3.4370638325091964
3.4087552513654544
3.380573008225343
3.3525193904553188
3.3245966220008407
3.2968068680010214
3.2691522388876635
3.2416347939718713
3.2142565445247255
3.187019456361737
3.159925451943716
3.132976412009487
3.1061741767586333
3.079520546604745
3.0530172825220263
3.026666106010042
3.0004686987033415
2.9744267016542016
2.9485417143181687
2.9228152932732656
2.8972489507046033
2.8718441526868426
2.846602317297409
2.8215248125935655
2.796612954486331
2.7718680045440647
2.7472911677578833
2.7228835903003867
2.6986463573081063
2.6745804907169393
2.6506869471783485
2.6269666160824654
2.6034203177124953
2.5800488015527936
2.5568527447708496
2.5338327508912437
2.5109893486772408
2.4883229912332614
2.4658340553390414
2.443522841023741
2.4213895713857814
2.3994343926616577
2.377657374544599
2.3560585107515073
2.334637719834317
2.3133948462297997
2.2923296615397373
2.271441866031472
2.250731090347186
2.2301968974086255
2.2098387845026255
2.1896561855316823
2.169648473412763
2.1498149626068135
2.1301549117609095
2.1106675264445625
2.091351961961632
2.0722073262192597
2.053232682635566
2.034427053068205
2.0157894207464633
1.997318733190355
1.9790139051010252
1.960873821207719
1.942897339057769
1.9250832917371457
1.9074304905103967
1.889937727370127
1.8726037774874535
1.8554274015562497
1.8384073480252787
1.8215423552137016
1.8048311533066557
1.7882724662288463
1.7718650133952747
1.7556075113393
1.739498675219204
1.7235372202054124
1.707721862751281
1.6920513217510809
1.6765243195894761
1.6611395830872404
1.6458958443484224
1.6307918415144385
1.6158263194308484
1.6009980302326614
1.586305733854077
1.5717481984685802
1.5573242008651933
1.543032526766529
1.528871971094155
1.5148413381864838
1.5009394419741566
1.4871651061176188
1.4735171641112341
1.4599944593580054
1.4465958452185934
1.433320185038063
1.4201663521534165
1.4071332298846735
1.3942197115119968
1.3814247002410371
1.3687471091584267
1.35618586117913
1.3437398889871037
1.3314081349705265
1.319189551152697
1.3070830991195082
1.295087749944282
1.2832024841106
1.2714262914336891
1.2597581709808012
1.2481971309909385
1.2367421887942396
1.2253923707312577
1.2141467120723068
1.2030042569370496
1.1919640582144309
1.1810251774830376
1.1701866849319764
1.1594476592823035
1.148807187709055
1.1382643657638916
1.1278182972983921
1.1174680943880058
1.107212877256656
1.0970517742020205
1.086983921521477
1.0770084634387116
1.0671245520309975
1.0573313471571362
1.0476280163860472
1.03801373492602
1.0284876855546068
1.0190490585491658
1.0096970516180284
1.0004308698323068
0.9912497255583296
0.9821528383906856
0.9731394350858927
0.9642087494966729
0.9553600225068251
0.9465925019667019
0.9379054426292784
0.9292981060868011
0.9207697607080247
0.9123196815760255
0.9039471504265774
0.8956514555871027
0.8874318919161776
0.8792877607435972
0.8712183698109838
0.8632230332129464
0.8553010713387804
0.8474518108146958
0.8396745844465813
0.8319687311632954
0.82433359596047
0.8167685298448366
0.8092728897790632
0.8018460386270918
0.7944873450999835
0.7871961837022577
0.7799719346787266
0.7728139839618113
0.7657217231193483
0.7586945493028734
0.7517318651963752
0.7448330789655254
0.7379976042073735
0.731224859900498
0.7245142703556224
0.7178652651666814
0.7112772791623324
0.704749752357919
0.6982821299078696
0.6918738620585374
0.6855244041014678
0.6792332163270992
0.672999763978889
0.6668235172078553
0.6607039510275409
0.654640545269391
0.6486327845385348
0.642680158169978
0.6367821601851983
0.6309382892491319
0.6251480486275635
0.6194109461449011
0.6137264941423438
0.6080942094364261
0.6025136132779493
0.5969842313112884
0.5915055935340692
0.5860772342572177
0.5806986920653797
0.5753695097776949
0.5700892344089392
0.5648574171310214
0.5596736132348296
0.5545373820924323
0.5494482871196238
0.5444058957388164
0.5394097793422672
0.5344595132556486
0.5295546767019511
0.5246948527657144
0.5198796283575907
0.5151085941792332
0.5103813446885023
0.5056974780649957
0.5010565961758947
0.49645830454212
0.4919022123048018
0.48738793219205645
0.4829150804860691
0.47848327699047516
0.4740921449980439
0.4697413112586602
0.4654304059475946
0.46115906263406964
0.4569269182501142
0.45273361305969934
0.4485787906281622
0.44446209779190976
0.44038318462839743
0.43634170442638615
0.43233731365647293
0.42836967194188835
0.4244384420295657
0.4205432897614734
0.41668388404621276
0.41285989683087254
0.4090710030731457
0.40531688071370114
0.4015972106488064
0.39791167670320476
0.39425996560324084
0.39064176695023023
0.38705677319407605
0.3835046796071284
0.37998518425827993
0.37649798798730244
0.3730427943794181
0.3696193097401047
0.3662272430701294
0.36286630604081466
0.35953621296953114
0.35623668079541226
0.3529674290552947
0.3497281798598801
0.3465186578701118
0.3433385902737722
0.34018770676229426
0.33706573950778285
0.3339724231402509
0.3309074947250617
0.32787069374058075
0.32486176205602907
0.32188044390954307
0.3189264858864351
0.31599963689765137
0.31309964815843044
0.3102262731671563
0.3073792676844046
0.3045583897121826
0.3017633994733597
0.298994059391285
0.29625013406959405
0.29353139027219916
0.2908375969034654
0.2881685249885656
0.2855239476540181
0.2829036401084032
0.28030737962325386
0.2777349455141246
0.2751861191218338
0.27266068379387604
0.270158424866007
0.26767912964399765
0.2652225873855536
0.26278858928240345
0.2603769284425476
0.25798739987267494
0.2556198004607369
0.2532739289586815
0.2509495859653498
0.248646573909525
0.2463646970331378
0.2441037613746296
0.2418635747524621
0.23964394674878484
0.2374446886932482
0.2352656136469649
0.23310653638662274
0.2309672733887389
0.22884764281405925
0.22674746449210448
0.22466655990585374
0.22260475217656983
0.2205618660487664
0.21853772787531012
0.21653216560265914
0.2145450087562409
0.2125760884259604
0.2106252372518415
0.20869228940980358
0.20677708059756505
0.20487944802067654
0.20299923037868534
0.20113626785142374
0.19929040208542292
0.1974614761804551
0.1956493346761956
0.19385382353900776
0.19207479014885223
0.19031208328631138
0.188565553119738
0.1868350511925183
0.18512043041045215
0.18342154502925176
0.18173825064215243
0.1800704041676368
0.17841786383727481
0.17678048918367215
0.1751581410285296
0.17355068147081454
0.1719579738750384
0.1703798828596415
0.1688162742854874
0.16726701524446003
0.16573197404816542
0.16421102021673992
0.16270402446775847
0.16121085870524446
0.1597313960087833
0.15826551062273309
0.15681307794553467
0.15537397451912183
0.15394807801842644
0.15253526724098004
0.15113542209661335
0.14974842359724624
0.14837415384677574
0.14701249603105374
0.14566333440795695
0.14432655429755045
0.14300204207233883
0.14168968514760696
0.14038937197185192
0.13910099201730008
0.13782443577051143
0.13655959472307244
0.13530636136237184
0.1340646291624613
0.13283429257500223
0.13161524702029298
0.13040738887837916
0.12921061548024707
0.12802482509909605
0.1268499169416909
0.12568579113979586
0.12453234874168488
0.12338949170373016
0.1222571228820694
0.12113514602434813
0.12002346576153733
0.11892198759982835
0.11783061791260016
0.11674926393246042
0.1156778337433616
0.11461623627278641
0.11356438128400796
0.11252217936841899
0.11148954193793134
0.11046638121744727
0.10945261023739773
0.1084481428263494
0.10745289360368117
0.106466777972326
0.10548971211157983
0.10452161296997754
0.10356239825823324
0.10261198644224477
0.10167029673616455
0.10073724909553206
0.0998127642104695
0.09889676349894136
0.09798916910007449
0.09708990386753918
0.09619889136299284
0.09531605584958204
0.09444132228550432
0.09357461631763067
0.09271586427518484
0.0918649931634808
0.09102193065771931
0.0901866050968389
0.08935894547742576
0.08853888144767791
0.08772634330142476
0.08692126197220296
0.08612356902738524
0.08533319666236308
0.08455007769478425
0.08377414555884162
0.0830053342996148
0.08224357856746466
0.08148881361247805
0.08074097527896375
