0.1574718116922113
0.15893010029228555
0.16040188899617833
0.16188730265235954
0.16338646726226858
0.16489950998656208
0.16642655916032204
0.16796774429989514
0.1695231961161439
0.17109304652345778
0.17267742865375646
0.1742764768623754
0.17589032674548463
0.17751911514676602
0.1791629801706182
0.1808220611930144
0.1824964988740278
0.18418643516846114
0.1858920133386478
0.18761337796439648
0.18935067495811786
0.19110405157429294
0.19287365642120427
0.19465963947725476
0.1964621520986393
0.19828134703431413
0.20011737843859043
0.20197040188317153
0.20384057437032854
0.2057280543464677
0.207633001713371
0.20955557784407153
0.21149594559327914
0.2134542693131804
0.2154307148657005
0.21742544963530042
0.21943864254659803
0.22147046407247728
0.223521086253042
0.22559068270710686
0.2276794286469915
0.22978750089347036
0.231915077889755
0.23406233971597415
0.23622946810338447
0.2384166464511101
0.2406240598392854
0.2428518950445533
0.24510034055613084
0.2473695865899911
0.2496598251049295
0.2519712498182441
0.25430405622210184
0.25665844159678797
0.259034605030057
0.26143274743186895
0.2638530715494043
0.26629578198627535
0.26876108521623565
0.2712491896008431
0.2737603054074942
0.2762946448241874
0.2788524219789708
0.28143385295466095
0.2840391558081109
0.2866685505872174
0.289322259347758
0.2920005061727603
0.29470351718826765
0.2974315205832584
0.3001847466274885
0.30296342768849477
0.30576779825237693
0.3085980949401322
0.3114545565278043
0.31433742396520237
0.3172469403943182
0.320183351170059
0.3231469038775784
0.32613784835333853
0.3291564367041113
0.3322029233268703
0.33527756492906047
0.3383806205481865
0.3415123515725153
0.3446730217613105
0.3478628972650564
0.3510822466470502
0.3543313409033695
0.35761045348430553
0.36091986031547535
0.3642598398190964
0.36763067293587254
0.37103264314549184
0.3744660364899227
0.37793114159421454
0.38142824968912814
0.3849576546324787
0.3885196529335731
0.3921145437733107
0.39574262902811064
0.3994042132937434
0.4030996039055675
0.4068291109649096
0.410593047359643
0.4143917287892651
0.41822547378825553
0.42209460374954777
0.42599944294811243
0.42994031856614
0.43391756071571796
0.4379315024650872
0.4419824798610901
0.4460708319552981
0.4501969008282224
0.4543610316145287
0.4585635725275144
0.46280487488551225
0.46708529313598496
0.4714051848814456
0.4757649109060919
0.48016483519996817
0.4846053249861736
0.48908675074594377
0.49360948624630857
0.49817390856431576
0.5027803981155718
0.5074293386792512
0.5121211174259859
0.5168561249441452
0.5216347552663825
0.5264574058974455
0.531324477841227
0.536236375627615
0.5411935073407438
0.5461962846453216
0.5512451228154398
0.5563404407618592
0.5614826610594355
0.56667220997547
0.5719095174981045
0.577195017363398
0.582529147084525
0.5879123479794757
0.5933450651995013
0.5988277477575853
0.6043608485569967
0.6099448244197049
0.6155801361151253
0.6212672483886327
0.6270066299898917
0.6327987537026434
0.6386440963725522
0.6445431389362442
0.6504963664500144
0.6565042681191706
0.6625673373263224
0.6686860716601408
0.6748609729450872
0.6810925472691566
0.6873813050134744
0.6937277608804231
0.7001324339228229
0.7065958475728327
0.7131185296698368
0.7197010124895397
0.726343832772434
0.7330475317523825
0.7398126551841387
0.7466397533726721
0.7535293812004684
0.7604820981555652
0.7674984683599186
0.7745790605964327
0.7817244483369166
0.7889352097691309
0.7962119278240206
0.8035551902029336
0.8109655894035901
0.8184437227478178
0.825990192406341
0.8336056054257228
0.8412905737538172
0.8490457142649875
0.856871648785207
0.8647690041173614
0.8727384120646845
0.8807805094555358
0.888895938166577
0.8970853451461954
0.9053493824375348
0.9136887071999866
0.922103981732295
0.9305958734928454
0.9391650551207162
0.9478122044564685
0.9565380045614471
0.9653431437369709
0.9742283155426946
0.9831942188149021
0.992241557682982
1.0013710415868475
1.0105833852913855
1.0198793089028724
1.0292595378818623
1.038724803057146
1.0482758406382549
1.0579133922265656
1.067638204826576
1.0774510308547878
1.0873526281490782
1.0973437599758251
1.1074251950363885
1.1175977074729764
1.1278620768721805
1.1382190882684406
1.1486695321455678
1.1592142044372131
1.1698539065260076
1.1805894452410612
1.191421632854505
1.2023512870757351
1.2133792310450406
1.2245062933248507
1.2357333078900052
1.2470611141154164
1.2584905567628946
1.2700224859654827
1.2816577572105188
1.2933972313195568
1.3052417744279965
1.3171922579609052
1.3292495586078756
1.341414558295141
1.3536881441550996
1.3660712084945725
1.3785646487591103
1.3911693674958012
1.4038862723132475
1.4167162758387286
1.429660295672616
1.4427192543397978
1.4558940792385082
1.4691857025856614
1.4825950613595609
1.496123097238832
1.5097707565382046
1.5235389901413048
1.5374287534290036
1.5514410062052086
1.5655767126178994
1.5798368410769632
1.594222364167692
1.6087342585605062
1.6233735049161904
1.63814108778682
1.6530379955124017
1.6680652201127688
1.6832237571747852
1.6985146057347271
1.7139387681558718
1.7294972500002987
1.7451910598961653
1.7610212093992477
1.7769887128487543
1.793094587217752
1.8093398519572124
1.825725528834574
1.8422526417657488
1.8589222166407786
1.8757352811428938
1.892692864561206
1.90979599759575
1.9270457121560907
1.9444430411526947
1.96198901828006
1.979684677793019
1.997531054274672
2.0155291823963974
2.033680096669556
2.051984831188848
2.070444419366478
2.089059893657988
2.1078322852786497
2.1267626239102593
2.145851937398706
2.1651012514413357
2.1845115892643854
2.2040839712900957
2.2238194147929793
2.243718933545556
2.2637835374525324
2.2840142321740915
2.3044120187371067
2.324977893134576
2.3457128459129515
2.3666178617465663
2.3876939189999424
2.408941989276216
2.4303630369528912
2.4519580187034857
2.473727883005226
2.4956735696326717
2.5177960091366014
2.540096122307745
2.562574819625663
2.585233000691863
2.608071553646833
2.631091354571223
2.6542932668700243
2.6776781406401557
2.7012468120207727
2.725000102525583
2.748938818357765
2.773063749706203
2.797375670023163
2.821875335282945
2.84656348322126
2.871440832554668
2.8965080821800435
2.9217659103537876
2.947214973849691
2.9728559070962404
2.998689321291872
3.0247158034986206
3.050935915713428
3.0773501939167494
3.10395914709833
3.1307632562595265
3.157762973391872
3.1849587204318683
3.2123508881911627
3.2399398352621143
3.2677258868981953
3.295709333869204
3.3238904312907005
3.3522693974272313
3.3808464124697495
3.4096216172857594
3.4385951121431866
3.46776695540668
3.4971371622068363
3.5267057030813342
3.556472502588657
3.586437437893351
3.6166003373232454
3.64696097889792
3.67751908882877
3.7082743399903104
3.7392263503622694
3.770374681443242
3.8017188366346346
3.8332582595962417
3.8649923325721662
3.896920374687938
3.9290416402186312
3.961355316827843
3.9938605237782343
4.026556310113086
4.05944165280962
4.092515454904065
4.125776543588913
4.159223668282446
4.19285549867137
4.2266706227264645
4.260667544692081
4.2948446830500995
4.329200368458657
4.363732841666482
4.398440251403761
4.433320652249906
4.468372002479533
4.503592161887425
4.53897888959328
4.574529841828032
4.61024256970197
4.646114516956821
4.682143017702715
4.718325294141426
4.7546584542778785
4.791139489621017
4.827765272876305
4.864532555631421
4.9014379660371885
4.938478006485995
4.975649051289549
5.012947344358857
5.050368996888311
5.087909985046855
5.125566147678809
5.163333184017181
5.201206651412551
5.239181963080612
5.277254385871618
5.315419038065157
5.353670887194009
5.392004747900517
5.430415279829675
5.468896985562685
5.507444208595493
5.546051131366447
5.584711773337761
5.6234199891353445
5.662169466752114
5.700953725819628
5.739766115953278
5.7785998151766735
5.817447828430375
5.856302986171135
5.895157943067284
5.934005176796398
5.972836986951586
6.011645494062652
6.050422638738912
6.0891601809401195
6.127849699382746
6.166482591088254
6.205050071080905
6.243543172242183
6.2819527453294315
6.320269459166086
6.35848380101152
6.396586077117872
6.43456641348216
6.472414756801247
6.510120875638085
6.547674361806954
6.585064631986132
6.622280929565913
6.659312326740242
6.69614772685008
6.732775866986622
6.769185320862341
6.8053645019578815
6.841301666952685
6.87698491944706
6.912402213983227
6.947541360372755
6.982390028337747
7.016935752472329
7.0511659375315325
7.085067864053565
7.118628694321738
7.1518354786714635
7.184675162147669
7.217134591517265
7.249200522640964
7.280859628208114
7.312098505837676
7.342903686547805
7.3732616435958755
7.403158801690051
7.432581546572645
7.461516234974946
7.489949204942058
7.517866786525539
7.545255312840759
7.572101131484682
7.598390616308927
7.624110179541873
7.649246284252261
7.673785457145854
7.697714301685237
7.721019511521883
7.743687884227941
7.765706335314327
7.787061912519978
7.807741810355956
7.827733384886669
7.847024168728943
7.8656018862483705
7.883454468930831
7.900570070905658
7.91693708459547
7.932544156466192
7.9473802028494065
7.961434425807754
7.9746963290125885
7.987155733601969
7.998802793985452
8.009628013561143
8.019622260309061
8.028776782223813
8.03708322254852
8.044533634770808
8.051120497341028
8.056836728071755
8.0616756981773
8.065631245911067
8.068697689758407
8.070869841142256
8.072143016598655
8.072513049379406
8.071976300439175
8.070529668764848
8.06817060100544
8.064897100361579
8.060707734694645
8.05560164381665
8.049578545923424
8.042638743135178
8.034783126110314
8.026013177700348
8.016330975616038
8.005739194077224
7.994241104421522
7.981840574649892
7.968542067890106
7.954350639762392
7.939271934635036
7.923312180761134
7.906478184291694
7.888777322164002
7.870217533868263
7.8508073120997475
7.8305556923078035
7.80947224115752
7.787567043924091
7.764850690844469
7.741334262455112
7.7170293139491735
7.691947858590715
7.666102350227779
7.639505664950302
7.612171081942914
7.584112263586392
7.555343234865319
7.52587836214285
7.495732331366746
7.464920125773686
7.433457003161604
7.401358472802063
7.368640272066639
7.335318342843017
7.301408807817734
7.266927946703383
7.231892172488635
7.196318007789589
7.160222061380666
7.12362100498253
7.08653155038365
7.0489704269705
7.010954359739674
6.972500047863031
6.933624143874468
6.894343233544036
6.854673816502053
6.814632287672366
6.774234919570263
6.733497845516532
6.692437043815106
6.651068322937309
6.609407307751126
6.567469426829375
6.525269900865697
6.482823732222283
6.4401456956283445
6.397250330042968
6.354151931690726
6.310864548273163
6.267401974353648
6.223777747907515
6.180005148023918
6.136097193739864
6.092066643981226
6.047925998579512
6.003687500327336
5.959363138029442
5.914964650500126
5.87050353145203
5.825991035215307
5.781438183220383
5.7368557711721895
5.692254376838378
5.647644368369313
5.6030359130634615
5.558438986488117
5.5138633818626905
5.469318719609847
5.424814456979028
5.380359897647216
5.335964201203265
5.291636392425329
5.247385370264956
5.20321991645726
5.159148703683627
5.115180303221611
5.071323192026047
5.027585759195694
4.983976311790433
4.940503079975168
4.89717422147746
4.853997825356361
4.810981915089271
4.768134450991484
4.725463331989301
4.682976396771194
4.640681424342642
4.598586134008675
4.556698184803291
4.515025174377262
4.473574637345469
4.432354043081706
4.391370792934075
4.350632216817516
4.310145569123166
4.269918023867288
4.229956668986838
4.190268499675214
4.150860410640841
4.111739187164291
4.072911494826931
4.034383867786115
3.9961626954789633
3.9582542076490457
3.9206644576071996
3.883399303659553
3.846464388661744
3.809865117688469
3.773606633841192
3.7376937922544693
3.702131132403135
3.666922848858995
3.63207276069788
3.5975842798172186
3.5634603784917043
3.529703556571681
3.4963158088161577
3.4632985929495543
3.4306527991371305
3.398378721685081
3.3664760338824182
3.334943767004957
3.3037802945872565
3.272983323123991
3.2425498903741587
3.2124763723957033
3.182758500321154
3.153391387685358
3.1243695688276896
3.0956870485122536
3.0673373624471734
3.0393136478539575
3.011608722665383
2.9842151713494727
2.9571254348105414
2.930331901352864
2.903826995357588
2.8776032601643062
2.851653431702953
2.825970499713167
2.8005477539226415
2.775378813317728
2.750457637590392
2.7257785209251573
2.7013360694202095
2.677125164528609
2.6531409158657224
2.6293786074714784
2.605833642070827
2.582501487998066
2.559377633226132
2.5364575503896805
2.513736675861112
2.4912104049066155
2.4688741038057267
2.4467231386574917
2.424752919505859
2.40295895746631
2.381336931771801
2.359882763101237
2.338592689210933
2.3174633387483135
2.2964917991739013
2.2756756749421556
2.255013132491687
2.23450292917422
2.2141444240107533
2.1939375690910903
2.1738828814925117
2.1539813967151034
2.1342346057144246
2.1146443785361866
2.095212878205191
2.075942468807078
2.0568356216010426
2.0378948225659275
2.0191224841367417
2.0005208632088087
1.9820919869514892
1.963837587708683
1.9457590482921685
1.927857359188847
1.9101330893789428
1.892586372313662
1.8752169078757477
1.8580239797346587
1.841006485531366
1.8241629751738062
1.807491690801249
1.7909906013782393
1.7746574259831387
1.758489642895487
1.7424844862653712
1.7266389375719908
1.7109497238466558
1.6954133371197673
1.680026088331974
1.6647842033154883
1.6496839588316003
1.6347218448142142
1.6198947278503073
1.6051999840062736
1.5906355694142322
1.5762000060071026
1.5618922763909673
1.5477116423077868
1.5336574197542203
1.519728754653373
1.505924442162706
1.4922428203942308
1.478681750285711
1.4652386755203084
1.4519107474610615
1.4386950034347676
1.4255885985927494
1.4125891014874992
1.399694858726722
1.3869054070471984
1.374221866287685
1.3616472023626225
1.349186232019155
1.336845273119994
1.3246314289852126
1.312551609704254
1.3006114920375669
1.2888146539796124
1.2771620638711358
1.2656519721877255
1.2542801033756468
1.243039949859278
1.2319229845026358
1.220918731054799
1.210014802381564
1.1991971375837922
1.1884506635376622
1.1777604618621327
1.1671133051146552
1.156499245910989
1.145912888455639
1.13535405861877
1.1248277541026452
1.1143434124968237
1.103913635715663
1.0935525756014572
1.0832742627097884
1.0730912402935084
1.0630138553114135
1.0530503513060165
1.0432075186985879
1.033491292807153
1.0239066435197408
1.0144565140559931
1.0051402439787056
0.9959524022537347
0.9868828903171691
0.9779185861427918
0.9690461114256573
0.9602549518273275
0.9515402028822646
0.942904337016743
0.9343573330465017
0.9259144765948962
0.9175916465480815
0.9093991493494923
0.901336523889374
0.8933910365158328
0.8855410975983203
0.8777631887771231
0.8700388823308302
0.8623587157452468
0.8547219018503855
0.8471332189920042
0.839599077815578
0.8321237717339742
0.8247060905449319
0.8173370148631163
0.8100000585207611
0.8026750790706774
0.7953441197870764
0.7879964369668031
0.7806309079020408
0.7732561740957798
0.765889688864483
0.7585558700398827
0.7512825348341233
0.7440952426786257
0.737011092301103
0.7300355648668878
0.723165761074577
0.7163991242496974
0.7097410437609313
0.7032040343130771
0.6967981210737453
0.6905201452499428
0.684350386251991
0.6782583568143726
0.6722133578079427
0.6661937834274044
0.6601908038028197
0.6542053458275198
0.6482415288199618
0.6423016587799475
0.6363851629476658
0.6304902470967875
0.6246170088959185
0.6187714662307505
0.6129676613790127
0.6072241378475864
0.6015566342208154
0.5959742532103209
0.5904822646325337
0.5850855792071936
0.5797856024323623
0.5745722154143812
0.5694223381995943
0.5643149629070914
0.5592546121537525
0.5542769768612804
0.5494224260340025
0.5447001896636374
0.540077519185534
0.5354962445346578
0.5308939684934356
0.5262204609998815
0.5214547086407808
0.5166145306331538
0.5117426165241831
0.5068817480930427
0.5020697058245082
0.4973446480688838
0.49272967280303626
0.48821525996312787
0.48377306872831055
0.4793804877766313
0.4750274276571237
0.4707056461114038
0.4663934657724524
0.46207424450487594
0.45778202839365745
0.45359167162820124
0.44955654265151507
0.44567052122493006
0.4418691323148333
0.43806752388790965
0.4342029748550889
0.43023790367652837
0.42615328468454566
0.421967173758037
0.41775143322210784
0.41360306348306447
0.4096032655387132
0.40577466398719525
0.40204959311588534
0.39834479649988175
0.3946509132165248
0.3910024292938405
0.38741148197684067
0.3838680094759338
0.38036796013295127
0.3768960911770495
0.3734388348392995
0.37003546033626217
0.36673228887050735
0.3635244132620891
0.3604018091994342
0.3573718891938651
0.3543734647729557
0.35123662078947776
0.34785803701143825
0.34437935059099223
0.34102485452662396
0.3378364912125328
0.3347153965214202
0.3316165573100465
0.3285817447539506
0.3256583133931847
0.3228118507356911
0.3199662877600087
0.3171197692219911
0.3143323123239262
0.31157354786862046
0.30875829106256625
0.30582828516498717
0.30281491123927756
0.2999024066696742
0.29714951468149003
0.2944467335874963
0.2918167457008761
0.2892682110969736
0.28674007227188264
0.28421718108386995
0.2816114495143212
0.27897716367856795
0.27651722999629147
0.27413610212401207
0.2716036150602662
0.26889362109904685
0.266172000290057
0.26364191422460787
0.2613257148331162
0.25907520978511545
0.25672057650805113
0.2542717355238733
0.2517868550682855
0.2492658886477893
0.2469213952914512
0.24482711897162232
0.2427922086302832
0.24075107463849985
0.2386916341716867
0.23650626966660288
0.23419532351204642
0.2318765962535102
0.22957554072898564
0.22746218473385355
0.2255807926391589
0.22369157820048885
0.22169147744328987
0.2195505466472208
0.21733353961363758
0.21517057557157354
0.21317977764241472
0.2113787091873548
0.2094713655809273
0.20733127368761073
0.205373459496435
0.203681781502335
0.20191582892805063
0.20011313249258458
0.19838982244516581
0.19664287615227616
0.19468219324614164
0.19271062760416746
0.19092667922483247
0.18925450296545784
0.18758084971465316
0.18581386661076998
0.1841840703712791
0.18236002572429655
0.18061311721081336
0.1791977020638948
0.17778181797606862
0.17616523629747
0.17434322244852024
0.1724869580790792
0.170725153457319
0.1690607774952109
0.16755512142753115
0.16629792187568687
0.16507595650619208
0.1636222701797598
0.1621189255985781
0.16061494678319727
0.15905587349851003
0.1574763672417118
0.15578901744980142
0.15425332996401553
0.15298319676464361
0.15172367485525118
0.15041503409868925
0.14907301299956616
0.14769466048145447
0.14642196132465918
0.14519944664598633
0.14408116599178863
0.1427742501320719
0.1411906134718053
0.13982417490625787
0.13852720020755194
0.13720329556250027
0.13602234439792898
0.13480709486338988
0.13357328975600477
0.13242192599031205
0.13122622917177967
0.13011414480984204
0.12911736408495586
0.12767157205429172
0.12632375989220335
0.12508470906970956
0.12404302095561849
0.12293398667417839
0.12184056341672918
0.12068847781254936
0.11946366812584158
0.11842831444898619
0.117495099886841
0.11628446327750172
