0.06276628479993104
0.0633475727001847
0.06393424277556765
0.06452634482629092
0.06512392911157994
0.06572704635599085
0.06633574775050287
0.0669500849603332
0.06757011012654826
0.06819587587212002
0.0688274353053804
0.06946484202572868
0.0701081501256798
0.07075741419834436
0.07141268933972349
0.07207403115476481
0.07274149576099441
0.07341513979446267
0.07409502041209366
0.07478119530023536
0.07547372267515608
0.07617266129190504
0.07687807044616514
0.07759000998077288
0.07830854029065182
0.07903372232670361
0.07976561760335539
0.0805042882002693
0.0812497967704728
0.08200220654418618
0.0827615813344251
0.08352798554194653
0.08430148416137676
0.08508214278583709
0.08587002761257585
0.08666520544903823
0.08746774371807842
0.08827771046269298
0.0890951743533774
0.08992020469236611
0.0907528714201152
0.0915932451206657
0.09244139702849179
0.09329739903291563
0.0941613236852177
0.09503324420375299
0.09591323448097454
0.09680136908918859
0.09769772328591489
0.0986023730219258
0.09951539494461599
0.10043686640809314
0.10136686547608088
0.10230547093071887
0.10325276227770062
0.10420881975331593
0.10517372433119729
0.106147557728828
0.1071304024140714
0.10812234161226963
0.10912345931283829
0.11013384027602738
0.11115357004072023
0.11218273493040253
0.11322142206039777
0.11426971934538774
0.11532771550712868
0.11639550007968999
0.1174731634191795
0.1185607967096994
0.11965849197109753
0.12076634206624996
0.12188444070915336
0.12301288247197632
0.12415176279298952
0.12530117798475013
0.12646122524081413
0.12763200264461583
0.12881360917722326
0.13000614472494557
0.1312097100876544
0.1324244069868915
0.13365033807410945
0.1348876069390766
0.13613631811781854
0.1373965771014189
0.1386684903441712
0.13995216527223184
0.14124771029273148
0.14255523480142865
0.14387484919231824
0.14520666486617753
0.14655079423909032
0.1479073507520658
0.1492764488796839
0.15065820413888234
0.15205273309906567
0.1534601533901957
0.15488058371299876
0.1563141438477769
0.15776095466411125
0.1592211381307758
0.16069481732415342
0.16218211643944466
0.16368316079870388
0.16519807686278504
0.16672699223895793
0.16827003569244495
0.16982733715601328
0.17139902773971993
0.17298523974153066
0.17458610665769164
0.17620176319238207
0.177832345268745
0.17947799003926676
0.18113883589629573
0.18281502248233567
0.18450669070101053
0.18621398272824427
0.18793704202246025
0.18967601333597647
0.1914310427252797
0.19320227756347705
0.19498986655000897
0.19679395972240324
0.19861470846825166
0.20045226553524056
0.20230678504397304
0.2041784224983413
0.20606733479807665
0.20797368024956686
0.2098976185782948
0.21183931094030028
0.21379891993413278
0.21577660961272052
0.21777254549561775
0.2197868945808644
0.22181982535745112
0.22387150781714946
0.22594211346733353
0.22803181534285916
0.23014078801890567
0.23226920762311692
0.23441725184884518
0.23658509996674143
0.23877293283878576
0.24098093292973902
0.2432092843210055
0.2454581727231801
0.24772778548894556
0.25001831162605737
0.2523299418107051
0.25466286840041585
0.2570172854474155
0.25939338871196416
0.2617913756752157
0.2642114455533055
0.2666537993101765
0.2691186396713621
0.2716061711374567
0.2741165999977828
0.2766501343437184
0.2792069840827354
0.2817873609516367
0.2843914785310084
0.28701955225841225
0.2896717994423417
0.2923484392761507
0.2950496928521841
0.2977757831751345
0.3005269351764465
0.3033033757281514
0.30610533365684195
0.30893303975774633
0.311786726808734
0.31466662958410846
0.31757298486933533
0.3205060314743083
0.3234660102478993
0.3264531640918881
0.32946773797503554
0.33250997894700174
0.33558013615280713
0.33867846084626185
0.3418052064045178
0.34496062834165137
0.3481449843229504
0.35135853417863505
0.3546015399176481
0.3578742657418241
0.36117697805952076
0.3645099454992908
0.3678734389235213
0.37126773144253294
0.3746930984274429
0.378149817524151
0.3816381686666658
0.38515843409015377
0.38871089834442973
0.39229584830699754
0.39591357319607384
0.39956436458349015
0.4032485164073609
0.40696632498486335
0.41071808902469686
0.41450410963935747
0.41832469035760383
0.42218013713611474
0.4260707583716133
0.4299968649125299
0.4339587700704587
0.4379567896313649
0.4419912418667742
0.446062447544715
0.4501707299399983
0.45431641484506524
0.45849983057965477
0.46272130800091
0.46698118051305976
0.4712797840763562
0.4756174572163318
0.4799945410324285
0.48441137920606964
0.4888683180089854
0.49336570631058524
0.4979038955852449
0.5024832399192618
0.5071040960171962
0.5117668232077346
0.5164717834496394
0.5212193413364723
0.5260098641014191
0.530843721621439
0.535721286420874
0.5406429336743291
0.5456090412096707
0.5506199895095523
0.5556761617129243
0.5607779436158834
0.5659257236715658
0.5711198929898919
0.5763608453360347
0.5816489771287418
0.5869846874373641
0.5923683779786825
0.5978004531124539
0.6032813198365167
0.608811387780809
0.6143910692006487
0.6200207789691441
0.6257009345683868
0.6314319560801469
0.6372142661751441
0.6430482901015021
0.6489344556722646
0.6548731932515245
0.660864935739462
0.6669101185566437
0.6730091796264378
0.6791625593567938
0.6853707006203525
0.6916340487334949
0.6979530514337747
0.704328158856143
0.7107598235076987
0.7172485002407543
0.7237946462247645
0.7303987209162371
0.7370611860270622
0.7437825054917585
0.7505631454319689
0.7574035741200289
0.7643042619402883
0.7712656813487583
0.7782883068304748
0.7853726148552254
0.7925190838309556
0.7997281940552606
0.8070004276644587
0.8143362685806134
0.8217362024560602
0.8292007166158064
0.8367302999971725
0.8443254430872047
0.8519866378572892
0.8597143776952277
0.8675091573345602
0.8753714727809528
0.8833018212360342
0.8913007010176893
0.8993686114779705
0.907506052917509
0.9157135264965925
0.9239915341432069
0.9323405784577641
0.9407611626138989
0.9492537902561575
0.9578189653938286
0.9664571922909244
0.9751689753525287
0.983954819006997
0.9928152275841323
1.0017507051891945
1.010761755572748
1.0198488819959193
1.029012587091448
1.0382533727196552
1.0475717398203377
1.0569681882592612
1.0664432166699034
1.0759973222902912
1.0856310007942964
1.095344746117887
1.1051390502797054
1.1150144031962546
1.1249712924911892
1.1350102032988778
1.145131618061891
1.1553360163224378
1.1656238745073468
1.1759956657068604
1.1864518594467242
1.1969929214536243
1.2076193134136708
1.2183314927239555
1.2291299122369586
1.2400150199974627
1.2509872589722293
1.2620470667717427
1.2731948753644966
1.2844311107828892
1.2957561928214087
1.307170534726132
1.3186745428760343
1.3302686164554713
1.3419531471179722
1.3537285186409351
1.365595106571237
1.3775532778614599
1.3896033904965754
1.4017457931109918
1.41398082459575
1.42630881369556
1.4387300785956785
1.4512449264983913
1.4638536531888693
1.476556542590255
1.4893538663078523
1.502245883162128
1.5152328387104506
1.5283149647573553
1.5414924788531408
1.5547655837806331
1.5681344670299955
1.581599300261327
1.5951602387549708
1.6088174208493344
1.622570967366031
1.6364209810221764
1.6503675458298916
1.6644107264824808
1.678550567727554
1.692787093726645
1.7071203074013963
1.7215501897660357
1.736076699246176
1.7506997709837548
1.7654193161278828
1.780235221111868
1.7951473469158665
1.810155528315518
1.8252595731162262
1.8404592613730935
1.8557543445966227
1.8711445449439092
1.8866295543955192
1.9022090339180107
1.9178826126120059
1.933649886846052
1.9495104193761486
1.9654637384510703
1.9815093369036312
1.997646671227988
2.0138751606429786
2.030194186141949
2.0466030895288867
2.0631011724414146
2.079687695360584
2.096361876608009
2.113122891330343
2.1299698704716685
2.1469018997340483
2.1639180185265747
2.181017218903403
2.1981984444912874
2.2154605894069035
2.23280249716485
2.2502229595763956
2.267720715640146
2.2852944504248502
2.302942793945326
2.3206643200320762
2.338457545195561
2.356320927485829
2.3742528653485295
2.3922516964781964
2.4103156966698545
2.428443078669967
2.446631991027992
2.4648805169495294
2.483186673152498
2.50154840872761
2.519963604004475
2.5384300694248507
2.556945544424543
2.575507696325558
2.5941141192401727
2.612762332988633
2.631449782032382
2.6501738344245918
2.6689317807801274
2.6877208332668276
2.706538124620382
2.725380707184902
2.744245551981644
2.763129547808018
2.782029500369639
2.8009421314477465
2.8198640781047337
2.8387918919304997
2.857722038332381
2.8766508958716535
2.895574755649428
2.9144898207451644
2.933392205710785
2.952277936123778
2.9711429482023926
2.989983088486464
3.008794113587287
3.0275716900099505
3.046311394051876
3.065008711781114
3.083659039098176
3.102257681885104
3.1207998562456893
3.1392806888406866
3.157695217321852
3.1760383908689263
3.1943050708333653
3.2124900314929237
3.230587960921053
3.248593461975183
3.2665010534077736
3.284305171104271
3.3020001694518357
3.319580322842808
3.337039827316773
3.354372802345023
3.371573292761229
3.3886352708418346
3.405552638539873
3.4223192298754936
3.4389288134865788
3.4553750953425006
3.471651721624096
3.487752281772477
3.503670311709375
3.5193992972312786
3.5349326775794756
3.5502638491878304
3.5653861696097464
3.5802929616256787
3.5949775175318868
3.609433103611113
3.623652964785235
3.6376303294496357
3.6513584144886306
3.6648304304708192
3.678039587022689
3.690979098378382
3.703642189103052
3.7160220999865317
3.7281120941036185
3.739905463036665
3.751395533255498
3.7625756726491093
3.7734392972029
3.7839798778146108
3.794190947241363
3.8040661071695525
3.813599035398649
3.8227834931292044
3.831613332344659
3.840082503275828
3.848185061936178
3.855915177715291
3.8632671410171615
3.870235370929317
3.8768144229079162
3.8829989964634013
3.8887839428305244
3.8941642726059693
3.8991351633360676
3.903691967036643
3.9078302176263002
3.9115456382541307
3.9148341485021576
3.91769187144258
3.9201151405294103
3.9221005063038428
3.9236447428925003
3.9247448542774754
3.925398080317084
3.925601902496248
3.9253540493855015
3.9246525017878753
3.9234954975531813
3.9218815360396526
3.9198093822034363
3.9172780702970424
3.91428690715867
3.9108354750751815
3.906923634202508
3.9025515245284494
3.897719567364032
3.892428466351076
3.8866792079750616
3.8804730615740874
3.873811578836497
3.8666965927815933
3.859130216219959
3.8511148396919377
3.842653128885118
3.8337480215339745
3.824402723807174
3.814620706190633
3.804405698876831
3.7937616866735726
3.7826929034479404
3.771203826123831
3.7592991682540844
3.746983873190837
3.7342631068802086
3.721142250310025
3.707626891641571
3.693722818058694
3.6794360073697137
3.6647726193995633
3.649738987211346
3.6343416081981013
3.61858713508686
3.6024823668981716
3.586034239904996
3.569249818635393
3.55213628696351
3.5347009393331477
3.5169511721576443
3.4988944754387865
3.4805384246461
3.4618906728961485
3.4429589434692427
3.423751022698403
3.404274753262479
3.3845380279119235
3.3645487836520185
3.344314996404232
3.3238446761620217
3.303145862652661
3.2822266215116835
3.2610950409714143
3.2397592290596724
3.2182273112992323
3.1965074288931787
3.174607737375693
3.1525364057023437
3.130301615748648
3.1079115621804707
3.0853744526549627
3.0626985083061284
3.039891964465
3.0169630715605997
2.993920096144674
2.9707713219805734
2.94752505113457
2.924189605006524
2.900773325236178
2.877284574421336
2.853731736584955
2.830123217329738
2.806467443621003
2.782772863141636
2.759047943166588
2.7353011689087974
2.7115410412933683
2.687776074122431
2.6640147905992615
2.6402657191867385
2.616537388782121
2.592838323197387
2.5691770349416636
2.5455620183096594
2.522001741787426
2.4985046397937727
2.4750791037824595
2.4517334727364295
2.428476023090892
2.405314958126589
2.3822583968780515
2.359314362603952
2.336490770867261
2.313795417272061
2.2912359649011513
2.2688199314939195
2.246554676397348
2.224447387314571
2.2025050668649757
2.180734518958001
2.1591423349696495
2.1377348796970455
2.1165182770526925
2.09549839544738
2.074680832800152
2.054070901106401
2.033673610492544
2.0134936526893967
1.9935353838676018
1.973802806798888
1.9542995523378386
1.9350288602610255
1.915993559554623
1.8971960483076813
1.87863827344561
1.8603217106252463
1.842247344706775
1.8244156513151184
1.8068265800994707
1.789479540388957
1.7723733900184837
1.7555064281546178
1.7388763929795776
1.722480465085083
1.70631527738028
1.6903769322242923
1.674661026350704
1.659162683957598
1.6438765980948418
1.6287970801955098
1.6139181172798747
1.5992334360208253
1.5847365725149571
1.5704209462726486
1.5562799366435722
1.5423069596524381
1.5284955430536074
1.5148393973401133
1.5013324804763584
1.4879690542722601
1.4747437305808446
1.461651505874624
1.4486877832236726
1.4358483812378202
1.4231295301177513
1.410527855551495
1.3980403517579485
1.385664345482263
1.3733974531574444
1.361237533736955
1.3491826398575173
1.3372309700030205
1.3253808242130936
1.3136305656266298
1.301978589792281
1.2904233032399497
1.278963112316222
1.2675964227664624
1.2563216500158423
1.2451372395727742
1.2340416964562044
1.2230336220335862
1.212111756149252
1.2012750219282982
1.1905225701751447
1.1798538198807171
1.1692684910585913
1.158766626017408
1.1483485953250152
1.1380150852109265
1.1277670640540007
1.1176057269440058
1.1075324190672338
1.097548540755969
1.0876554392895554
1.0778542946959562
1.06814600857447
1.0585311060163571
1.0490096607379304
1.0395812523381418
1.0302449620667546
1.020999409744245
1.011842829830506
1.0027731796271315
0.9937882679156971
0.9848858887618479
0.9760639434922539
0.967320534537537
0.9586540181669334
0.9500630089282189
0.9415463361812956
0.9331029613689927
0.9247318721937782
0.9164319751760334
0.9082020098790606
0.9000405056257016
0.89194579477954
0.8839160864716371
0.8759495926947894
0.8680446872095067
0.860200069114864
0.852414899280094
0.8446888802974045
0.8370222591768752
0.8294157453209053
0.8218703519505116
0.8143871840749892
0.8069672073462437
0.7996110375154555
0.792318788726707
0.7850900108994416
0.7779237334323125
0.7708186164717947
0.7637731941618447
0.7567861784880189
0.7498567791582295
0.7429849860911233
0.7361717585881115
0.7294190716113738
0.7227297869242467
0.7161073455961163
0.7095553155981182
0.7030768666513336
0.6966742731956429
0.690348553554825
0.6840993310846599
0.6779249518636365
0.6718228250329976
0.6657898873549427
0.6598230568062866
0.653919547781567
0.6480769733568715
0.6422932394299381
0.6365663093716614
0.630893954525306
0.6252735903968808
0.6197022417130631
0.614176614999167
0.6086932229380417
0.6032485199339884
0.5978390589161771
0.5924617229401221
0.587114076757763
0.5817948096399491
0.5765041373484788
0.5712439695080578
0.5660176903551093
0.5608295486327924
0.5556838329055781
0.5505841092104494
0.5455327427319833
0.5405307391751015
0.5355777499288602
0.5306720323707381
0.5258102940152909
0.5209875781426755
0.5161974798372171
0.5114328826921472
0.5066871258081771
0.5019552594056537
0.49723503011794334
0.4925274600012425
0.4878371224759174
0.48317221492594586
0.4785442612635637
0.4739670490797136
0.4694545871773587
0.46501849873914725
0.4606658837777279
0.456398664298188
0.452214583298899
0.4481089409019432
0.444075755733768
0.4401077697260654
0.4361959720907894
0.4323299186049584
0.42849941447264234
0.4246967179517893
0.4209176715158114
0.41716086935131425
0.4134255188247579
0.4097096358918803
0.4060098258959882
0.40232266587163007
0.39864675729949905
0.39498438291254706
0.39134202953843106
0.3877294431943285
0.384157497423491
0.38063602510918104
0.3771730765854112
0.37377586064471047
0.370451511789578
0.3672051824516336
0.36403537159214855
0.36093004898132486
0.3578679233880412
0.35482532447612575
0.35178388858540316
0.34873298146348464
0.34566529444718447
0.3425702584857901
0.3394320732151777
0.3362354311343077
0.33297585653047307
0.3296680195321044
0.3263467429290099
0.3230599249092236
0.31985652069600057
0.31677395337813213
0.31382899981286383
0.31101586830086697
0.3083129487877304
0.30569332832204565
0.3031294184619477
0.3005894062257173
0.2980380560142956
0.29545286779474245
0.29284160501241596
0.29023412842688423
0.28765073812322717
0.2850844335690238
0.28251733765640813
0.2799434600185338
0.277366897558682
0.274787912056869
0.2722044787417464
0.26962535839798507
0.2670711587041158
0.264558313615333
0.26208455248370444
0.2596349834662877
0.2572034242984211
0.2548009930974691
0.2524416181996159
0.25012805914857655
0.2478538659372013
0.2456122389418893
0.24340576360993824
0.24124547398528498
0.23912450447188557
0.23699919115321044
0.23482191749457781
0.23259259593790566
0.23036473745874497
0.22820005666019585
0.22611206141787335
0.22405409337755477
0.2219743946628169
0.21987574656372735
0.21780890008116904
0.21581978083252937
0.21391230829609653
0.21204451563093554
0.2101483255887816
0.20818145823371645
0.20617664793049273
0.204210584122215
0.20233733650310512
0.2005812921878893
0.1989393542786985
0.1973589592682547
0.19576090941603005
0.19409204094261992
0.19235245557487063
0.19059056862008528
0.18885499472444695
0.18714031651066648
0.18542184338768536
0.18372231071492928
0.18204935075034157
0.18034804347052172
0.17859762419059297
0.1768514103833415
0.17517720357687241
0.1736083026995413
0.17214850805450363
0.17074358295443845
0.16926997575299954
0.16766714926569484
0.16603267932605792
0.1645018214507317
0.16312103128985955
0.16185358737209976
0.1605622633864282
0.15912538833140946
0.15756196470524728
0.1559823355916253
0.1544608668761179
0.15302511406192928
0.15167247050305827
0.15031017784064019
0.14887018944338595
0.14743375431449277
0.1460388408381514
0.14460869491768194
0.1432019759250591
0.1419457074772309
0.14078142782868902
0.1396196167284053
0.13834161594301878
0.1368572002792727
0.13539267828797824
0.13414774919463815
0.1330788462933437
0.13198543407068503
0.13073085085160932
0.1294549553174712
0.1282940042148394
0.12718433134588655
0.12605057885157087
0.12490803750430479
0.12379840660638396
0.1227447237584613
0.12178325145053405
0.12081440926637317
0.11974966984701756
0.11855903581762235
0.11724393697953094
0.11594089263789789
0.11479391733226932
0.1138080040839729
0.1128487084608001
0.11183687547257208
0.11081130009282622
0.10980498171506788
0.10883927048469647
0.10789440316027639
0.10691929158900729
0.1059303962945032
0.10490498497794645
0.10389768143570406
0.10293838728264601
0.10208702807059171
0.10120239167127204
0.1002306116463908
0.0992723828068756
0.09839737221906819
0.09748578125950384
0.09661205141246318
0.09574559077316853
0.09497022511277196
0.09419831714106262
0.09330647437084903
0.0924323902001573
0.09157352377719491
0.09067151667283561
0.08967846625575421
0.0887381525133539
0.08801568154375626
0.08734706555885667
0.08658264633515977
0.08585249340693858
0.08508836304746559
0.08416256596905544
0.0833133036253274
0.08265231070590938
0.08202232842940661
0.08137810665361471
0.08065578689442614
0.07986758751967468
0.07901218258353213
0.07821427005409655
0.07752803587452638
0.0768385429780658
0.07607334902907942
0.07534029791874654
0.07463247905747915
0.07409492381741012
0.07351726362812568
0.07282548598099156
0.0721355064488807
0.07150106517614024
0.07089918560624586
0.07010431925873112
0.06944135685743391
0.06875195064258437
0.06818701051724013
0.06759196404216121
0.06703768201837539
0.06647580837449525
0.06578917148378732
