0.20864969084772858
0.2105818837899959
0.21253196297305266
0.21450009377810564
0.2164864431127028
0.21849117942040625
0.22051447269762522
0.22255649450668785
0.22461741798937543
0.2266974178818905
0.2287966705303768
0.23091535390488055
0.2330536476136158
0.23521173291720845
0.2373897927454232
0.23958801171111765
0.24180657612757564
0.24404567402140692
0.24630549514866737
0.2485862310110053
0.2508880748710809
0.2532112217715393
0.25555586854496476
0.2579222138350581
0.26031045811264264
0.26272080368962175
0.2651534547381216
0.26760861730503865
0.270086499332411
0.27258731067096753
0.2751112630991018
0.27765857033955116
0.28022944807863964
0.28282411398197554
0.2854427877127563
0.2880856909496312
0.29075304740766206
0.2934450828518989
0.29616202511811635
0.29890410413251095
0.3016715519296144
0.3044646026700537
0.30728349266110966
0.31012846037575653
0.3129997464713877
0.3158975938092218
0.3188222474763522
0.32177395480166693
0.3247529653796282
0.32775953108854927
0.33079390611112086
0.3338563469556223
0.33694711247591
0.34006646389287837
0.34321466481503915
0.34639198126041015
0.3495986816771813
0.352835036965963
0.35610132050131343
0.3593978081527749
0.36272477830839855
0.36608251189641905
0.3694712924067691
0.3728914059156954
0.3763431411070354
0.3798267892965661
0.38334264445203614
0.3868910032208856
0.39047216495040044
0.394086431713234
0.3977341083309029
0.40141550239726237
0.4051309243036302
0.4088806872616655
0.41266510733044753
0.4164845034396631
0.4203391974154117
0.4242295140033132
0.4281557808979051
0.4321183287635186
0.4361174912639793
0.4401536050864122
0.4442270099685888
0.44833804872320276
0.4524870672666856
0.45667441464525854
0.4609004430610039
0.4651655078999811
0.4694699677588094
0.47381418447280615
0.47819852314273587
0.4826233521638703
0.487089043252962
0.4915959714770322
0.49614451528160985
0.5007350565197771
0.5053679804796121
0.5100436759159855
0.5147625350767718
0.5195249537332001
0.5243313312106641
0.5291820704170402
0.5340775778729262
0.5390182637422539
0.5440045418623042
0.5490368297741094
0.5541155487534226
0.5592411238414071
0.5644139838751839
0.5696345615208958
0.5749032933023938
0.5802206196360121
0.585586984859114
0.5910028372642284
0.5964686291301787
0.6019848167550121
0.6075518604887294
0.6131702247640664
0.6188403781317207
0.6245627932918438
0.630337947127171
0.6361663207374244
0.6420483994712398
0.647984672961099
0.6539756351561526
0.6600217843563312
0.6661236232472022
0.6722816589327603
0.6784964029710072
0.6847683714073108
0.6910980848097128
0.6974860683040097
0.7039328516071004
0.7104389690635006
0.7170049596797042
0.7236313671589676
0.7303187399373815
0.7370676312190014
0.7438785990110162
0.7507522061593437
0.7576890203848704
0.7646896143175272
0.7717545655346049
0.7788844565945556
0.7860798750733138
0.7933414136003799
0.8006696698954128
0.8080652468032351
0.8155287523301047
0.8230607996807027
0.8306620072926792
0.8383329988735655
0.8460744034370954
0.8538868553387057
0.8617709943116634
0.8697274655028318
0.8777569195090207
0.8858600124127671
0.8940374058173699
0.9022897668835012
0.9106177683647179
0.9190220886420357
0.9275034117602143
0.9360624274624799
0.9446998312261615
0.9534163242963652
0.9622126137226222
0.9710894123916964
0.980047439062225
0.989087418399744
0.9982100810097924
1.0074161634711338
1.0167064083698054
1.026081564331947
1.0355423860562256
1.0450896343462301
1.054724076142875
1.0644464845552097
1.0742576388925675
1.0841583246944968
1.0941493337614887
1.1042314641853088
1.1144055203773362
1.1246723130981062
1.1350326594853801
1.1454873830819436
1.1560373138626914
1.1666832882610203
1.1774261491949747
1.1882667460917509
1.1992059349127127
1.210244578176725
1.2213835449829806
1.2326237110330913
1.243965958652339
1.2554111768102276
1.2669602611386264
1.2786141139516085
1.2903736442619158
1.3022397677974211
1.314213407016651
1.326295491122124
1.3384869560740509
1.3507887446013618
1.3632018062123326
1.37572709720349
1.3883655806672686
1.4011182264985818
1.413986011398959
1.4269699188801106
1.4400709392655782
1.4532900696904982
1.4666283141000378
1.480086683245625
1.4936661946798138
1.5073678727490614
1.521192748584289
1.5351418600897122
1.5492162519297394
1.5634169755128122
1.577745088974389
1.592201657156516
1.6067877515850322
1.6215044504450602
1.6363528385533008
1.6513340073276492
1.666449054754692
1.6816990853534237
1.6970852101367846
1.7126085465703542
1.7282702185271845
1.7440713562398726
1.7600130962493445
1.776096581350154
1.7923229605322342
1.8086933889191594
1.8252090277025912
1.8418710440727863
1.8586806111452163
1.8756389078833082
1.892747119016344
1.9100064349539432
1.9274180516951842
1.9449831707338558
1.9627029989580551
1.9805787485463076
1.9986116368570879
2.016802886314337
2.035153724287064
2.0536653829636253
2.0723390992206245
2.0911761144852696
2.110177674592903
2.129345029637329
2.148679433815451
2.168182145265176
2.187854425896837
2.2076975412173425
2.2277127601482367
2.247901354835073
2.2682646004509075
2.2888037749908015
2.309520159059463
2.3304150356502915
2.351489689916348
2.372745408932575
2.3941834814498724
2.415805197639423
2.4376118488283476
2.459604727225777
2.4817851256394756
2.504154337181706
2.526713654966196
2.5494643717934085
2.5724077798256357
2.59554517025138
2.618877832937687
2.6424070560717148
2.6661341257898
2.6900603257946387
2.714186936960332
2.738515236923863
2.763046499664302
2.7877819950683382
2.81272298848162
2.837870740246995
2.863226505227515
2.8887915323152282
2.9145670639243884
2.9405543354699857
2.9667545748299227
2.9931690017909003
3.019798827478608
3.0466452537699755
3.0737094726890573
3.100992665784731
3.12849600349042
3.156220644465563
3.184167734917974
3.2123384079073847
3.2407337826287237
3.269354963675694
3.2982030402838567
3.327279085552809
3.356584155646665
3.386119288973129
3.415885505340258
3.445883805090492
3.4761151682115345
3.5065805534237207
3.537280897243573
3.5682171130225386
3.5993900899610924
3.630800692097285
3.6624497572698673
3.694338096054412
3.726466490673514
3.7588356938790897
3.791446427807593
3.824299382806701
3.857395216233716
3.890734551224838
3.924317975434944
3.958146039747578
3.99221925695442
4.02653810040438
4.061103002620855
4.095914353887956
4.130972500804362
4.166277744804838
4.201830340649001
4.237630494876599
4.273678364229661
4.309974054040157
4.346517616583826
4.383309049399191
4.420348293571673
4.457635231982442
4.495169687522031
4.532951421267806
4.570980130626025
4.609255447437054
4.647776936045004
4.686544091330308
4.725556336706072
4.764813022077507
4.804313421764869
4.844056732389423
4.884042070723062
4.924268471500774
4.9647348851972
5.005440175766404
5.046383118345436
5.087562396922523
5.128976601969039
5.1706242280366865
5.212503671319646
5.254613227182744
5.296951087655411
5.339515338892966
5.382303958605263
5.425314813453673
5.468545656417455
5.511994124130118
5.555657734186922
5.599533882424799
5.643619840175689
5.687912751494546
5.732409630363809
5.777107357875245
5.822002679391343
5.8670922016877265
5.912372390078274
5.9578395655254806
6.0034899017374235
6.049319422254224
6.095323997525854
6.141499341984354
6.187841011112348
6.234344398511584
6.281004732973594
6.327817075556228
6.374776316668935
6.421877173170475
6.469114185482541
6.516481714723132
6.563973939863661
6.611584854914023
6.65930826613975
6.707137789316031
6.755066847023148
6.803088665988523
6.851196274480098
6.899382499756789
6.947639965581401
6.995961089801593
7.0443380820054
7.092762941256715
7.141227453917941
7.189723191565835
7.238241509007784
7.286773542405341
7.3353102075123795
7.383842198035444
7.432359984123836
7.4808538109976475
7.529313697721467
7.577729436132586
7.626090589931872
7.674386493946221
7.722606253571649
7.770738744405797
7.818772612079499
7.866696272296817
7.914497911092852
7.962165485319605
8.009686723369382
8.057049126145925
8.104239968293383
8.151246299693375
8.198054947240266
8.244652516905216
8.291025396099108
8.337159756344988
8.383041556270028
8.428656544927685
8.473990265460019
8.51902805911033
8.56375506959627
8.60815624785308
8.652216357156698
8.6959199786361
8.739251517183979
8.782195207774661
8.82473512219765
8.866855176214862
8.908539137149248
8.949770631911848
8.990533155474001
9.030810079790559
9.070584663179629
9.109840060163481
9.14855933177452
9.18672545632957
9.224321340674598
9.261329831901486
9.29773372953699
9.33351579820348
9.368658780749694
9.403145411848554
9.436958432058157
9.470080602340554
9.502494719031601
9.534183629254073
9.56513024676441
9.59531756822239
9.624728689871105
9.653346824613378
9.681155319468857
9.708137673394681
9.734277555450463
9.759558823287126
9.783965541936874
9.80748200288021
9.830092743363808
9.85178256594138
9.872536558207841
9.89234011269527
9.911178946897282
9.92903912338678
9.945907069990158
9.961769599979448
9.976613932242051
9.990427711386282
10.003199027739278
10.014916437192342
10.025568980847506
10.035146204417726
10.043638177332022
10.05103551149574
10.057329379655322
10.062511533316073
10.06657432016095
10.069510700917794
10.071314265622346
10.071979249224162
10.071500546482776
10.0698737261018
10.067095044049127
10.063161456012319
10.058070628939147
10.051820951614676
10.044411544227604
10.035842266880486
10.02611372700041
10.015227285608871
10.00318506241227
9.989989939676995
9.975645564856242
9.960156351938744
9.94352748149321
9.925764899385802
9.906875314151925
9.886866193007588
9.865745756489867
9.843522971720377
9.820207544290104
9.795809908768652
9.770341217845633
9.743813330116676
9.716238796531377
9.68763084552532
9.658003366863122
9.627370894224162
9.59574858656741
9.5631522083163
9.529598108409067
9.49510319826426
9.459684928715255
9.423361265971431
9.386150666667463
9.348072052065415
9.309144781477592
9.269388624980774
9.228823735495178
9.187470620303435
9.145350112086863
9.102483339557823
9.058891697767972
9.014596818173137
8.969620538535938
8.92398487274736
8.877711980648213
8.830824137930922
8.78334370620101
8.735293103276609
8.686694773802573
8.63757116025414
8.587944674402902
8.537837669315376
8.487272411952091
8.436271056432025
8.384855618024229
8.333047947925271
8.280869708877542
8.22834235167981
8.175487092637706
8.12232489199766
8.068876433403867
8.015162104413397
7.96120197810055
7.907015795776854
7.8526229508488266
7.7980424738312575
7.743293018529293
7.688392849398378
7.633359830087174
7.578211413164654
7.522964631029061
7.467636087993613
7.412241953541123
7.356797956737892
7.301319381796229
7.245821064774508
7.190317391404423
7.1348222960366385
7.079349261698896
7.023911321264277
6.968521059732203
6.9131906176307245
6.857931695555338
6.802755559867061
6.747673049580573
6.692694584481386
6.637830174518808
6.583089430528986
6.528481576348075
6.474015462379933
6.4196995806842345
6.3655420816494725
6.311550792309643
6.2577332363531655
6.204096655857136
6.150648034758287
6.0973941240440475
6.044341468612407
5.991496435707495
5.9388652447894055
5.886453998642155
5.834268715463298
5.782315361614156
5.730599884641955
5.679128246116755
5.627906453758606
5.5769405922669115
5.5262368522073935
5.475801556264997
5.425641182137258
5.375762381325154
5.326171993080101
5.276877052789613
5.227884794132688
5.179202644410494
5.130838212560068
5.082799269488078
5.035093720518006
4.987729569924727
4.94071487773296
4.894057709176007
4.847766077443044
4.801847880581082
4.756310833654186
4.711162397489682
4.666409705550695
4.622059490657949
4.578118013432486
4.534590994436843
4.491483552047362
4.448800148087915
4.406544543189006
4.364719763701668
4.32332808178901
4.282371010037843
4.241849311578431
4.201763026274238
4.16211151304938
4.122893507866897
4.084107196266061
4.045750298725771
4.0078201664623725
3.9703138846168464
3.9332283791673426
3.8965605233512806
3.8603072389357505
3.8244655873775986
3.789032845809191
3.754006562916011
3.7193845901770866
3.6851650846489035
3.6513464805052807
3.617927427897572
3.5849066993456273
3.552283065756346
3.520055146208714
3.488221237725864
3.456779133232008
3.4257259375988003
3.395057892944137
3.364770224981117
3.334857022070423
3.3053111575892777
3.2761242642364397
3.2472867659644287
3.218787969476415
3.190616212851457
3.16275906416861
3.1352035583691285
3.1079364564640835
3.080944508020811
3.054214696079367
3.0277344436196296
3.001491762654882
2.9754753310331825
2.9496744879437653
2.924079146593187
2.8986796309642764
2.8734664522507143
2.848430048601751
2.8235605183079007
2.798847380661258
2.7742793997477695
2.7498445039481463
2.7255298278505746
2.701321893906121
2.6772069391649795
2.653171378836606
2.629202384485127
2.6052885417866034
2.581420542286165
2.557591856660363
2.5337993344494834
2.510043677496571
2.4863297413812755
2.4626666305022935
2.439067567316486
2.415549533498016
2.3921326991880236
2.3688396747256433
2.3456946358870234
2.322722387244725
2.2999474372434197
2.277393161356505
2.2550811246966984
2.2330306215058133
2.2112584656406264
2.1897790344343084
2.1686045309215447
2.1477453912569584
2.127210732024734
2.107008713876554
2.0871467008822964
2.0676311238821787
2.0484670109741847
2.029657222657483
2.0112015099732043
1.9930955829804933
1.9753304142922348
1.9578919920805877
1.940761672191311
1.923917166678114
1.90733406789965
1.8909876765369282
1.874854815365527
1.858915298026366
1.8431527950688422
1.8275549850585124
1.8121130590314756
1.796820809184386
1.781673625193817
1.7666677105650932
1.751799716262496
1.7370668053624037
1.722466973483337
1.7079993247494187
1.693663993011028
1.6794615149829946
1.6653916712837395
1.6514520410882614
1.6376366806035412
1.6239353659418003
1.610333711461163
1.5968142155245775
1.5833579773694952
1.5699465785948943
1.5565635299801626
1.5431948046974824
1.5298282989188348
1.5164524910950503
1.5030549650057
1.4896216567016793
1.476137561312259
1.4625891710542251
1.4489682235025894
1.435275657471804
1.4215243004853337
1.4077389879325046
1.393953592611966
1.3802056035103456
1.3665299662295123
1.3529543416207555
1.3394974135093516
1.3261704963805345
1.3129810896710297
1.2999360932897017
1.2870428016187176
1.2743074626479194
1.2617331840877977
1.2493199037560625
1.2370680591613936
1.2249847762296904
1.2130885196126133
1.2014074229521985
1.1899692225364598
1.1787859668454819
1.167841444400074
1.157090003257384
1.1464704756475597
1.1359302476014204
1.1254472473798185
1.115037083403246
1.1047403768732231
1.0945973932822866
1.0846253902268865
1.0748121746706005
1.0651275994346496
1.0555413113480046
1.0460305318634282
1.0365704488460052
1.02711564468559
1.0175909395063758
1.007905042910781
0.9979836738347558
0.9878038582936853
0.9774103468809375
0.9669086775413787
0.9564450782516419
0.9461877528894133
0.9363148495011829
0.9270020385564903
0.9183999243198588
0.9106013246560117
0.9036112104187972
0.8973352809886029
0.8915935096220234
0.8861514474353803
0.880756402039793
0.8751705308181611
0.8692003102781406
0.862722667116143
0.8557021724315067
0.8481894178241866
0.8402954176687609
0.8321493007250207
0.8238574571720286
0.8154826293458456
0.8070499789419487
0.7985712572401072
0.7900680922257123
0.7815783466070119
0.7731451626883873
0.7648049621214519
0.7565906457635445
0.74854605202949
0.7407301645299679
0.7331996146452738
0.7259856760353485
0.7190899105752918
0.7124989886707852
0.7061980416748334
0.7001719655276668
0.6944013604305309
0.6888515866976549
0.6834482426670145
0.6780676046696159
0.6725874751339304
0.6669707996505903
0.6612814590042984
0.6555987431057616
0.6499276186122116
0.6442049128335823
0.6383862007761166
0.6325212753115036
0.6267440663175877
0.6211849334732648
0.6158973715191361
0.6108631058666093
0.6060241466421545
0.6012894596963967
0.5965540245946445
0.5917365331910326
0.5867808927974716
0.5816315573249042
0.5762275954829595
0.5705243823453857
0.5645454803574087
0.5584092767343626
0.5522598139269846
0.5461881779000517
0.5402474484873425
0.5344921167127084
0.5289953861892616
0.5238608603051618
0.5191609131888055
0.514865619296098
0.5109114298489509
0.5072334917112541
0.5036051084700394
0.4996118662717054
0.4950114133161361
0.49006922737604813
0.48531823068004304
0.4809839298689943
0.47684880286490805
0.47264387336195296
0.46837590250450517
0.46427336089338467
0.4604773730570003
0.45684833713438017
0.45309270712892413
0.44896525166354617
0.44439648565181433
0.43961715941230683
0.43505361375917867
0.43084336210037383
0.4267672567336035
0.42281733817957845
0.4191879022170098
0.415872247032185
0.4126542126601357
0.4091735895921107
0.40531474298369596
0.4014820531121346
0.3979665207744123
0.39441313244468534
0.3903141363271034
0.38574574812898826
0.3813022316132131
0.3775487671892319
0.3746428821710295
0.3721095960919709
0.36953523887215195
0.3671402110251271
0.36498151278098545
0.36254128620020676
0.35934217981622524
0.3556202789510141
0.3517339480448864
0.34778633854858493
0.34397737572078907
0.34034547647956775
0.3367928954370321
0.33342921354257515
0.3304299306712451
0.3278778364376328
0.3255895089588253
0.3229134897613991
0.3195188492560753
0.31597159992821683
0.3128905891637399
0.3099417749489951
0.306731295217626
0.30363313543875475
0.3007074026258292
0.298006749743214
0.29566112129636873
0.2936245002835973
0.2912236437257259
0.28852902336056113
0.2858683396732916
0.2831224301100041
0.2804435896579635
0.27772874210279175
0.27481387249327166
0.271533238105362
0.2684658405098094
0.26616484526735396
0.2645329277981571
0.26263054143953957
0.2603197669790512
0.25759680804937674
0.2549309821418182
0.25314487130832786
0.25133410536740003
0.24882175020224997
0.2464226895720294
0.2441087356299525
0.2423030223553164
0.24081268719398474
0.23876126065606199
0.2358240521384672
0.23306487290766423
0.23101482004822355
0.2295271753689497
0.22815837508636277
0.22567448306485222
0.22284409061031105
0.22062865453164804
0.21894986490345184
0.2171365237416863
0.21480978310562307
0.21254572288352877
0.21076805373510352
0.2093857389679356
0.20760592627751437
0.20497976648911462
0.2022837203259013
0.20023605185135018
0.19919065953872866
0.19772030045515288
0.1961524490857422
0.19425104153505884
0.19175352554351222
0.19010916477007483
0.18872003032497656
0.18711091240308864
0.1861811147761252
0.1844317458167372
0.18229422792474714
0.17972611100281966
0.17719524946224938
0.1760688846361143
0.17496167477236144
0.17340521533664557
0.17163357191722384
0.17000940701029132
0.16913713694260907
0.16754989231077952
0.1657574262783787
0.1643319380268654
0.16265174424209994
0.16115974513206557
0.16021566489535452
0.15809357946574282
0.15617224452172832
0.15495367220544817
0.15347070863054857
0.1521958418302662
0.15087406703689876
0.1500314059415986
0.14944952407769113
0.14716505833900873
0.1446004713867531
0.14403739041769845
0.14255894597542634
0.1409761360147435
0.14002323246055884
0.1388471711966141
0.13764353867291246
0.13639594008801245
