0.0956402049613558
0.0965259247151094
0.09741984485887244
0.09832204125415363
0.099232590461135
0.10015156974712695
0.10107905709173136
0.10201513119484999
0.10295987148118944
0.10391335810910185
0.10487567197645552
0.10584689472574084
0.10682710875443917
0.10781639721796009
0.10881484403991198
0.10982253391741753
0.11083955232723335
0.11186598553559106
0.1129019206034774
0.11394744539338372
0.11500264857913264
0.11606761965031714
0.11714244892162491
0.11822722754034337
0.11932204749250905
0.12042700161152296
0.12154218358718187
0.122667687970448
0.1238036101841695
0.12495004652909819
0.1261070941929646
0.12727485125766752
0.12845341670884708
0.1296428904418417
0.13084337327248724
0.132054966943748
0.1332777741344763
0.13451189846806325
0.13575744452127517
0.13701451783255914
0.13828322491049838
0.1395636732436627
0.1408559713076947
0.14216022857593044
0.1434765555277968
0.14480506365796533
0.14614586548507622
0.14749907456123634
0.148864805482489
0.15024317389591632
0.15163429651166904
0.1530382911101937
0.15445527655377136
0.15588537279534867
0.15732870088840664
0.158785382996845
0.16025554240530937
0.16173930352888866
0.16323679192326312
0.16474813429548016
0.16627345851388692
0.16781289361797672
0.1693665698301543
0.1709346185654162
0.17251717244152961
0.1741143652920069
0.17572633217385714
0.17735320938144372
0.17899513445494017
0.18065224619424067
0.18232468466696217
0.1840125912228925
0.18571610850274334
0.18743538045169086
0.18917055232992205
0.190921770723813
0.19268918355907913
0.19447294011172137
0.19627319102024382
0.19809008829722666
0.1999237853425489
0.2017744369544099
0.20364219934266645
0.20552723014032706
0.20742968841720355
0.20934973469180052
0.21128753094367442
0.21324324062745517
0.2152170286848961
0.2172090615579128
0.21921950720226044
0.22124853510028597
0.22329631627404647
0.22536302329976177
0.22744883032008828
0.2295539130588717
0.23167844883397398
0.23382261657163578
0.2359865968202633
0.23817057176452314
0.24037472523929826
0.24259924274434097
0.24484431145818042
0.24711012025289836
0.24939685970840464
0.2517047221273722
0.2540339015500995
0.2563845937685481
0.2587569963426673
0.26115130861388675
0.263567731722174
0.2660064686194993
0.26846772408616076
0.2709517047461756
0.27345861908311797
0.2759886774549761
0.27854209211078684
0.28111907720610435
0.2837198488193571
0.2863446249674418
0.28899362562236214
0.2916670727273891
0.2943651902135172
0.29708820401573116
0.29983634208981674
0.302609834429389
0.30540891308193563
0.308233812166395
0.3110847678899641
0.3139620185649698
0.3168658046262491
0.3197963686485476
0.32275395536368995
0.3257388116781713
0.3287511866906882
0.33179133170987435
0.3348595002717736
0.33795594815811675
0.34108093341390744
0.344234716365729
0.3474175596392983
0.3506297281781386
0.3538714892617942
0.3571431125241632
0.3604448699714428
0.3637770360014115
0.36713988742119874
0.37053370346662795
0.3739587658205412
0.37741535863147657
0.3809037685328488
0.38442428466158596
0.3879771986772917
0.39156280478115163
0.39518139973501065
0.39883328288055064
0.40251875615844845
0.4062381241277815
0.4099916939848489
0.41377977558292267
0.4176026814516136
0.42146072681579394
0.42535422961553165
0.4292835105253417
0.43324889297348784
0.4372507031616239
0.4412892700841893
0.44536492554831125
0.44947800419252903
0.4536288435071436
0.45781778385286764
0.46204516848132915
0.4663113435534426
0.47061665815969833
0.47496146433919695
0.4793461170991102
0.48377097443409495
0.48823639734532126
0.4927427498603768
0.49729039905146255
0.5018797150554263
0.506511071092427
0.5111848434847521
0.5159014116760254
0.5206611582496767
0.525464468948013
0.530311732690156
0.5352033415912555
0.5401396909800621
0.5451211794176488
0.5501482087149147
0.5552211839509964
0.5603405134905006
0.5655066090010454
0.5707198854708113
0.5759807612254138
0.5812896579448212
0.586647000679782
0.5920532178689304
0.5975087413540664
0.6030140063964732
0.6085694516925506
0.614175519388796
0.6198326550971935
0.6255413079096102
0.6313019304120322
0.6371149786987916
0.6429809123858687
0.6489001946244157
0.6548732921129417
0.6609006751104554
0.6669828174476286
0.673120196538695
0.6793132933921855
0.6855625926213194
0.6918685824542816
0.6982317547430822
0.7046526049726267
0.711131632268899
0.7176693394065972
0.7242662328158799
0.7309228225888033
0.7376396224847269
0.7444171499354628
0.7512559260489979
0.7581564756133016
0.7651193270983424
0.7721450126582643
0.7792340681318755
0.7863870330427486
0.793604450598337
0.8008868676877772
0.8082348348792812
0.8156489064157986
0.8231296402104015
0.8306775978398059
0.8382933445373619
0.8459774491844513
0.8537304843010148
0.861553026034351
0.8694456541472443
0.8774089520040967
0.8854435065562807
0.8935499083255718
0.901728751386236
0.9099806333458373
0.9183061553241756
0.9267059219307343
0.9351805412402396
0.9437306247669799
0.952356787436746
0.9610596475572866
0.9698398267867918
0.9786979501003518
0.9876346457544771
0.9966505452494829
1.0057462832897701
1.01492249774176
1.0241798295897786
1.0335189228894124
1.0429404247184644
1.0524449851255768
1.0620332570759663
1.071705896394956
1.0814635617083848
1.0913069143803908
1.1012366184484803
1.1112533405551641
1.1213577498772642
1.1315505180512138
1.1418323190959105
1.1522038293319101
1.16266572729696
1.173218693658624
1.1838634111227941
1.1946005643386368
1.2054308397999371
1.2163549257422697
1.227373512036154
1.2384872900762591
1.2496969526663435
1.2610031938995916
1.2724067090347215
1.283908194367538
1.2955083470973425
1.307207865189129
1.3190074472303093
1.3309077922825157
1.3429095997281937
1.3550135691117906
1.3672203999753836
1.3795307916887007
1.3919454432733562
1.4044650532211747
1.417090319306242
1.429821938390934
1.4426606062253629
1.455607017240334
1.4686618643336888
1.4818258386494039
1.495099629350061
1.5084839233817802
1.5219794052317959
1.5355867566786165
1.5493066565342246
1.5631397803783629
1.5770868002847485
1.5911483845389343
1.6053251973476381
1.619617898539347
1.6340271432560676
1.6485535816358292
1.6631978584860647
1.6779606129473348
1.6928424781472153
1.7078440808445121
1.7229660410631078
1.7382089717154694
1.7535734782155035
1.7690601580807497
1.7846696005233151
1.8004023860296854
1.8162590859289125
1.8322402619491607
1.8483464657622282
1.864578238515776
1.8809361103533397
1.8974205999213236
1.9140322138633798
1.9307714463014247
1.9476387783033031
1.9646346773367935
1.981759596709739
1.9990139749959275
2.0163982354468226
2.033912785388284
2.0515580156028634
2.0693342996966257
2.0872419934507374
2.1052814341575767
2.1234529399407527
2.141756809059357
2.1601933191956104
2.1787627267261973
2.197465265976803
2.21630114845956
2.2352705620934312
2.2543736704071105
2.2736106117242767
2.2929814983311827
2.312486415626004
2.332125421250204
2.3518985442014215
2.371805783927795
2.3918471094035767
2.4120224581860676
2.4323317354532956
2.4527748130226943
2.4733515283506837
2.494061683512675
2.5149050441638146
2.535881338480202
2.556990256080578
2.5782314469283856
2.5996045202143385
2.6211090432193385
2.642744540157761
2.6645104910014137
2.686406330283884
2.708431445885578
2.73058517779961
2.752866816878512
2.7752756035620973
2.7978107265867185
2.8204713216758437
2.843256470212824
2.8661651978954863
2.889196473373398
2.91234920686797
2.9356222487758834
2.959014388256291
2.9825243518023887
3.006150801797734
3.0298923350581637
3.053747481359835
3.077714701954058
3.1017923880698226
3.1259788594048104
3.150272362605617
3.1746710697384466
3.199173076750978
3.2237764019265938
3.248478984332289
3.2732786822611075
3.298173271670744
3.32316044461949
3.348237807700957
3.373402880479245
3.3986530939259776
3.42398578886091
3.449398214398106
3.4748875263992165
3.5004507859360547
3.5260849577643865
3.5517869088111413
3.57755340667727
3.6033811181585254
3.629266607786716
3.655206336393845
3.681196659701949
3.707233826941174
3.7333139794991586
3.759433149604579
3.7855872590479374
3.811772117942894
3.8379834235312655
3.8642167590353034
3.8904675925606833
3.9167312760538096
3.943003044317345
3.96927801408766
3.9955511831783532
4.021817429693782
4.04807151131696
4.074308064676011
4.100521604793666
4.126706524624359
4.152857094683382
4.17896746277306
4.205031653810546
4.231043569762231
4.25699698968975
4.282885569912613
4.308702844292591
4.334442224645064
4.360097001282561
4.385660343695817
4.411125301377569
4.436484804794649
4.46173166651352
4.486858582484808
4.511858133492128
4.536722786770579
4.5614448978002295
4.586016712279849
4.610430368286166
4.63467789862369
4.658751233370192
4.682642202622772
4.706342539449259
4.729843883049589
4.7531377821316365
4.776215698505724
4.799069010901868
4.821689019013536
4.844066947771449
4.866193951850655
4.888061120413793
4.9096594820930655
4.930980010213178
4.952013628256951
4.972751215575031
4.993183613340548
5.013301630749117
5.033096051464135
5.0525576403066115
5.071677150188377
5.090445329286756
5.1088529284582815
5.126890708888191
5.144549449971957
5.1618199574242105
5.178693071609737
5.195159676090417
5.211210706381243
5.2268371589076095
5.242030100155327
5.256780676003854
5.271080121232428
5.284919769187804
5.298291061601453
5.311185558543078
5.323594948496412
5.33551105854231
5.346925864633217
5.357831501942114
5.368220275268133
5.378084669480161
5.387417359978739
5.396211223155774
5.404459346830684
5.412155040640757
5.419291846362728
5.425863548141847
5.431864182603962
5.4372880488255255
5.4421297181358685
5.446384043725477
5.4500461700336995
5.453111541888768
5.45557591337292
5.457435356385026
5.458686268873201
5.45932538270977
5.459349771181121
5.458756856065208
5.457544414269811
5.455710584005137
5.453253870464963
5.450173150991219
5.446467679697857
5.4421370915307765
5.437181405741805
5.431601028755987
5.425396756412877
5.4185697755641495
5.4111216650114615
5.403054395770539
5.394370330649226
5.385072223129574
5.3751632155461415
5.364646836555131
5.353526997891426
5.341807990413153
5.3294944794361285
5.316591499363196
5.303104447616322
5.2890390778821805
5.274401492684806
5.259198135301839
5.243435781043764
5.227121527918455
5.210262786706177
5.192867270472965
5.174942983553059
5.156498210033655
5.137541501777665
5.11808166602266
5.0981277525961985
5.077689040789805
5.056775025935674
5.0353954057316805
5.013560066361591
4.991279068458491
4.96856263296017
4.945421126905696
4.921865049222678
4.897905016554527
4.873551749176718
4.848816057050229
4.823708826059447
4.798241004480436
4.772423589723868
4.746267615395152
4.719784138712092
4.692984228318086
4.665878952526441
4.638479368028567
4.6107965090960334
4.582841377303585
4.554624931797158
4.526158080127957
4.497451669670709
4.4685164796412025
4.439363213725467
4.410002493330143
4.380444851461147
4.350700727235267
4.320780461027184
4.29069429025241
4.260452345784916
4.2300646490064615
4.199541109483412
4.168891523265347
4.138125571798597
4.107252821446654
4.076282723608074
4.045224615421208
4.014087721043375
3.982881153490342
3.9516139170196425
3.9202949100384923
3.8889329285139063
3.8575366698586393
3.826114737262037
3.7946756444297636
3.763227820690369
3.731779616420151
3.70033930873071
3.6689151073558937
3.6375151606669958
3.6061475617369116
3.574820354366029
3.5435415389748415
3.5123190782611604
3.4811609025135826
3.4500749144677076
3.419068993587892
3.3881509996554464
3.357328775544016
3.3266101490649445
3.2960029337697314
3.2655149286030847
3.2351539163089047
3.2049276605022063
3.17484390133286
3.144910349681233
3.115134679841467
3.085524520664758
3.0560874451519915
3.026830958502425
2.997762484642269
2.9688893512737584
2.940218773501579
2.9117578361093814
2.8835134745744435
2.855492454924019
2.827701352552502
2.800146530135174
2.7728341147920124
2.745769974674716
2.7189596951718364
2.692408554950813
2.6661215020816362
2.640103130514225
2.614357657209181
2.588888900247862
2.5637002582708086
2.5387946916107085
2.5141747054949475
2.4898423356903536
2.465799136946784
2.442046174564358
2.4185840193605666
2.3954127462480734
2.372531936553031
2.349940684110331
2.3276376050709366
2.305620851253272
2.2838881267728888
2.2624367076001395
2.241263463631887
2.220364882827171
2.1997370969530063
2.1793759085166333
2.1592768185230247
2.1394350547849244
2.1198456006169772
2.1005032238512706
2.081402506202019
2.06253787306414
2.043903623837149
2.025493962809063
2.007303030508377
1.9893249352378024
1.9715537842549777
1.9539837137877698
1.9366089168013727
1.9194236672166105
1.9024223391634723
1.8855994198903163
1.8689495151779278
1.8524673465540276
1.8361477402695243
1.8199856088551298
1.8039759270658817
1.7881137050492757
1.772393962520539
1.7568117084595172
1.741361931218518
1.7260396038254326
1.7108397085935796
1.6957572838752402
1.680787493956272
1.6659257207992328
1.651167673794655
1.6365095111323815
1.621947964156674
1.6074804544274737
1.593105192449759
1.578821247351375
1.5646285782711553
1.5505280208070322
1.5365212253619989
1.5226105482723131
1.5087989007654077
1.495089564590902
1.4814859861410967
1.4679915626733817
1.4546094346755383
1.4413422974869812
1.4281922432199234
1.4151606411963533
1.4022480620030235
1.389454247332082
1.3767781253688027
1.36421786975799
1.3517709990324056
1.3394345125053628
1.3272050575730636
1.3150791217188706
1.3030532400364123
1.2911242059156662
1.279289269220927
1.267546303779458
1.2558939254578536
1.2443315446053576
1.2328593428077959
1.2214781735371907
1.210189398206566
1.1989946811811336
1.1878957766561373
1.176894344175928
1.1659918259063893
1.155189407100291
1.1444880630777206
1.133888675101916
1.1233921788279193
1.1129996978510162
1.1027126153182094
1.0925325498951648
1.082461226307993
1.0725002594320965
1.0626508965257415
1.0529137768276664
1.0432887661714427
1.0337749061077621
1.0243704873193145
1.0150732251190233
1.0058804909798391
0.9967895460914618
0.9877977326612232
0.9789026007958365
0.9701019728686291
0.9613939621854953
0.9527769621625135
0.9442496083079374
0.9358106986689058
0.9274590533291258
0.9191933101327494
0.911011690710827
0.902911812752244
0.8948906467930575
0.88694469638875
0.8790704128249571
0.8712647569634564
0.8635257303482777
0.855852661019928
0.8482460772226875
0.840707130944894
0.833236700299864
0.8258344370527737
0.8184980692036651
0.8112231910749995
0.8040036024604035
0.7968320688592188
0.7897012542562241
0.7826045807449353
0.7755368837529765
0.7684948814676186
0.7614775630266328
0.7544865614054002
0.7475264359573601
0.7406046457252136
0.7337309644976434
0.7269162262977598
0.7201705439676338
0.7135013849820024
0.706911995122968
0.7004005916873671
0.6939605542505223
0.6875816074933341
0.6812517740488137
0.6749596997931366
0.6686968549773716
0.6624591556897552
0.6562477586246446
0.6500690604276965
0.6439340790546366
0.6378572820704573
0.6318546945197563
0.6259411267433104
0.6201268501931835
0.6144147832822489
0.6087995745190703
0.6032693620774813
0.5978096498636774
0.5924075945099668
0.5870549405812454
0.5817488853653037
0.576491359983182
0.5712875779636405
0.566144166651055
0.5610666888094514
0.5560567488060595
0.5511099021594682
0.5462159986499838
0.5413624798519074
0.5365391435954522
0.5317417749380706
0.5269729931367974
0.5222407669396686
0.5175560645227609
0.5129300485258039
0.5083698997588965
0.5038733207810846
0.49942466539649555
0.49499683662591376
0.4905601790055841
0.48609488105204846
0.4816011061409192
0.4771020434957497
0.472637302699631
0.4682473315895125
0.4639548984975273
0.4597541309810023
0.4556149826159248
0.4515009894017097
0.44738920324614395
0.4432808204951856
0.43919777123377696
0.4351682945101212
0.43120998769434127
0.4273203273709691
0.4234796625238384
0.41966233637202
0.41584748106764824
0.4120263463700409
0.4082073006783446
0.4044152601663943
0.40068059212257845
0.3970220487015664
0.3934355510591894
0.38989629783248847
0.38637439497902804
0.3828545928654807
0.3793412747902625
0.3758442901285456
0.3723682946981221
0.36891767035294787
0.36549971521392466
0.3621205875680073
0.358787527651716
0.3555112244335083
0.35229663242490195
0.34913508764958884
0.34600929950688797
0.34290617519616046
0.33982691714481256
0.3367799338254538
0.33376429639459204
0.33077146848570366
0.32779795436565656
0.32484575589907144
0.3219147940281707
0.31899267537260356
0.31605590985992016
0.3130996082807072
0.31016036855797674
0.3072921232066956
0.3045159516913707
0.30179221206270457
0.29904761223789156
0.2962406100261169
0.2934005184917917
0.2905979183114855
0.2878720754404156
0.2852000885191142
0.28255458080969414
0.2799546913314831
0.27742497416870054
0.2749348728828642
0.2724228896788436
0.26987655781065123
0.2673445737309465
0.2648901535511584
0.26253997957069686
0.2602421985226996
0.2579222099323469
0.25558299257277406
0.2532818322932908
0.2510360103490736
0.2488073734997632
0.2465680929977369
0.24435380819490468
0.24217909477773852
0.23999196971254802
0.2377624466758468
0.23548672182610428
0.2331744581842152
0.23087303520607091
0.22863639610956613
0.226509984719725
0.22454743943659847
0.22269150886437467
0.22077286992692238
0.21874135163911165
0.21667437167365453
0.21457719802159952
0.2124654308995399
0.21043700563422432
0.20852448251791686
0.20669012132729386
0.20490275661670698
0.20314330883905288
0.20137072037570194
0.19961188132963453
0.1979012721540097
0.1961386555598317
0.19422945846171966
0.1922845755139957
0.1904959225987109
0.18883020578440746
0.18713628276936445
0.18541841706064266
0.18374213222696736
0.18211261462244385
0.1804980518470459
0.17883552326534913
0.1771000895297467
0.17543558681004429
0.1739517017286241
0.1725526127085502
0.17104226680934284
0.16933932684452227
0.16755302181523293
0.16590417732226503
0.1644483030040527
0.16306800613523592
0.16169663443997537
0.16031487188609578
0.15893390983288577
0.15753063103789988
0.15613122956294878
0.15468141968138688
0.1532780213263269
0.15193285818531366
0.15055120377030853
0.14916371723843555
0.147718953643663
0.14618395787094243
0.14470126616595366
0.14339798395022965
0.14218722555742416
0.14093217298435995
0.13965895739601383
0.1383174720314347
0.13688119107887253
0.1354741636916475
0.1342701624538883
0.13320079790793007
0.13208166378946262
0.13093609503881998
0.12976323785855123
0.12850600492654077
0.12721158523580808
0.12600782778442637
0.12492445949569453
0.12398575929325331
0.12290662153306392
0.12160009427913439
0.12033634692239259
0.11929487021732844
0.11831531863619775
0.11721912498587787
0.11599462754115424
0.1148645509640965
0.11384182021139083
0.11283010216381878
0.11187896265640071
0.11083194985257995
0.1099195638208358
0.10905467543953064
0.10812500689109028
0.10701493591744592
0.10580138989273008
0.10479789343245047
0.10376000695857435
0.10284461189395035
0.10178494205518959
0.10086164383368665
0.10018454393915754
0.09932072356733489
0.09836686187776565
0.09754015992557559
0.09668411502092701
0.09561300912971035
0.0946459650520422
0.09385920975921405
0.09309269514062503
0.09228343394810451
0.09151548114542285
0.09061698697827565
0.08969369543710316
0.08884024766312892
0.0880914549795571
0.08733654553801555
0.08655748286597362
0.08580786316175538
