0.07895628752834224
0.07968750769334138
0.08042549807331896
0.08117032130496735
0.08192204060357217
0.08268071976748258
0.0834464231843735
0.08421921583671715
0.08499916330481068
0.08578633177539051
0.08658078804675856
0.08738259953114402
0.08819183426484127
0.0890085609108401
0.089832848765528
0.0906647677646665
0.09150438848885761
0.0923517821700683
0.09320702069637989
0.0940701766194131
0.09494132315910186
0.09582053421031572
0.09670788435071667
0.09760344884331552
0.09850730364581849
0.09941952541541078
0.10034019151660928
0.10126938002596923
0.10220716973961388
0.10315364017946796
0.10410887160023007
0.10507294499550494
0.10604594210466742
0.10702794542040972
0.10801903819393976
0.10901930444395704
0.11002882896208517
0.1110476973202217
0.11207599587842304
0.1131138117906164
0.11416123301323967
0.11521834831156261
0.11628524726774139
0.11736202028755435
0.1184487586081971
0.1195455543055866
0.12065250030333656
0.12176969037734875
0.1228972191671754
0.12403518218103936
0.12518367580480314
0.12634279731061995
0.12751264486322467
0.12869331752943575
0.12988491528583498
0.13108753902652776
0.13230129057232665
0.13352627267798253
0.1347625890416115
0.1360103443128962
0.13726964410117737
0.13854059498431792
0.13982330451800018
0.14111788124395092
0.14242443469825336
0.1437430754212596
0.14507391496673794
0.14641706590949127
0.14777264185595917
0.14914075745305594
0.15052152839684366
0.15191507144285
0.15332150441467368
0.15474094621433315
0.15617351683105324
0.1576193373516027
0.15907852997009025
0.160551217996935
0.16203752586973058
0.16353757916316658
0.16505150459864298
0.16657943005420817
0.1681214845761974
0.16967779838843186
0.17124850290197344
0.17283373072793012
0.17443361568537205
0.1760482928137189
0.17767789838352224
0.17932256990582723
0.18098244614458667
0.18265766712721312
0.1843483741554017
0.1860547098165069
0.18777681799487184
0.18951484388295903
0.19126893399294687
0.19303923616827778
0.19482589959504243
0.19662907481422642
0.19844891373238438
0.20028556963491448
0.20213919719699772
0.20400995249586612
0.20589799302330233
0.2078034776973846
0.20972656687513402
0.21166742236461678
0.21362620743774977
0.2156030868425926
0.21759822681627966
0.21961179509761827
0.2216439609398401
0.22369489512370178
0.22576476997055728
0.22785375935523217
0.22996203871936513
0.23208978508474173
0.2342371770667161
0.2364043948873647
0.23859162038941606
0.24079903704977107
0.24302682999295336
0.2452751860055446
0.24754429354943505
0.2498343427763129
0.2521455255414619
0.2544780354179687
0.2568320677112121
0.25920781947272986
0.26160548951513757
0.2640252784265449
0.26646738858481506
0.26893202417250284
0.2714193911918001
0.273929697478862
0.2764631527194665
0.27901996846316246
0.2816003581390246
0.2842045370705183
0.28683272249077657
0.28948513355818684
0.29216199137125193
0.29486351898468705
0.2975899414242336
0.3003414857030585
0.3031183808369565
0.3059208578601526
0.3087491498412551
0.3116034918990752
0.3144841212187554
0.3173912770673409
0.32032520081051746
0.3232861359280853
0.32627432803062933
0.3292900248755901
0.3323334763837095
0.3354049346549856
0.33850465398566737
0.34163289088450216
0.3447899040888141
0.347975954581753
0.3511913056082562
0.3544362226921113
0.3577109736523528
0.36101582862016446
0.36435106005515777
0.3677169427628935
0.37111375391059814
0.3745417730448788
0.378001282108075
0.3814925654549144
0.3850159098697928
0.3885716045829959
0.3921599412879736
0.3957812141580108
0.399435719862755
0.40312375758539015
0.4068456290390999
0.4106016384839799
0.41439209274342914
0.4182173012212082
0.42207757591773887
0.42597323144675503
0.4299045850518969
0.4338719566230734
0.4378756687128608
0.441916046552962
0.44599341806990844
0.4501081139020925
0.4542604674150702
0.45845081471774163
0.46267949467829467
0.4669468489397851
0.4712532219357553
0.4755989609058966
0.4799844159110429
0.48440993984863867
0.4888758884674107
0.49338262038253944
0.49793049709016135
0.5025198829816869
0.5071511453583843
0.5118246544451635
0.5165407834043573
0.5212999083496012
0.526102408358832
0.5309486654876078
0.5358390647817329
0.5407739942898376
0.5457538450756115
0.5507790112296831
0.5558498898811297
0.5609668812087824
0.5661303884520039
0.5713408179212288
0.5765985790080549
0.5819040841949672
0.5872577490643847
0.5926599923078117
0.5981112357339086
0.6036119042764468
0.6091624260018395
0.6147632321156958
0.6204147569693742
0.6261174380656903
0.6318717160639071
0.6376780347845501
0.643536841213161
0.6494485855037092
0.6554137209810059
0.6614327041427516
0.6675059946606432
0.6736340553809257
0.6798173523237873
0.6860563546823301
0.6923515348206278
0.6987033682707041
0.7051123337287318
0.7115789130505983
0.7181035912458325
0.7246868564712193
0.7313292000231844
0.7380311163285956
0.7447931029354874
0.7516156605015919
0.7584992927824821
0.7654445066180509
0.7724518119179198
0.7795217216454702
0.7866547518007806
0.79385142140169
0.8011122524640011
0.8084377699798506
0.8158285018947027
0.823284979082723
0.8308077353206014
0.8383973072597152
0.8460542343964966
0.8537790590411534
0.8615723262844338
0.8694345839626781
0.8773663826207455
0.8853682754732893
0.8934408183633434
0.9015845697196372
0.9098000905111101
0.9180879441993361
0.9264486966887917
0.934882916274647
0.9433911735880531
0.9519740415390189
0.9606320952567265
0.9693659120270612
0.9781760712274266
0.9870631542590043
0.9960277444755947
1.0050704271101172
1.0141917891974788
1.0233924194946276
1.0326729083974144
1.042033847853853
1.051475831274155
1.06099945343726
1.070605310393756
1.0802939993650003
1.090066118638489
1.0999222674594598
1.1098630459182608
1.11988905483367
1.1300008956321483
1.1401991702225394
1.150484480866423
1.1608574300439272
1.1713186203147476
1.1818686541744363
1.1925081339057988
1.2032376614251212
1.214057838123304
1.2249692647015946
1.2359725410020241
1.2470682658319117
1.2582570367832124
1.2695394500453734
1.2809161002125975
1.292387580084782
1.3039544804622154
1.3156173899337038
1.3273768946582158
1.3392335781396416
1.3511880209947156
1.3632408007137582
1.375392491414223
1.387643663586767
1.3999948838336742
1.412446714599666
1.4249997138946282
1.437654435008211
1.4504114262161805
1.4632712304782494
1.4762343851272142
1.4893014215493183
1.5024728648553674
1.5157492335428244
1.5291310391482849
1.5426187858904323
1.5562129703030612
1.5699140808581584
1.5837225975786504
1.597638991640749
1.6116637249656933
1.6257972498004962
1.6400400082878301
1.654392432024416
1.668854941608089
1.68342794617312
1.6981118429135726
1.7129070165946219
1.727813839051501
1.7428326686758486
1.7579638498894221
1.773207712604731
1.7885645716725345
1.8040347263158902
1.819618459550732
1.8353160375924922
1.8511277092487886
1.8670537052978673
1.8830942378526758
1.8992494997102636
1.9155196636864336
1.931904881935284
1.948405285253757
1.9650209823706444
1.9817520592201976
1.9985985781999098
2.015560577412551
2.032638069892061
2.049831042813424
2.0671394566860815
2.084563244531003
2.1021023110412043
2.1197565317255216
2.137525752035748
2.1554097864767483
2.1734084176998603
2.191521395579105
2.2097484362705204
2.228089221254383
2.246543396360358
2.265110570775559
2.2837903160356445
2.3025821649988414
2.321485610803057
2.3405001058061923
2.3596250605096154
2.3788598424651375
2.398203775165463
2.4176561369184495
2.4372161597052506
2.4568830280227236
2.476655877710269
2.4965337947615427
2.516515814121125
2.536600918466918
2.5567880369782787
2.5770760440906764
2.5974637582371356
2.617949940577117
2.6385332937135035
2.6592124603980203
2.6799860222261773
2.700852498322113
2.7218103440143246
2.742857949503032
2.7639936385201134
2.7852156669825354
2.806522221640196
2.8279114187195318
2.849381302563636
2.8709298442704103
2.892554940329858
2.914254411261891
2.9360260002560157
2.9578673718145656
2.9797761104007456
3.00174971909342
3.023785618250119
3.04588114418031
3.0680335478305736
3.0902399934838582
3.112497557474723
3.134803226922881
3.1571538984870635
3.179546377141821
3.201977374979385
3.224443510039379
3.246941305168856
3.2694671869153504
3.292017484455941
3.3145884285650187
3.337176150623949
3.3597766816756436
3.382385951527321
3.4049997879047122
3.4276139156612104
3.4502239560453978
3.472825426030621
3.4954137377102823
3.5179841977627144
3.5405320069894595
3.56305225993103
3.5855399445641316
3.607989942084613
3.6303970267803014
3.6527558659980963
3.6750610202096956
3.697306943180424
3.719487982245657
3.741598378699462
3.7636322683000434
3.785583681896662
3.807446546182759
3.8292146845799615
3.850881818257687
3.872441567293212
3.893887451976747
3.9152128942663538
3.9364112193973897
3.9574756576510315
3.9783993462865217
3.999175331641628
4.019796571405684
4.040255937069585
4.06054621655686
4.080660117039887
4.100590267945135
4.120329224151106
4.139869469382497
4.159203419803829
4.1783234278155925
4.197221786055661
4.215890731608443
4.234322450423882
4.2525090819482
4.270442723967737
4.288115437666998
4.305519252901498
4.3226461736856345
4.339488183895257
4.356037253184182
4.37228534311332
4.388224413490568
4.403846428919
4.419143365550309
4.434107218039852
4.448730006698876
4.46300378483899
4.476920646303065
4.490472733176161
4.503652243669262
4.516451440167778
4.528862657436137
4.540878310968816
4.552490905477468
4.563693043502923
4.574477434139971
4.584836901862098
4.594764395432384
4.604252996885987
4.613295930568826
4.621886572216182
4.630018458054145
4.637685293906084
4.644880964285442
4.65159954145549
4.657835294435943
4.66358269793559
4.668836441189574
4.673591436679216
4.677842828711897
4.68158600183789
4.684816589080735
4.687530479957333
4.689723828263721
4.691393059602261
4.69253487862595
4.693146275975499
4.693224534884945
4.69276723743183
4.691772270408203
4.6902378307892265
4.688162430776645
4.685544902395123
4.682384401620216
4.678680412017677
4.674432747874884
4.669641556806356
4.664307321816634
4.658430862805327
4.652013337500627
4.645056241809377
4.637561409573622
4.629531011725474
4.6209675548343006
4.611873879042331
4.602253155387153
4.592108882511875
4.581444882766263
4.5702652977046245
4.558574582988848
4.546377502707626
4.533679123125516
4.520484805878221
4.5068002006331005
4.4926312372365755
4.4779841173726815
4.462865305759611
4.447281520913502
4.431239725511091
4.4147471163851435
4.397811114188625
4.380439352765496
4.3626396682678585
4.344420088060626
4.325788819456299
4.306754238323499
4.287324877613756
4.267509415851614
4.247316665633417
4.226755562180149
4.205835151989373
4.184564581630703
4.162953086728382
4.141009981173211
4.118744646604585
4.09616652220156
4.073285094819694
4.050109889507954
4.026650460437398
4.002916382270233
3.9789172419948104
3.9546626312486715
3.9301621391482184
3.9054253456399053
3.8804618153839634
3.855281092177894
3.829892693922914
3.8043061081326335
3.778530787979359
3.7525761488695104
3.7264515655358723
3.700166369630831
3.6737298478012064
3.647151240221999
3.620439739563335
3.593604490361953
3.5666545887659526
3.539599082619115
3.512446971848909
3.485207209120327
3.4578887007158903
3.4305003076006284
3.403050846629343
3.375549091852119
3.3480037758728587
3.320423591214333
3.2928171916420585
3.265193193398101
3.2375601762945725
3.2099266846152625
3.182301227772375
3.1546922806639275
3.1271082836757884
3.0995576422708773
3.0720487261067735
3.044589867621814
3.017189360029066
2.9898554546574796
2.9625963575801113
2.935420225470922
2.9083351606346493
2.881349205158516
2.8544703341408386
2.8277064479596583
2.8010653635550886
2.7745548047118054
2.7481823913435037
2.7219556277991317
2.695881890231022
2.669968413087768
2.6442222748193167
2.6186503829077865
2.593259458364321
2.568056019859186
2.5430463676779755
2.5182365677205096
2.493632435779144
2.4692395223488224
2.4450630982305186
2.4211081411917807
2.3973793239414682
2.3738810036594424
2.350617213295132
2.327591654811288
2.3048076945005396
2.282268360443378
2.2599763421079153
2.237933992015827
2.216143329317781
2.194606045038226
2.1733235086674174
2.152296775701761
2.131526595666657
2.111013420103516
2.090757409969023
2.0707584418844913
2.051016112690108
2.0315297418058846
2.01229837098027
1.9933207611192207
1.974595386031924
1.9561204231017029
1.9378937410871795
1.9199128854728664
1.90217506201165
1.8846771193238507
1.86741553162721
1.8503863828565381
1.8335853535778206
1.8170077121963562
1.800648311989662
1.7845015954529588
1.7685616073198709
1.7528220174084503
1.737276154142008
1.7219170492091953
1.7067374933673694
1.6917301028722427
1.6768873954554315
1.662201874195783
1.6476661170706568
1.6332728694642284
1.6190151364876813
1.6048862716673058
1.590880058415046
1.5769907807405403
1.5632132799142282
1.5495429942564032
1.535975979901758
1.5225089112512624
1.509139060834829
1.4958642594140492
1.482682838285551
1.4695935568232168
1.4565955192388802
1.4436880852667273
1.4308707799181486
1.4181432075623082
1.405504975339806
1.392955630318723
1.3804946138911016
1.368121235747966
1.3558346684477238
1.3436339622033464
1.3315180781557237
1.3194859371628023
1.3075364800885747
1.2956687347757836
1.283881884367558
1.2721753314317987
1.2605487524620567
1.249002137808593
1.237535812967215
1.2261504384523074
1.2148469872124399
1.203626700670276
1.192491026861716
1.181441546588615
1.1704798956560372
1.1596076927294399
1.1488264826893662
1.1381377042196479
1.12754268755383
1.1170426839142449
1.1066389226423083
1.0963326861166722
1.0861253873348813
1.0760186316447846
1.066014243579202
1.0561142427167352
1.046320759006841
1.0366358873722474
1.0270614922365933
1.0175989829922747
1.0082490892112035
0.9990116677605719
0.9898855717910521
0.9808686037747707
0.971957562581293
0.9631483802936079
0.9544363310534496
0.9458162846465737
0.937282973966534
0.928831248644454
0.9204562959156106
0.9121538214732807
0.9039201939311763
0.8957525629927544
0.8876489612353321
0.8796083924997263
0.87163089863571
0.8637175850709452
0.8558705791829178
0.8480928974836864
0.8403882093374432
0.8327605042303229
0.8252136915348869
0.8177511798104857
0.8103754910353099
0.8030879604011832
0.7958885549851619
0.7887758195444539
0.7817469328476839
0.7747978421935907
0.7679234436040364
0.7611177917028241
0.754374350309014
0.7476863194631593
0.741047081340272
0.7344507842082343
0.7278930285482602
0.7213715455397144
0.7148866917318899
0.7084415574776809
0.7020415272962367
0.6956932456077243
0.6894031113667607
0.6831756023195924
0.6770118497628506
0.6709088890244463
0.6648598724784992
0.6588552756715234
0.6528848309961757
0.6469396934656578
0.6410142694829731
0.6351072524437504
0.6292216626763492
0.6233639845940765
0.6175427294032265
0.6117668681323839
0.606044570549646
0.6003825714228793
0.5947862855115448
0.5892605267645743
0.583810412669303
0.5784418702198475
0.5731612441634963
0.5679738900462211
0.5628821745090105
0.557883698558954
0.5529705219414301
0.5481296734468932
0.5433446002320725
0.5385968922612245
0.533867825668578
0.5291397484226567
0.5243975731821696
0.5196303863533851
0.5148327357968849
0.5100051139851612
0.5051537033075626
0.5002900439983703
0.4954311287859888
0.49059944096831126
0.48582159708317646
0.4811246624893626
0.47653086877482903
0.4720529818941283
0.4676924966598222
0.46344121600579924
0.45928510790135135
0.4552088322212185
0.4511996489350115
0.44724955139666245
0.4433545569751261
0.4395112639243316
0.43571286799787456
0.4319475148387692
0.42819966112875135
0.42445238364901566
0.4206891218406595
0.4168965719192973
0.413070868695234
0.40922415356580505
0.4053840994117308
0.40158283423068425
0.3978417905924045
0.3941636774960762
0.3905360299564612
0.3869409285741825
0.383363636065971
0.3797980497070039
0.3762496583442118
0.3727346610754321
0.36927350415970145
0.36588131444878674
0.3625611662399607
0.3593041247968779
0.3560949315585076
0.3529187244770484
0.3497642707148903
0.3466225077431627
0.34348326187136313
0.3403341568685193
0.33716418480180393
0.333972851725696
0.33078141104048936
0.32763455010201226
0.32458251426275614
0.32165355937725376
0.31884167057006446
0.3161176770298786
0.3134435254521395
0.31077408062184425
0.3080599695167429
0.3052659025718402
0.3023897076743238
0.29946113854269807
0.29652502617073795
0.293625635464473
0.29079760438481456
0.2880610919717991
0.28541952984295915
0.28286155462353485
0.2803704333129044
0.27792927824719516
0.2755100563531587
0.27307521993018785
0.27060966249633084
0.2681290518721166
0.26564020703809266
0.2631249391790657
0.2605821371870462
0.25806317418244723
0.25565128637994267
0.253401535586593
0.25128166749691727
0.2491740357204587
0.24696307076053606
0.24462339780558673
0.24222015961446533
0.2398402382764108
0.23753548252549625
0.23532765154766602
0.23322638657571496
0.23121778133306278
0.22926245292118877
0.2273102862818783
0.22532541450527926
0.22331229913077819
0.22128301890122606
0.2192072305376722
0.21706279909719464
0.21490980642928026
0.212838439622981
0.21086382949247204
0.20892497141711242
0.20696179827180358
0.2049720885827409
0.20304826746438245
0.20130028752062987
0.19969121338916407
0.19808649889842614
0.19643529962799425
0.19473858121990567
0.1929665647815715
0.19112811569154237
0.18928976509395035
0.18749194412576725
0.18572145007089869
0.18395391978111977
0.1821967272843083
0.18048361293875592
0.17881096910998381
0.17719668817116516
0.1756836965795567
0.17422074376319685
0.17280809305977884
0.17149063195052888
0.17014865002132099
0.16864378520146103
0.16700436119375597
0.1653257725144604
0.16366722114833845
0.16211456467215252
0.16068706526708929
0.15924617227818558
0.15772966722373233
0.15620829486733032
0.15475489934199516
0.15332870157061707
0.1518952868417262
0.1505418432841028
0.14927618107594187
0.14801334435759098
0.14673954529163516
0.14545168847062748
0.1441090600140434
0.14269078641950877
0.14125030873075523
0.139922969702732
0.13862290403150965
0.1373539318973932
0.1362372282726979
0.1350664962705196
0.13369732540906085
0.13236414051239376
0.13125187592751061
0.13016890706046388
0.1289991876762424
0.1278046934877584
0.12651278377790987
0.12527619476086538
0.12414139786150567
0.12307967236086999
0.12216233155719196
0.12117960824568604
0.11996613899484676
0.11868633332024174
0.11758430770253896
0.11645086565007325
0.1153296464214012
0.11425603075715973
0.11321884560451767
0.11217101977787161
0.1110746631677573
0.1100215423442421
0.10907830158885476
0.10819505513128416
0.10723450026664257
0.10625547138015998
0.10533093261652139
0.10431353548571656
0.10315829948418528
0.10221351834771872
0.10135332450613599
0.10036924656283915
0.09951117848376756
0.09876513883689138
0.09795874096921439
0.09712574131867892
0.09625198116391943
0.09532429937878754
0.09429854949085759
0.0933810430839915
0.09260124762770874
0.09180402015171223
0.09091466505990402
0.0900095747153144
0.08927604448497013
0.08853829535221867
0.08771584610793054
0.08697277708898611
0.08614766202903172
0.08517465389165828
0.08432742320131553
0.08367686523823178
0.08295776668163578
0.08218683020174389
0.08140709861703169
0.08071963393424324
0.07997084705749796
0.07916048295184917
0.07850471612432873
0.077837927755288
0.07703603809910942
0.07622676924569856
0.07563830968238364
