0.18214592258551926
0.1838326903187947
0.1855350727563175
0.18725321428913033
0.18898726063726665
0.19073735886444146
0.19250365738895533
0.19428630599592142
0.19608545585143738
0.19790125951452633
0.19973387094783476
0.2015834455331377
0.20345014008374582
0.2053341128545088
0.20723552355989688
0.2091545333834316
0.21109130499236514
0.21304600255137102
0.2150187917360781
0.2170098397460209
0.2190193153188242
0.22104738874643315
0.22309423188397634
0.22516001816969752
0.22724492263617121
0.22934912192393284
0.23147279429960288
0.23361611966671153
0.23577927958244121
0.23796245727364387
0.24016583765000157
0.24238960731863612
0.24463395460283002
0.24689906955343294
0.2491851439675452
0.2514923714030533
0.25382094719395937
0.2561710684681942
0.25854293416008045
0.26093674503287656
0.2633527036878632
0.26579101458671234
0.268251884064781
0.2707355203488752
0.27324213357607535
0.27577193580739556
0.2783251410479366
0.28090196526223815
0.28350262639396795
0.28612734438169457
0.28877634117741663
0.2914498407658316
0.29414806917905095
0.29687125451972124
0.2996196269741278
0.3023934188360513
0.30519286452057326
0.308018200587501
0.3108696657564344
0.3137475009294777
0.31665194920723017
0.3195832559102236
0.3225416685997417
0.3255274370952779
0.328540813494741
0.3315820521958571
0.3346514099168442
0.3377491457141785
0.3408755210064418
0.34403079959246285
0.34721524767451584
0.3504291338771783
0.35367272927113985
0.356946307391548
0.360250144262778
0.36358451841751527
0.3669497109205078
0.3703460053902655
0.37377368802032995
0.37723304760291276
0.380724375550694
0.38424796592061267
0.38780411543561516
0.39139312350722294
0.39501529226165627
0.39867092656035613
0.4023603340248206
0.40608382505981644
0.4098417128787614
0.41363431352572105
0.4174619459011876
0.42132493178630204
0.42522359586741
0.4291582657603674
0.4331292720357622
0.43713694824524313
0.4411816309445129
0.4452636597210531
0.4493833772180246
0.45354112916193
0.45773726438674434
0.4619721348608191
0.46624609571471676
0.47055950526419765
0.47491272504029336
0.47930611981472837
0.48374005762690775
0.4882149098112111
0.49273105102466913
0.4972888592732666
0.5018887159416138
0.506531005818698
0.5112161171275635
0.5159444415519001
0.5207163742660673
0.5255323139615574
0.5303926628778525
0.5352978268294603
0.5402482152352693
0.5452442411477972
0.5502863212831175
0.5553748760490531
0.5605103295745272
0.5656931097409729
0.5709236482105683
0.5762023804563782
0.5815297457931534
0.5869061874067973
0.592332152385124
0.5978080917481772
0.6033344604786303
0.6089117175533908
0.6145403259727095
0.6202207527933039
0.6259534691573873
0.6317389503255231
0.637577675706046
0.6434701288888192
0.6494167976741215
0.6554181741063442
0.6614747545043818
0.6675870394935222
0.6737555340376287
0.6799807474704868
0.6862631935286031
0.6926033903819364
0.6990018606664855
0.7054591315173433
0.7119757345993698
0.7185522061394932
0.7251890869601134
0.7318869225100817
0.738646262896915
0.7454676629203958
0.7523516821026536
0.7592988847222305
0.7663098398449406
0.7733851213569719
0.7805253079966726
0.7877309833856357
0.795002736062544
0.8023411595134353
0.8097468522044181
0.8172204176129475
0.8247624642596839
0.8323736057402783
0.8400544607561586
0.8478056531461611
0.8556278119178443
0.8635215712773864
0.8714875706620919
0.8795264547692117
0.8876388735873278
0.8958254824258766
0.9040869419452598
0.9124239181870092
0.9208370826021051
0.929327112080231
0.937894688979644
0.9465405011541115
0.9552652419816331
0.9640696103921498
0.9729543108946492
0.981920053604276
0.9909675542684463
1.0000975342934675
1.009310720769035
1.0186078464942099
1.0279896500017642
1.0374568755811926
1.0470102733035382
1.0566505990429962
1.066378614499296
1.076195087219518
1.0861007906184055
1.0960965039988695
1.106183012570822
1.1163611074700006
1.126631585775424
1.1369952505264387
1.1474529107386542
1.1580053814186393
1.1686534835785267
1.1793980442484149
1.1902398964892567
1.2011798794028414
1.2122188381423018
1.2233576239205353
1.2345970940175912
1.2459381117872135
1.2573815466613936
1.2689282741536354
1.2805791758619884
1.2923351394690206
1.3041970587414509
1.3161658335273065
1.328242369752484
1.3404275794148135
1.3527223805769937
1.3651276973568645
1.3776444599171473
1.3902736044523947
1.4030160731734012
1.4158728142913959
1.4288447819983887
1.4419329364457445
1.4551382437218843
1.4684616758246785
1.481904210635177
1.4954668318856343
1.5091505291269645
1.5229562976924533
1.5368851386596745
1.550938058808611
1.5651160705775993
1.5794201920159285
1.5938514467335976
1.6084108638475467
1.6230994779249928
1.637918328922925
1.652868462124664
1.6679509280722264
1.6831667824956171
1.698517086237831
1.7140029051756667
1.7296253101378556
1.7453853768170589
1.7612841856791837
1.7773228218671009
1.7935023751012031
1.8098239395737188
1.8262886138391348
1.8428975006998145
1.8596517070855902
1.876552343929116
1.8936005260351962
1.9107973719448574
1.9281440037934787
1.9456415471633062
1.963291130929903
1.981093887102182
1.9990509506559306
2.017163459361723
2.035432553604905
2.053859376199319
2.072445072193924
2.0911907886719
2.1100976745425233
2.1291668803250685
2.148399557924996
2.167796860402055
2.1873599417299365
2.2070899565475948
2.2269880599016343
2.2470554069796034
2.2672931528346094
2.2877024520998184
2.308284458693595
2.3290403255148315
2.3499712041276117
2.371078244436064
2.3923625943479663
2.4138253994276657
2.4354678025376404
2.4572909434684846
2.479295958557352
2.501483980294042
2.523856136914741
2.5464135519833397
2.569157343959301
2.5920886257527473
2.6152085042657096
2.6385180799194266
2.6620184461675067
2.685710688994457
2.7095958863995433
2.73367510786506
2.7579494138093548
2.7824198550237984
2.8070874720935626
2.831953294801575
2.8570183415160386
2.8822836185598386
2.9077501195630013
2.933418824796475
2.959290700487914
2.9853666981184808
3.0116477537002484
3.038134787034278
3.064828700948538
3.0917303805156346
3.1188406922494805
3.1461604832811636
3.1736905805129454
3.201431789750255
3.2293848948116985
3.257550656615953
3.285929812245554
3.3145230739870635
3.343331128347554
3.372354635046117
3.401594225981261
3.4310505041725894
3.460724042677033
3.490615383479266
3.520725036355511
3.5510534777107834
3.5816011493887343
3.6123684574541506
3.6433557709476143
3.6745634206114857
3.705991697587866
3.7376408520869675
3.7695110920266877
3.801602581642215
3.8339154400657343
3.8664497398759172
3.8992055056169055
3.932182712286329
3.965381283792284
3.998801091379035
4.032441952021099
4.06630362678564
4.100385819162873
4.134688173364277
4.169210272588971
4.2039516372572105
4.238911723211867
4.274089919887408
4.3094855484463155
4.345097859883066
4.38092603309579
4.4169691729255955
4.453226308163799
4.489696389527044
4.526378287600739
4.563270790751071
4.600372603005767
4.637682341903933
4.675198536315779
4.712919624232397
4.75084395052586
4.7889697646811555
4.82729521849952
4.865818363774807
4.904537149943124
4.943449421707119
4.9825529166352736
5.0218452627379
5.061323976020679
5.100986458016653
5.14082999329884
5.18085174697385
5.221048762158859
5.261417957443242
5.301956124336252
5.34265992470334
5.38352588819261
5.424550409653109
5.465729746548048
5.507060016364612
5.548537194023046
5.590157109287438
5.6319154441812795
5.673807730410281
5.715829346795793
5.757975516721687
5.800241305598398
5.842621618347167
5.885111196908587
5.92770461777893
5.970396289578431
6.013180450655491
6.056051166731435
6.099002328589995
6.142027649816437
6.185120664591088
6.228274725542431
6.271483001664922
6.314738476306992
6.35803394523492
6.401362014778283
6.444715100063177
6.488085423339224
6.531465012406905
6.574845699151777
6.618219118192312
6.661576705648447
6.704909698037854
6.748209131307406
6.791465840007368
6.834670456615825
6.877813411021571
6.920884930173026
6.963875037901913
7.006773554929576
7.049570099064659
7.092254085600686
7.1348147279224445
7.177241038329617
7.219521829087079
7.261645713710583
7.303601108496904
7.345376234307784
7.3869591186166055
7.428337597827151
7.4694993198734325
7.510431747109873
7.551122159500864
7.5915576581185995
7.631725168958189
7.67161144707871
7.711203081078882
7.7504864979155
7.789447968073147
7.828073611092586
7.866349401465943
7.904261174905354
7.94179463499248
7.978935360214769
8.015668811394933
8.05198033951866
8.08785519396585
8.123278531149387
8.158235423565138
8.192710869256311
8.226689801694247
8.260157100076919
8.293097600046044
8.325496104822053
8.357337396755932
8.388606249295531
8.419287439362778
8.449365760137699
8.478826034243117
8.507653127323636
8.535831962010374
8.563347532262203
8.59018491807265
8.616329300530172
8.641765977218075
8.666480377939068
8.690458080747543
8.713684828271388
8.736146544303487
8.75782935064132
8.778719584151537
8.798803814034798
8.818068859264304
8.836501806169853
8.854090026137724
8.870821193394825
8.886683302843991
8.901664687915718
8.915754038400053
8.92894041822069
8.941213283112043
8.952562498158416
8.962978355153265
8.972451589735076
8.980973398255367
8.988535454333102
8.995129925049033
9.000749486732465
9.005387340292398
9.009037226044404
9.011693437984192
9.013350837458665
9.014004866185253
9.013651558570402
9.012287553278556
9.009910104003605
9.006517089395379
9.002107022095096
8.996679056834731
8.990232997556959
8.982769303513953
8.974289094305512
8.964794153819208
8.954286933037757
8.942770551681678
8.930248798658415
8.916726131292258
8.90220767331315
8.886699211586107
8.870207191567125
8.852738711475606
8.834301515177817
8.814903983780562
8.79455512593897
8.773264566887299
8.751042536206734
8.727899854349277
8.703847917942086
8.678898683901927
8.653064652394661
8.626358848679907
8.598794803886385
8.570386534768373
8.541148522498837
8.511095690559575
8.48024338179333
8.448607334687217
8.416203658960939
8.383048810536984
8.34915956597357
8.314552996443961
8.2792464413486
8.243257481648612
8.206603913010847
8.169303718856034
8.131375043402153
8.092836164795221
8.053705468419505
8.014001420477896
7.973742541931906
7.9329473828883295
7.891634497517266
7.849822419582687
7.8075296386630635
7.764774577135363
7.721575567990879
7.677950833546134
7.633918465106606
7.5894964036349615
7.544702421469211
7.499554105129774
7.4540688392476
7.4082637916388006
7.362155899544193
7.315761857045505
7.2690981036630395
7.222180814133058
7.175025889356873
7.127648948507504
7.08006532227416
7.032290047219719
6.984337861221753
6.936223199963497
6.887960194438113
6.839562669426683
6.791044142908565
6.742417826361742
6.693696625910213
6.644893144276098
6.5960196834950855
6.5470882483558865
6.498110550526685
6.449098013334577
6.400061777167543
6.351012705472052
6.301961391323254
6.252918164548545
6.203893099388723
6.1548960226839045
6.105936522573817
6.057023957703273
6.008167466923884
5.959375979481744
5.9106582256780476
5.862022747984877
5.813477912591803
5.765031921350506
5.716692824073935
5.668468531134055
5.620366826288014
5.5723953796467365
5.524561760682933
5.47687345115805
5.429337857829788
5.381962324784744
5.334754145224856
5.287720572522802
5.2408688303508795
5.194206121681422
5.147739636455311
5.101476557719336
5.055424066043927
5.009589342051018
4.963979566907343
4.918601920672039
4.873463578428884
4.828571704181986
4.783933442549053
4.739555908346726
4.695446174226857
4.651611256588298
4.608058100053885
4.564793560863937
4.521824389592251
4.479157213635541
4.436798519958825
4.394754638594078
4.3530317273845185
4.31163575843964
4.270572506714124
4.229847541046296
4.189466217888362
4.149433677832781
4.109754844889083
4.070434428297645
4.031476926487484
3.992886632600952
3.9546676408289474
3.9168238526359276
3.879358981815643
3.8422765572178057
3.8055799219343016
3.7692722277408426
3.733356423665345
3.697835237703225
3.6627111509253982
3.6279863635253284
3.5936627527213845
3.5597418228595714
3.5262246485335536
3.493111812034221
3.460403336935849
3.4280986200930217
3.396196364733331
3.364694517656231
3.3335902137600217
3.3028797311919678
3.2725584603306226
3.2426208895504396
3.213060610281323
3.183870343263403
3.155041987124847
3.126566689503596
3.0984349399300517
3.0706366826351905
3.0431614464042713
3.015998487623903
2.989136941835651
2.96256597847509
2.936274953095862
2.9102535512927816
2.884491918764631
2.8589807724894074
2.833711488788462
2.8086761650725336
2.7838676532131905
2.759279563679705
2.734906240738627
2.7107427100637165
2.6867846010108924
2.6630280465797727
2.6394695647544597
2.616105925569568
2.5929340089752695
2.5699506594560826
2.5471525444252636
2.5245360246246897
2.5020970459645095
2.4798310631880827
2.4577330061113187
2.4357972985867415
2.414017938434883
2.392388643133965
2.3709030610224158
2.3495550413667177
2.3283389493913713
2.307250005047082
2.286284617906059
2.26544068621005
2.2447178267846244
2.2241175050626993
2.203643041214016
2.183299479187652
2.1630933195317676
2.1430321326889934
2.123124085030774
2.1033774227700257
2.083799966623736
2.0643986706563293
2.045179291043382
2.026146194914623
2.007302318050696
1.9886492567446687
1.9701874583808254
1.9519164620046712
1.9338351377658218
1.9159418833892154
1.8982347542629465
1.8807115258915725
1.8633697065051267
1.8462065275955266
1.8292189383798005
1.812403618560401
1.7957570082994259
1.7792753428338002
1.7629546776652116
1.7467908999390422
1.7307797377455074
1.714916792837572
1.6991976250074974
1.6836179041871298
1.6681736226248085
1.6528613338158273
1.6376783685343956
1.622622978936106
1.6076943797644123
1.5928926850509917
1.578218770138805
1.563674113935269
1.549260688595486
1.5349809574173376
1.5208380100275436
1.506835803015171
1.492979391191691
1.4792749561345164
1.4657294090347246
1.4523494089572568
1.4391398113372005
1.4261018070995655
1.4132312387051194
1.4005176743478336
1.3879447098518003
1.3754916568890534
1.363136365084856
1.3508585663295594
1.338642959372089
1.3264813334557253
1.3143733238201203
1.3023257816362224
1.2903510784120895
1.2784648321075271
1.266683502475502
1.255022123924442
1.2434922701963784
1.2321003165525075
1.2208462141019674
1.209723188951793
1.1987187996455038
1.1878174718350951
1.1770040487144573
1.1662673577423885
1.1556026605793093
1.1450122705141412
1.1345043780248587
1.1240907723268163
1.1137843215736478
1.1035967719819424
1.093536990514619
1.083609594904367
1.0738140756670942
1.0641447355200673
1.05459169107427
1.0451427376849987
1.0357854009895862
1.0265084206588067
1.0173023789907605
1.0081599148715261
0.999076406673764
0.9900516812925039
0.981092158233552
0.9722115573733621
0.9634281604191256
0.9547584513733511
0.9462098641895045
0.9377767970691476
0.9294421515853951
0.9211827229409684
0.9129745791431779
0.9047963088983177
0.8966313945378203
0.8884716455220262
0.8803206905963576
0.8721939500098659
0.8641132347295699
0.8560988173413914
0.8481642438819772
0.8403164328463972
0.8325586018820281
0.8248915507292747
0.8173116660884205
0.8098082801505584
0.8023641115771937
0.7949599862890981
0.7875821980780247
0.780229498822526
0.7729157936232889
0.7656650661390367
0.7584995805474476
0.7514286432987245
0.7444462611157964
0.7375399704549161
0.7307048465245628
0.7239514409362039
0.7172986130820658
0.710754488170012
0.7043028193108413
0.6979111724666458
0.691557375186334
0.6852498156247622
0.6790194305487729
0.6728898244635099
0.6668571616894851
0.6608992303801267
0.6549979641822403
0.6491505289213803
0.6433626614208794
0.637627939146992
0.6319069263228454
0.6261394929619628
0.6202977008306051
0.6144231288438825
0.6085971317682968
0.602873313126245
0.5972427697552816
0.5916560549463341
0.5860656278057813
0.5804568361228402
0.574865522511006
0.5693644440439682
0.5640044286355407
0.5587668120028992
0.5535925087066176
0.5484541797486744
0.5433860332367797
0.5384502138448787
0.5336827556678139
0.5290648904485235
0.5245415844054075
0.5200594262680981
0.5155770868015597
0.5110542913522618
0.506459578386119
0.5018000924281357
0.49712444369914366
0.4924806307228848
0.4878863395501663
0.48335135108654165
0.47890995385175206
0.47460226097955
0.4704379396923968
0.46640196862997063
0.46245169673431535
0.4585059074278497
0.45446086278154874
0.450250542176683
0.4459263099696568
0.44159957630811325
0.43732178745048184
0.4331079299022827
0.4290170643028181
0.42512417346825987
0.4214361477936668
0.4178915155396828
0.41437708453816946
0.4107491030076232
0.4069959548052668
0.403222728205945
0.3994138370822996
0.39546098037615607
0.3914083115124592
0.3874389889281187
0.3837151560508236
0.38030646061140644
0.3770792917779854
0.3738358616054641
0.37055549348098954
0.36725454923005146
0.36390549410884265
0.3605136776614155
0.3571036080040346
0.35372362390032497
0.3504921455896088
0.3474607227783852
0.3444895317893726
0.34145325203959453
0.3384233561742384
0.33539267263328104
0.33227083192312523
0.32921844049832916
0.3262854787520848
0.32324873343325167
0.3201020016499387
0.31706769789880823
0.3142745328907619
0.31170082735627885
0.30917624937493066
0.3066550439745736
0.30401188990906697
0.30101449599005653
0.29773937189093397
0.294358637922264
0.2911552006269704
0.2884460159307639
0.28617822012457395
0.2839732179586755
0.2816729172386407
0.2793477717442579
0.2769075739391806
0.27434337320497154
0.27183614523496774
0.26928567235486633
0.2667001815481677
0.2641674897664197
0.26168401149887355
0.25949270033183175
0.2573994899810529
0.2552121292734788
0.25278424135420124
0.25025210039166845
0.2478577185614217
0.24557328013407442
0.2434402991102178
0.241420910958715
0.23938693921264015
0.2370546150007286
0.2346738306437151
0.23228183878979203
0.22988725576425395
0.22767030653692696
0.22551191746112928
0.22343503154502964
0.2217013508192492
0.2199414614610484
0.2179544805422857
0.21599014335842084
0.21397825436022447
0.21180930024129163
0.20977966330881764
0.20803231848611636
0.206425430609715
0.2048994336081413
0.20320416269046998
0.20117760031479912
0.19917485445014307
0.19707157799631075
0.19507925121883007
0.19319195392165417
0.19126999539999534
0.1896015013596207
0.1876230596923661
0.1857286506725137
0.18432640230500819
0.18287543711190352
0.18116638660330348
0.1794280396208775
0.17774369444769497
0.17636093005861112
0.17480345078103512
0.17316369480396077
0.17168823703801264
0.17021129175305916
0.16835939998722507
0.16664625614572792
0.16515623331964366
0.16377221026076108
0.1625229310597432
0.16096719856438738
0.15938885769307107
0.15799003575274403
0.15654787604438422
0.1549310135062289
0.15330377091912928
0.15216617419903536
0.15115895835598936
0.14954328714563386
0.14777353191333073
0.14639921823989144
0.14516693031478078
0.14396064548477272
0.14271160361322535
0.14157144067638675
0.14025955483674254
0.13898350587635094
0.13780412245746743
0.1364191534603373
0.13525650464595315
0.1338681677184893
0.13255628844601208
0.13147829741268005
0.13021352828649932
0.12874538699088867
0.12760833372770472
0.12654251725588528
