0.13524858938023238
0.13650108975711506
0.137765185509551
0.1390409838816065
0.14032859310622375
0.14162812241556197
0.14293968204706695
0.14426338325643984
0.14559933832295216
0.1469476605630292
0.14830846433609576
0.1496818650562394
0.151067979200483
0.15246692432040246
0.1538788190491274
0.15530378311366885
0.15674193734401237
0.15819340368257234
0.15965830519524132
0.16113676608099764
0.16262891168301283
0.1641348684975493
0.16565476418633898
0.16718872758565126
0.16873688871798828
0.17029937880190524
0.17187633026373816
0.17346787674865333
0.1750741531299921
0.17669529552343455
0.1783314412953221
0.17998272907527746
0.18164929876836902
0.18333129156450406
0.1850288499531617
0.18674211773181731
0.18847124002044546
0.19021636327238192
0.19197763528577907
0.19375520521636735
0.1955492235902078
0.19735984231570625
0.19918721469529105
0.20103149543915855
0.20289284067692248
0.20477140797139382
0.20666735633096955
0.20858084622220274
0.2105120395840057
0.21246109983952
0.21442819191092913
0.21641348223123313
0.21841713875974936
0.22043933099398721
0.2224802299845782
0.22454000834864526
0.22661884028400442
0.22871690158327154
0.2308343696481491
0.23297142350383815
0.23512824381311587
0.23730501289167205
0.2395019147220647
0.24171913496911687
0.2439568609946388
0.2462152818725321
0.2484945884040038
0.2507949731330124
0.25311663036139176
0.25545975616530375
0.25782454840913716
0.26021120676331766
0.26261993271948775
0.26505092960631854
0.2675044026054809
0.26998055876910765
0.2724796070353976
0.2750017582451921
0.27754722515868047
0.28011622247299933
0.2827089668381967
0.28532567687493904
0.2879665731916709
0.2906318784019898
0.2933218171414682
0.29603661608669407
0.2987765039717025
0.30154171160695536
0.3043324718961761
0.30714901985544474
0.30999159263119647
0.31286042951884074
0.31575577198108207
0.3186778636665203
0.3216269504288341
0.32460328034557207
0.32760710373732793
0.3306386731867786
0.3336982435588318
0.33678607201853406
0.3399024180525418
0.3430475434876944
0.3462217125115864
0.349425191692118
0.3526582499982543
0.3559211588195395
0.3592141919875697
0.3625376257959623
0.36589173902085964
0.36927681294275044
0.3726931313662666
0.37614098064225926
0.37962064968855536
0.3831324300116857
0.38667661572810896
0.390253503586141
0.3938633929875147
0.39750658600943684
0.4011833874263896
0.4048941047329318
0.4086390481653647
0.4124185307246469
0.41623286819838323
0.4200823791836938
0.4239673851107601
0.42788821026484597
0.4318451818092947
0.43583862980950994
0.4398688872555735
0.4439362900860813
0.448041177210972
0.45218389053585084
0.4563647749857079
0.46058417852778927
0.4648424521970674
0.4691399501191579
0.4734770295345699
0.47785405082371507
0.48227137753010924
0.48672937638602515
0.49122841733604783
0.4957688735626325
0.5003511215095021
0.5049755409075715
0.5096425147996864
0.5143524295650761
0.5191056749445664
0.5239026440657444
0.5287437334683596
0.5336293431289141
0.5385598764861803
0.5435357404671917
0.5485573455112066
0.5536251055965288
0.5587394382651658
0.5639007646481217
0.5691095094919202
0.574366101182734
0.5796709717731576
0.5850245570067694
0.5904272963446342
0.5958796329899855
0.6013820139142447
0.60693488988249
0.6125387154786864
0.6181939491317037
0.6239010531399846
0.6296604936976831
0.635472740919334
0.6413382688655855
0.6472575555683483
0.6532310830555463
0.6592593373764724
0.6653428086265848
0.6714819909724113
0.6776773826760699
0.6839294861200366
0.6902388078313523
0.696605858506091
0.7030311530332108
0.7095152105187599
0.7160585543094949
0.722661712016116
0.7293252155371991
0.7360496010816319
0.7428354091920186
0.7496831847666778
0.7565934770824574
0.7635668398166204
0.7706038310682308
0.7777050133799612
0.7848709537588768
0.7921022236972317
0.799399399192873
0.806763060768914
0.8141937934933623
0.8216921869982564
0.8292588354982129
0.836894337808416
0.844599297362659
0.8523743222300469
0.8602200251317405
0.8681370234570012
0.8761259392785902
0.8841873993672305
0.8923220352065481
0.9005304830057986
0.9088133837127321
0.9171713830261735
0.9256051314068039
0.9341152840877922
0.9427025010846263
0.9513674472039041
0.9601107920509764
0.9689332100376385
0.9778353803877329
0.9868179871420856
0.9958817191633319
1.0050272701380993
1.0142553385793929
1.0235666278274336
1.0329618460488377
1.0424417062353344
1.0520069262008522
1.0616582285770864
1.071396340808078
1.0812219951432662
1.0911359286288942
1.1011388830983289
1.111231605160197
1.121414846185608
1.13168936229328
1.1420559143330609
1.1525152678675679
1.1630681931522011
1.1737154651131192
1.1844578633233338
1.1952961719766826
1.2062311798598588
1.2172636803221033
1.2283944712428312
1.2396243549970425
1.2509541384180223
1.2623846327580595
1.2739166536462248
1.285551021043953
1.2972885591975876
1.309130096588518
1.3210764658801986
1.333128503862335
1.3452870513921376
1.357552953332579
1.3699270584869039
1.3824102195306742
1.3950032929396448
1.4077071389148468
1.4205226213033981
1.433450607516234
1.4464919684416107
1.4596475783548961
1.4729183148243685
1.4863050586126711
1.4998086935742303
1.513430106548205
1.527170187246836
1.5410298281394155
1.5550099243312543
1.5691113734378663
1.583335075454127
1.5976819326182767
1.6121528492704809
1.6267487317062477
1.6414704880238518
1.6563190279663678
1.67129526275748
1.686400104931548
1.7016344681571292
1.7169992670543537
1.7324954170056404
1.7481238339596152
1.7638854342283268
1.7797811342770737
1.7958118505072418
1.8119784990315797
1.8282819954417409
1.8447232545680403
1.861303190231408
1.878022714986574
1.8948827398572818
1.911884174062695
1.929027924734804
1.9463148966270003
1.9637459918129698
1.981322109376493
1.9990441450910628
2.016912991089829
2.034929535525082
2.05309466221743
2.0714092502940376
2.0898741738160993
2.1084903013949896
2.1272584957969327
2.146179613535922
2.16525450445469
2.184484011293259
2.2038689692450415
2.2234102055002936
2.243108538775897
2.2629647788325147
2.28297972597737
2.3031541705535745
2.323488892414827
2.3439846603858
2.364642231707575
2.385462351467925
2.4064457520160802
2.4275931523618914
2.4489052575586916
2.47038275806997
2.4920263291192266
2.513836630022793
2.5358143035054095
2.557959974998072
2.580274251917979
2.6027577229300816
2.62541095719014
2.648234503568763
2.6712288898562995
2.694394621948009
2.7177321830095016
2.7412420326219427
2.7649246059066552
2.7887803126290267
2.8128095362812418
2.837012633143548
2.8613899313238664
2.885941729775274
2.91066829729131
2.9355698714785876
2.960646657706509
2.985898828033979
3.0113265201125645
3.0369298360661614
3.0627088413465744
3.088663563565195
3.1147939913002007
3.141100072879202
3.1675817151373127
3.1942387821501033
3.221071093941633
3.248078425167282
3.2752605037710496
3.302617009617686
3.3301475730991363
3.357851773715362
3.385729138629692
3.4137791411984377
3.4420011994748565
3.4703946746876166
3.498958869693716
3.5276930274059892
3.556596329195385
3.5856678932681136
3.6149067730179625
3.6443119553538916
3.6738823590033607
3.7036168327916648
3.7335141538975836
3.7635730260858598
3.793792077916883
3.8241698609343473
3.8547048478310386
3.885395430593921
3.916239918628718
3.947236536865084
3.978383423843113
4.009678629781979
4.041120114631755
4.072705746109454
4.104433297720444
4.136300446766185
4.168304772339925
4.20044375331146
4.2327147663024345
4.265115083653783
4.297641871386908
4.3302921871602855
4.363062978223411
4.395951079369888
4.428953210891767
4.462065976537327
4.49528586147442
4.528609230261851
4.5620323248312395
4.59555126248194
4.629162033891928
4.662860501147113
4.696642395792665
4.730503316908788
4.76443872921479
4.798443961204474
4.832514203316535
4.866644506143621
4.900829778683753
4.935064786638313
4.969344150760462
5.003662345258329
5.038013696257482
5.072392380327067
5.106792423074407
5.141207697812962
5.175631924308501
5.210058667608851
5.244481336962333
5.278893184830471
5.313287306000465
5.347656636803249
5.3819939544429705
5.416291876443904
5.450542860220921
5.484739202779811
5.518873040553885
5.552936349383241
5.586920944643442
5.620818481530184
5.654620455506875
5.688318202921942
5.721902901802784
5.755365572833482
5.788697080523238
5.821888134572664
5.854929291445013
5.887810956149558
5.9205233842440625
5.953056684063571
5.9854008191824235
6.017545611116565
6.049480742272888
6.08119575915247
6.112680075814266
6.143922977605733
6.174913625166631
6.205641058712109
6.236094202600858
6.2662618701938255
6.296132769008891
6.325695506176218
6.354938594198916
6.383850457023229
6.412419436421774
6.440633798693236
6.468481741681134
6.495951402113869
6.523030863267642
6.549708162953228
6.575971301826865
6.601808252024888
6.627206966120976
6.652155386404021
6.676641454473962
6.70065312115186
6.724178356699811
6.7472051613451125
6.76972157610236
6.791715693885951
6.813175670904513
6.83408973832765
6.8544462142143585
6.874233515691202
6.893440171367274
6.9120548339716965
6.930066293198309
6.9474634887407785
6.964235523500333
6.980371676946926
6.995861418613397
7.010694421700995
7.0248605767733645
7.038350005514775
7.051153074527281
7.063260409140202
7.074662907204206
7.085351752841075
7.095318430119281
7.104554736624308
7.113052796891789
7.12080507567061
7.1278043909822495
7.134043926941953
7.139517246306614
7.1442183027137585
7.148141452575521
7.1512814665912146
7.153633540841889
7.155193307430195
7.155956844628976
7.1559206865022205
7.155081831962337
7.153437753228388
7.150986403650471
7.147726224866434
7.143656153258137
7.138775625675675
7.133084584399485
7.126583481311792
7.119273281250702
7.111155464522161
7.102232028547276
7.092505488624705
7.081978877790451
7.070655745759995
7.058540156940623
7.04563668750476
7.031950421518238
7.0174869461207665
7.002252345759172
6.9862531954775235
6.9694965532717275
6.9519899515199315
6.933741387503594
6.914759313037853
6.895052623233503
6.874630644416507
6.853503121234599
6.831680202984082
6.809172429193355
6.7859907145029466
6.762146332885121
6.737650901248965
6.7125163624797075
6.686754967963595
6.660379259651887
6.633402051719624
6.605836411876524
6.5776956423888455
6.548993260872137
6.519742980915558
6.489958692598993
6.459654442964161
6.428844416500736
6.397542915707892
6.365764341790756
6.333523175549892
6.300833958520508
6.26771127441607
6.234169730928829
6.200223941937509
6.1658885101695375
6.131178010362591
6.0961069729670365
6.060689868427949
6.024941092082022
5.988874949701532
5.952505643714323
5.915847260125506
5.878913756163426
5.8417189486695245
5.804276503248744
5.766599924194353
5.728702545198657
5.6905975208585575
5.652297818982797
5.613816213705834
5.575165279411419
5.536357385467426
5.497404691771985
5.458319145109715
5.419112476315556
5.379796198242472
5.340381604528163
5.30087976915458
5.261301546792547
5.221657573922381
5.1819582707194245
5.142213843691274
5.102434289051225
5.062629396809425
5.022808755560204
4.9829817579403715
4.9431576067293195
4.903345321557448
4.863553746184587
4.823791556305269
4.784067267832344
4.744389245604961
4.704765712461638
4.665204758613454
4.625714351247045
4.586302344281949
4.546976488201725
4.507744439873764
4.468613772268332
4.429591983983707
4.390686508480803
4.351904722927769
4.313253956552757
4.274741498400909
4.23637460439016
4.198160503559373
4.160106403401557
4.122219494174728
4.084506952083332
4.04697594122398
4.009633614191051
3.972487111240347
3.9355435579130833
3.898810061027973
3.8622937029566473
3.826001534107549
3.7899405635557506
3.754117747771609
3.7185399774198205
3.683214062222428
3.6481467139046626
3.6133445272712534
3.5788139594923076
3.544561307711918
3.5105926851283678
3.476913995731662
3.4435309079208247
3.4104488272593407
3.377672868661302
3.3452078283321267
3.3130581558156402
3.281227926523261
3.2497208151403036
3.2185400703189226
3.1876884910768046
3.157168405324704
3.1269816509444595
3.097129559831032
3.067612945296761
3.038432093211585
3.009586757217613
2.981076158308025
2.9528989889960076
2.9250534222174758
2.8975371250101745
2.870347276891005
2.8434805927151174
2.8169333496485547
2.7907014177278584
2.7647802933253973
2.7391651347007957
2.7138507987115594
2.6888318776956757
2.664102735540391
2.6396575420270887
2.615490304699242
2.5915948977394665
2.567965087654373
2.5445945559339873
2.521476919248324
2.498605748130948
2.4759745854353676
2.4535769660905467
2.4314064397844164
2.4094565981346623
2.387721107643118
2.3661937492699376
2.3448684648234654
2.3237394095797486
2.3028010096812723
2.2820480219936665
2.261475593308694
2.241079315162359
2.220855270174079
2.2008000657785356
2.1809108515669107
2.1611853172016113
2.141621669007719
2.1222185848288397
2.1029751484797012
2.0838907670104168
2.064965075859602
2.046197838628368
2.027588849447704
2.0091378465282106
1.9908444452844094
1.972708098278217
1.9547280870766248
1.9369035480396872
1.919233530269753
1.901717079845758
1.8843533405646435
1.8671416583309757
1.8500816746882158
1.8331733952593747
1.8164172212964467
1.7998139370001234
1.7833646512205836
1.7670706986607223
1.7509335116011855
1.7349544772600871
1.7191347972636093
1.7034753639487308
1.6879766636730686
1.6726387110216578
1.6574610113572097
1.6424425442845905
1.6275817586745995
1.6128765715030255
1.5983243674316077
1.5839220022873435
1.5696658192417998
1.5555516894075245
1.541575087326495
1.5277312062709911
1.51401510970477
1.5004219060979294
1.486946927398058
1.4735858891516285
1.4603350135122062
1.4471911043777879
1.4341515743044984
1.4212144324468527
1.4083782486019272
1.3956421087698163
1.3830055726602797
1.3704686353395232
1.3580316870111464
1.3456954601459172
1.3334609540673772
1.321329333877063
1.3093018111933636
1.2973795247708788
1.2855634453029574
1.2738543271505351
1.262252719155932
1.2507590287961183
1.239373613320386
1.228096854917169
1.2169291716075987
1.2058709269408125
1.1949222306004361
1.1840826627527545
1.1733509941422537
1.1627249944067741
1.1522014090667936
1.141776139498109
1.131444595307559
1.1212021331149191
1.1110444768397831
1.1009680409053726
1.0909701311937772
1.0810490434214923
1.0712040859004397
1.0614355246332956
1.0517444175486392
1.0421323136623066
1.0326008553491113
1.0231514028985802
1.0137848364985604
1.004501637472494
0.9953022228110803
0.9861873747886851
0.9771585477683348
0.9682178775183894
0.9593678339405576
0.9506105886539645
0.9419472749409207
0.9333773869610698
0.9248985828150138
0.9165070812328427
0.9081986396043812
0.8999698136578341
0.8918189747558875
0.883746577298073
0.8757544839833072
0.8678446183552465
0.8600175373807943
0.8522714940145324
0.8446022278418591
0.8370033366359562
0.8294669149088856
0.8219842771905793
0.8145468469757059
0.8071473977796096
0.7997815887324368
0.7924492451212738
0.7851545174428896
0.7779043891896563
0.7707060411787959
0.7635646431871268
0.7564832047018052
0.7494647486318344
0.7425151320608094
0.7356439837899972
0.7288624163953047
0.7221785557296881
0.715593515625757
0.709100037709901
0.702684335460693
0.6963302523083025
0.6900241744056236
0.6837587395121048
0.6775333574477475
0.6713508667577185
0.6652122805467978
0.6591135720833676
0.6530477284279105
0.6470118200769681
0.6410147094419459
0.6350792289415313
0.6292353257899446
0.6235068263463687
0.6178995069334434
0.6123975996258381
0.606970136037632
0.6015824951367275
0.5962065579794881
0.5908257275019622
0.5854360187286695
0.5800466744285928
0.5746803394285813
0.5693678955466651
0.5641351133787812
0.5589876741727549
0.5539065078384903
0.5488586417067725
0.5438163853857553
0.5387717539806499
0.5337377561329929
0.5287385048211344
0.5237969286492207
0.5189263962159386
0.5141261541869518
0.5093808513135093
0.5046693289178947
0.49998273982755703
0.49533713652984374
0.49076414506699745
0.4862867522501074
0.4819070269061083
0.47761604913810185
0.47340566891828856
0.4692647181247009
0.4651701140027839
0.4610903238932359
0.457000746025694
0.4528959376031343
0.4487859834831435
0.4446798776463139
0.44057210086000487
0.43644587908752774
0.43229158790633354
0.42812193383031943
0.42396843143363083
0.41986608534746156
0.41583725113197123
0.4118838036799389
0.40800092744895455
0.4041980837007826
0.4004953732495541
0.3968993004393221
0.39338938651986577
0.38993656950699424
0.38653538576549945
0.38320170281446025
0.37993743948334235
0.37671872866581224
0.3735074825488266
0.3702555384627724
0.36693676181572954
0.36358854895787407
0.3602726865073776
0.35700119309830963
0.35372643950260163
0.3503942482510648
0.3470126531710773
0.3436534027857719
0.34038991362222587
0.33725518995966053
0.33422572629740327
0.3312440449634682
0.328286895965963
0.32538768491025805
0.3225532508842351
0.3197109916753108
0.31680882733906174
0.3138828498398332
0.31097133336782745
0.3080873607768463
0.30525051086896215
0.3024632384553961
0.299713668264355
0.29702362462856996
0.2943937253302899
0.2917535918447832
0.28906862074477324
0.2863765610170095
0.2836960912006539
0.2810044380066628
0.2782856429258354
0.2755759272149532
0.27299160667925326
0.27059385594801777
0.26826438638158157
0.26588599770081783
0.26344948244676347
0.26097703165068886
0.2585190425158236
0.25615538079812533
0.2539014688833536
0.25168616265822064
0.24946393434778574
0.24719995095678207
0.24492378959041133
0.2426883051872301
0.24044340783335202
0.2382139798850941
0.2360871698425322
0.23402151352838094
0.2319467426580984
0.22984286818419242
0.22767511488498382
0.22558213577947103
0.2236270468214363
0.2215720993436411
0.21930792030175092
0.2170927949784679
0.21509656653872913
0.21306948798138028
0.21097678769630157
0.20897845830326317
0.20705965138920493
0.2052220598535064
0.20339644098763907
0.20159877265896806
0.19981324340410367
0.19806975734082563
0.19642651498912247
0.19479974583654824
0.19307578167884765
0.19128893307775588
0.18949598686404406
0.18776104124334253
0.18603563003075013
0.18435881509703164
0.18267735140042388
0.1808978831651161
0.17908813484978445
0.17736996864990634
0.1756757823417131
0.1740456664467092
0.17248495185554213
0.17089100015749373
0.16925412793806113
0.1676535277418148
0.16606961399318496
0.16471823445222036
0.16349028301781451
0.16204501964983634
0.1604710353044835
0.15891860569685853
0.15745022594799082
0.15600427639141656
0.15465076260953922
0.1533955182719168
0.15213406016043532
0.1506831760959788
0.14917967873827923
0.14755335283050003
0.14595578576945
0.14467175337469995
0.14353857222448044
0.1424639318800552
0.14120120773753667
0.13986449663960224
0.1387208919919084
0.13752634836941582
0.13614510075623026
0.13492077209859746
0.13367287694463553
0.13227520036820334
0.13100911887341748
0.1297498012576206
0.12841345879266644
0.12735568159911262
0.12621355042170096
0.1251204049429566
0.12396981260051625
0.12296728859802321
0.12184134368107219
0.12062096327131949
0.11950764080920231
0.11848345661070685
0.11732670821083953
0.1161909228381704
0.11522600008040322
0.1142557164135587
0.11317259438210964
0.11198440857741655
0.11092057331528311
0.10996934510205213
0.10904669637502412
0.1079972197474385
0.10699191798764442
0.10605453813505207
