0.11477815290863443
0.11584109318916748
0.1169138742553721
0.1179965871329544
0.11908932368695409
0.12019217662927073
0.12130523952749214
0.12242860681186542
0.12356237378391685
0.1247066366229393
0.12586149239655967
0.1270270390658967
0.12820337549606867
0.12939060146296377
0.1305888176618898
0.13179812571774893
0.1330186281905768
0.1342504285848549
0.13549363136016931
0.13674834193812047
0.13801466671109863
0.13929271305140536
0.14058258932104326
0.14188440487845008
0.14319827009039496
0.144524296339592
0.14586259603351956
0.14721328261441524
0.14857647057014253
0.14995227543938694
0.15134081382653383
0.152742203407634
0.15415656294141172
0.15558401227900162
0.15702467237421466
0.1584786652918836
0.15994611422131827
0.1614271434820701
0.16292187853815573
0.16443044600547232
0.16595297366439815
0.16748959046899328
0.16904042655785134
0.17060561326519574
0.17218528313103204
0.17377956991288776
0.1753886085956717
0.1770125354041558
0.17865148781277693
0.18030560455801842
0.1819750256486098
0.18365989237767733
0.18536034733462523
0.1870765344162081
0.188808598838351
0.19055668714801283
0.19232094723539342
0.1941015283450822
0.19589858108994224
0.1977122574614503
0.19954271084333725
0.20139009602323354
0.20325456920572613
0.20513628802472436
0.20703541155622898
0.20895210033154132
0.2108865163496926
0.21283882309121058
0.2148091855301568
0.2167977701487367
0.21880474494980046
0.2208302794709255
0.22287454479672975
0.22493771357500653
0.22701996002785782
0.22912145996751715
0.2312423908097231
0.23338293158753529
0.23554326296636885
0.23772356725770774
0.23992402843415042
0.24214483214344684
0.24438616572360802
0.24664821821754507
0.24893118038834056
0.25123524473398157
0.25356060550255743
0.2559074587074158
0.258276002143381
0.26066643540099027
0.2630789598834393
0.26551377882113747
0.2679710972890329
0.27045112222063716
0.2729540624262554
0.2754801286075869
0.2780295333751338
0.28060249126377784
0.2831992187500689
0.28581993426894
0.2884648582299223
0.2911342130348805
0.29382822309345413
0.2965471148432486
0.299291116764074
0.3020604593968131
0.30485537536096
0.3076760993721123
0.3105228682593606
0.31339592098401853
0.31629549865683376
0.3192218445564551
0.32217520414799444
0.3251558251007257
0.3281639573071341
0.3311998529011831
0.33426376627759685
0.33735595410983205
0.34047667536948795
0.34362619134567207
0.3468047656639327
0.3500126643050407
0.35325015562543555
0.35651751037592855
0.3598150017216652
0.36314290526182014
0.3665014990493713
0.36989106361155244
0.37331188196907755
0.37676423965718137
0.38024842474496756
0.38376472785734855
0.3873134421933429
0.3908948635487505
0.3945092903357212
0.39815702360403665
0.40183836706122267
0.40555362709478515
0.40930311279206744
0.41308713596246055
0.41690601115795584
0.420760055694605
0.4246495896742447
0.42857493600597474
0.43253642042729074
0.43653437152641167
0.44056912076370525
0.4446410024932457
0.44875035398545704
0.4528975154482588
0.4570828300495665
0.4613066439393856
0.4655693062715086
0.4698711692263905
0.4742125880327428
0.478593920990336
0.4830155294917499
0.4874777780456576
0.4919810342979513
0.49652566905547785
0.5011120563075023
0.50574057324878
0.5104116003015654
0.5151255211385842
0.5198827227052398
0.5246835952420842
0.5295285323073475
0.5344179307996788
0.5393521909799853
0.5443317164945497
0.5493569143969207
0.5544281951703668
0.5595459727505
0.5647106645467732
0.5699226914656401
0.5751824779318346
0.5804904519108623
0.5858470449305689
0.5912526921036813
0.5967078321485777
0.6022129074116847
0.6077683638886221
0.6133746512457262
0.6190322228409669
0.6247415357452972
0.6305030507638002
0.6363172324556037
0.6421845491551156
0.6481054729920415
0.6540804799116864
0.6601100496944318
0.6661946659760121
0.6723348162661177
0.6785309919682636
0.6847836883981279
0.691093404802158
0.6974606443759473
0.7038859142818913
0.7103697256671669
0.7169125936801505
0.7235150374879786
0.7301775802924111
0.7369007493459638
0.743685075967677
0.7505310955577258
0.7574393476123389
0.7644103757377779
0.7714447276640533
0.7785429552576425
0.7857056145342087
0.7929332656704757
0.8002264730152211
0.8075858051002175
0.815011834649886
0.8225051385908801
0.8300662980601842
0.8376958984133674
0.8453945292310768
0.853162784325829
0.8610012617468632
0.8689105637848886
0.8768912969756057
0.8849440721023821
0.893069504197877
0.9012682125448854
0.9095408206758032
0.917887956371178
0.926310251657385
0.9348083428025715
0.9433828703120709
0.9520344789220927
0.9607638175922593
0.9695715394970327
0.9784583020153673
0.9874247667192503
0.9964715993609274
1.005599469857925
1.0148090522774922
1.0241010248184457
1.03347606979214
1.0429348736012471
1.0524781267168597
1.0621065236538572
1.0718207629443204
1.081621547109073
1.0915095826268981
1.101485579902039
1.11155025322953
1.1217043207578759
1.1319485044501558
1.1422835300421543
1.1527101269984479
1.1632290284656228
1.1738409712235751
1.1845466956332409
1.1953469455825882
1.2062424684289188
1.2172340149388927
1.228322339225221
1.2395081986805265
1.2507923539078938
1.2621755686479947
1.2736586097034688
1.2852422468591154
1.296927252799032
1.3087144030200843
1.3206044757412998
1.3325982518097954
1.3446965146024328
1.3569000499236725
1.3692096458990584
1.3816260928643447
1.3941501832504497
1.4067827114635898
1.4195244737609323
1.4323762681213392
1.4453388941112604
1.458413152745436
1.4715998463425892
1.4848997783756572
1.4983137533164685
1.5118425764750103
1.5254870538327667
1.5392479918700392
1.553126197387493
1.5671224773211108
1.581237638551108
1.59547248770387
1.6098278309474592
1.624304473780302
1.6389032208123686
1.6536248755394154
1.6684702401099274
1.6834401150840022
1.6985352991847753
1.7137565890417454
1.7291047789258744
1.7445806604763057
1.7601850224183615
1.775918650273091
1.7917823260574546
1.8077768279753579
1.8239029300993803
1.8401614020426855
1.856553008621151
1.87307850950536
1.889738658862188
1.9065342049859328
1.9234658899185932
1.94053444905898
1.9577406107607138
1.9750850959185895
1.9925686175431603
2.0101918803232612
2.0279555801763336
2.0458604037860426
2.0639070281271708
2.0820961199775545
2.10042833541634
2.1189043193090513
2.137524704778307
2.1562901126609373
2.1752011509501012
2.194258414223145
2.2134624830542005
2.2328139234117024
2.252313286040181
2.2719611058264624
2.291757901149578
2.3117041732143444
2.3318004053683303
2.3520470624017746
2.372444589830475
2.3929934131609016
2.413693937137755
2.434546544973348
2.455551597558725
2.476709432656165
2.49802036407268
2.5194846808147062
2.5411026462230004
2.5628744970882567
2.5848004427465985
2.6068806641550295
2.6291153129464204
2.6515045104640578
2.6740483467752107
2.69674687966378
2.719600133601598
2.7426080986983896
2.7657707296301504
2.7890879445455528
2.812559623950692
2.836185609571568
2.8599657031943937
2.8838996654836935
2.90798721477783
2.9322280258622224
2.9566217287198993
2.981167907259585
3.0058660980211345
3.030715788858441
3.055716417599767
3.0808673706857337
3.106167981784709
3.1316175303861598
3.157215240371842
3.1829602785649116
3.2088517532576164
3.234888712717245
3.261070143671131
3.287394969770798
3.313862050035449
3.3404701772758263
3.3672180764980615
3.39410440328878
3.4211277421815556
3.4482866050055514
3.4755794292168494
3.5030045762135047
3.530560329634561
3.558244893644532
3.586056391203708
3.6139928623255866
3.6420522623223297
3.670232460039476
3.6985312360809197
3.726946281025569
3.7554751936370705
3.7841154790678493
3.812864547059126
3.8417197101384324
3.870678181816441
3.8997370747846536
3.9288933991161232
3.958144060470946
3.987485858308756
4.0169154841103225
4.046429519610522
4.076024435045266
4.1056965874145765
4.135442218764744
4.165257454492143
4.195138301671542
4.225080647412024
4.255080257243465
4.285132773536927
4.315233713962195
4.345378469986017
4.3755623054146735
4.405780354984519
4.436027623004439
4.466298982054198
4.4965891717428805
4.5268927975314766
4.557204329624293
4.587518101933531
4.617828311121681
4.648129015726625
4.678414135374342
4.708677450084071
4.738912599671415
4.7691130832543065
4.799272258867528
4.8293833431911395
4.859439411398346
4.889433397128772
4.919358092592643
4.949206148812009
4.978970076004793
5.00864224411786
5.038214883515111
5.067680085826755
5.097029804966018
5.126255858319494
5.155349928117294
5.184303562989415
5.213108179714341
5.2417550651663225
5.270235378467281
5.298540153349612
5.326660300735804
5.354586611540873
5.382309759703366
5.409820305450646
5.437108698803943
5.464165283328528
5.490980300134002
5.517543892129767
5.543846108540076
5.569876909683112
5.595626172018083
5.621083693463864
5.646239198992581
5.671082346500896
5.695602732961453
5.7197899008563455
5.743633344894072
5.76712251901083
5.790246843656427
5.812995713364475
5.835358504605918
5.857324583924203
5.87888331634972
5.900024074090383
5.9207362454944175
5.941009244280611
5.960832519030425
5.980195562935488
5.999087923793054
6.0174992142410915
6.035419122223653
6.052837421676252
6.069743983419848
6.086128786251108
6.101981928215471
6.11729363804848
6.1320542867698276
6.146254399413387
6.159884666875401
6.17293595786201
6.185399330916053
6.197266046502122
6.208527579127723
6.219175629477329
6.229202136535165
6.238599289671479
6.2473595406661735
6.255475615642745
6.262940526884576
6.269747584504915
6.2758904079410485
6.281362937242572
6.28615944412305
6.290274542743884
6.293703200198729
6.296440746666611
6.298482885201578
6.299825701126717
6.30046567100033
6.300399671122285
6.299624985548825
6.29813931358451
6.295940776720602
6.293027924989875
6.289399742708705
6.2850556535783335
6.279995525118373
6.2742196724069395
6.2677288611033
6.26052430973061
6.25260769119806
6.243981133543768
6.234647219881858
6.224608987539413
6.213869926371406
6.2024339762442615
6.190305523681334
6.177489397666429
6.163990864604306
6.149815622440156
6.134969793943089
6.119459919161797
6.103292947063738
6.086476226372472
6.069017495620974
6.050924872442014
6.032206842119979
6.012872245431673
5.992930265806817
5.972390415842047
5.951262523205244
5.929556715969854
5.907283407421682
5.884453280383248
5.861077271103213
5.837166552760679
5.812732518636251
5.787786765003604
5.762341073796879
5.736407395110705
5.709997829590762
5.683124610773609
5.655800087435229
5.6280367060080225
5.599846993125993
5.571243538357786
5.542238977186579
5.512845974295197
5.4830772072136105
5.452945350384808
5.422463059703335
5.39164295757893
5.3604976185756765
5.3290395556747
5.297281207205773
5.265234924490623
5.232912960237524
5.200327457723651
5.16749044079835
5.13441380473686
5.101109307970283
5.0675885647139
5.033863038511721
4.999944036711221
4.9658427058777965
4.931570028154285
4.89713681856628
4.862553723269476
4.827831218730656
4.792979611829182
4.758009040861047
4.722929477422757
4.687750729147425
4.65248244326052
4.617134110917912
4.581715072283912
4.546234522302232
4.510701517108035
4.475124981024667
4.439513714084197
4.403876400006557
4.368221614568198
4.332557834287322
4.296893445349353
4.261236752693349
4.225595989177386
4.189979324738708
4.15439487546289
4.118850712474916
4.083354870564466
4.047915356457437
4.012540156646132
3.977237244691199
3.9420145879095907
3.906880153364408
3.8718419130742494
3.8369078483616996
3.802085953262889
3.7673842369221973
3.732810724898458
3.6983734593113002
3.664080497758332
3.6299399109360286
3.595959778899197
3.5621481858962007
3.5285132137194033
3.4950629335132124
3.4618053959857327
3.4287486199745207
3.395900579322975
3.36326918803165
3.3308622836587407
3.2986876089565085
3.2667527917461285
3.2350653230523467
3.2036325335420344
3.172461568337223
3.1415593603037335
3.1109326019507555
3.08058771611465
3.0505308256414625
3.0207677223261995
2.9913038354123698
2.9621442000015508
2.9332934257683108
2.9047556664197143
2.876534590379017
2.8486333532083203
2.8210545723131024
2.7938003044904893
2.766872026890988
2.7402706219576776
2.7139963668855347
2.688048928104591
2.6624273612317637
2.6371301168561474
2.6121550524201766
2.58749945033399
2.5631600423134726
2.53913303976593
2.5154141698647616
2.49199871676159
2.468881567188554
2.446057259514332
2.4235200351463706
2.4012638910312605
2.379282631908737
2.3575699209352288
2.3361193273220446
2.3149243697399906
2.2939785544309235
2.2732754072366474
2.252808499099043
2.2325714649870947
2.2125580166441385
2.192761949992583
2.1731771484482763
2.1537975837445185
2.134617316107595
2.115630495726881
2.0968313673950774
2.0782142799422227
2.0597737016495845
2.041504242223164
2.0234006811673684
2.0054580015824026
1.9876714275857297
1.9700364628128066
1.952548926875745
1.935204986338574
1.9180011767812433
1.9009344129252395
1.8840019846029883
1.867201537549306
1.8505310395047707
1.8339887338236238
1.817573084497709
1.801282718027679
1.7851163686557212
1.7690728338876558
1.7531509467842303
1.7373495700788897
1.721667614788106
1.7061040827763674
1.6906581290410732
1.6753291357668068
1.6601167870491684
1.6450211312278866
1.6300426175530247
1.6151820958080265
1.600440771603881
1.585820116037119
1.571321735566106
1.5569472152513604
1.542697954657457
1.528575019449083
1.5145790319950627
1.500710120570302
1.4869679391403026
1.473351759106267
1.45986062235683
1.446493533571664
1.433249661141444
1.4201285122003173
1.407130049277028
1.3942547240631835
1.3815034166675084
1.3688772842718868
1.3563775384216477
1.344005182279059
1.3317607456968636
1.319644055854355
1.3076540749695327
1.2957888262434472
1.2840454175068388
1.2724201616482305
1.260908785255652
1.2495067116929275
1.238209400173356
1.227012715866229
1.2159132963008439
1.204908867482449
1.1939984534981176
1.1831824224825775
1.1724623259255158
1.1618405202262327
1.1513196056757737
1.1409017682041036
1.1305881480196336
1.1203783716125324
1.1102703606476128
1.1002604750185707
1.0903439712946559
1.080515682950587
1.070770776113759
1.0611054175452153
1.0515172121883594
1.042005317843873
1.0325702116990225
1.0232131556755883
1.0139354754218646
1.0047378214972924
0.9956196071430757
0.9865787981544412
0.97761215508878
0.9687159023338154
0.9598866542088782
0.9511223179352196
0.9424226701917743
0.9337893938790407
0.9252255425795851
0.9167346034467525
0.9083194673934143
0.8999816254167573
0.8917207894216057
0.8835349497886568
0.8754207291869499
0.8673738490311778
0.8593895980208517
0.8514633135271183
0.843590959032968
0.8357698443124528
0.8279994078929998
0.8202818454710987
0.8126223090208903
0.8050284528145393
0.7975092404572092
0.790073114466335
0.7827258545853748
0.7754686960167919
0.7682974453962935
0.7612032259052741
0.7541749562018312
0.7472028488472958
0.7402815720628197
0.7334117837167863
0.7265996267363034
0.7198549228944383
0.7131893566617188
0.7066154500764501
0.7001460051724641
0.693792920320944
0.6875646028445636
0.6814624324770927
0.6754779141698565
0.6695922927405555
0.663779241765716
0.6580095464767659
0.6522557395277851
0.646495189720807
0.6407116939004557
0.6348967171242145
0.6290510102107445
0.6231859279706738
0.6173229950027486
0.6114910487185649
0.6057218064727931
0.6000453214456586
0.5944859428782899
0.5890582702758377
0.5837628698596444
0.5785833807806733
0.5734880751224655
0.5684375555482923
0.5633962381999753
0.5583420164779225
0.5532695005626544
0.548186934310039
0.543110938122338
0.5380629223136562
0.5330671384795911
0.5281473681951593
0.5233206828945388
0.5185909024265077
0.5139463777271929
0.5093645542351299
0.5048218269683924
0.5003035836678521
0.4958077026847671
0.49133896254845055
0.4869008920189589
0.48249417930953836
0.4781205928310288
0.47378260264339733
0.4694773117713143
0.46519714794350814
0.4609428637834946
0.4567316042148004
0.4525824036139144
0.44849239109725103
0.44443332264576135
0.44037355237308684
0.43630371183904243
0.4322467643717771
0.42824602207193646
0.4243364612523251
0.4205216563095699
0.41677880342658064
0.41308288642386226
0.40942036496634515
0.4057834420086239
0.4021604286495113
0.3985340122581478
0.3948876653739266
0.39121822936354594
0.38754850942362656
0.3839225361671212
0.38037689754108067
0.37692052169257734
0.3735493753749558
0.37026189941707016
0.3670411707165571
0.3638368511037312
0.3605877634018067
0.3572632295008854
0.3538720125453041
0.3504386758215428
0.346996903566887
0.3436006634410816
0.3403093458751153
0.337151720099065
0.33410226653644404
0.3311019002442374
0.32811761232117637
0.3251652541779285
0.32227072928562145
0.3194302987720795
0.316615697561867
0.31380449916654046
0.3109880525383479
0.30816518605650095
0.30533761294928224
0.3025156563844137
0.29975384437855246
0.2971208688181755
0.29460690279452917
0.29213796227820854
0.2896476832522109
0.2870858531348446
0.2844191320042705
0.28166248428647206
0.27888099624386226
0.2761241257854138
0.27341757249747817
0.270811439386906
0.2683285199135346
0.2659215156587853
0.2635376197058332
0.26115991585240755
0.2587963771929243
0.2564938487149743
0.2543040825578844
0.2521918754806545
0.25006935866025054
0.24785673168572675
0.24553077491304806
0.243170513802019
0.2408486778279849
0.23856526694824945
0.2362979580210053
0.23401178029795366
0.23171813220712192
0.22953926383090523
0.22747530574266983
0.22540849527360574
0.2233383668760189
0.2212705524841137
0.21921811464906188
0.21724480644502767
0.21532051278538136
0.2133693778053613
0.2113591824966524
0.20936885042193382
0.20738221455706543
0.20544826542695266
0.2037307814662702
0.20213114861287773
0.2004088955301336
0.19848105454525689
0.19642234905006928
0.1944620419213673
0.19271978741995408
0.19109473906336774
0.18950046857504144
0.1878578447753098
0.18607078962286322
0.18419373890014565
0.18226907678357548
0.18039801701006192
0.17881917200127542
0.177483083657228
0.17612017993927548
0.1745260239942874
0.17287907775388284
0.17136674477980668
0.16992542244069253
0.16848261872916553
0.1669828319124289
0.16534581342922097
0.1636136707791602
0.16197383900423695
0.16037376892069946
0.15879780366759297
0.15744612021250123
0.15618523155987485
0.1547819603588122
0.15331253851235868
0.1518602842508919
0.15040365959796026
0.14901030018245268
0.14766421127202903
0.14629542953551983
0.14502646748674433
0.14379051059786552
0.14250554228469361
0.1410847902738583
0.13963044335327507
0.13832400813234047
0.1372149399939117
0.136128672455055
0.13480772145554254
0.13341016482756465
0.13224063781992226
0.131223912740353
0.13007804203760082
0.12875439985318274
0.12739157682963057
0.12615928463453863
0.12513149356576958
0.12392899481575713
0.12267476320648922
0.12158459120857062
0.12047337344067978
0.11944837338904803
0.11839458424880553
0.11729494912676097
0.11620926885122926
0.1152185427203975
0.11414554409660177
0.11304567028726815
0.1120146988330607
0.1110709917496933
0.11009242800717968
0.10913892600909153
0.10808195138267614
0.10697802653858658
0.10607456303066583
0.10529654410067484
0.10447575450948901
0.10344638367490654
0.10246252994323883
0.10151488885347787
0.10043868009850743
0.09943893379075362
0.09852251376307426
0.0975144540891119
0.09659150456909309
0.09582587740939476
