0.11491749316370198
0.11598174228987788
0.11705584480679865
0.1181398918694886
0.11923397547378815
0.12033818846524641
0.12145262454570546
0.12257737828114082
0.12371254511109814
0.1248582213543114
0.1260145042190903
0.12718149180990668
0.12835928313606582
0.1295479781200433
0.13074767760573527
0.13195848336701185
0.13318049811662094
0.13441382551320877
0.13565857017175928
0.13691483767148335
0.13818273456477484
0.13946236838576354
0.14075384765955956
0.14205728191205802
0.1433727816773263
0.14470045850800017
0.14604042498463116
0.14739279472464858
0.1487576823912808
0.1501352037049268
0.15152547545039285
0.15292861548817105
0.15434474276371957
0.15577397731752157
0.1572164402947388
0.15867225395515622
0.1601415416843164
0.16162442800188023
0.16312103857404156
0.16463150022232217
0.16615594093464245
0.16769448987610863
0.16924727739918505
0.17081443505497362
0.17239609560341204
0.17399239302481148
0.1756034625309104
0.17722944057524956
0.17887046486530883
0.18052667437335368
0.1821982093477502
0.18388521132515961
0.18558782314069022
0.18730618894168255
0.1890404541976561
0.1907907657133855
0.19255727164012165
0.19434012148863283
0.19613946614039038
0.1979554578606036
0.1997882503104119
0.20163799855927317
0.2035048590977076
0.20538898985044732
0.2072905501886527
0.2092097009428781
0.21114660441661046
0.21310142439925114
0.21507432617910488
0.21706547655708833
0.21907504386013407
0.2211031979546349
0.22315011026051673
0.22521595376458042
0.22730090303472544
0.22940513423431957
0.2315288251355915
0.2336721551345845
0.2358353052651722
0.23801845821376372
0.24022179833399518
0.2424455116609191
0.24468978592674023
0.24695481057528462
0.24924077677668147
0.25154787744346735
0.2538763072455336
0.25622626262526454
0.2585979418134814
0.2609915448449632
0.2634072735744938
0.2658453316924652
0.2683059247410424
0.2707892601306106
0.27329554715556925
0.27582499701134144
0.27837782281037116
0.2809542395991017
0.28355446437469434
0.2861787161021774
0.2888272157309765
0.2915001862123614
0.2941978525170169
0.29692044165206544
0.29966818267861545
0.30244130672981834
0.3052400470280797
0.3080646389036031
0.3109153198119578
0.31379232935242674
0.31669590928637137
0.3196263035556743
0.3225837583009285
0.325568521880695
0.32858084488969524
0.3316209801783253
0.3346891828713758
0.33778571038694766
0.34091082245653853
0.3440647811435873
0.3472478508636502
0.3504602984039117
0.3537023929426663
0.3569744060697558
0.36027661180631837
0.3636092866249697
0.36697270946999444
0.37036716177798396
0.3737929274983382
0.37725029311368424
0.38073954766089335
0.3842609827517385
0.3878148925940332
0.39140157401282694
0.39502132647131283
0.3986744520925049
0.40236125568048314
0.4060820447420392
0.4098371295083586
0.41362682295663267
0.4174514408320882
0.4213113016701081
0.42520672681789623
0.4291380404570262
0.43310556962552327
0.4371096442405587
0.44115059712034116
0.44522876400723826
0.4493444835901061
0.4534980975272704
0.4576899504689534
0.46192039008068153
0.466189767065843
0.47049843518895273
0.474846751298782
0.4792350753514257
0.4836637704337377
0.4881332027864118
0.49264374182764326
0.4971957601764669
0.5017896336760702
0.5064257414174761
0.5111044657633088
0.5158261923709091
0.5205913102164561
0.5254002116184487
0.5302532922613563
0.5351509512193495
0.54009359098014
0.5450816174687508
0.5501154400707667
0.5551954716567978
0.5603221286056497
0.5654958308282656
0.5707170017913613
0.5759860685408624
0.5813034617260261
0.5866696156224123
0.5920849681557193
0.5975499609251694
0.6030650392268817
0.6086306520771637
0.6142472522357131
0.6199152962286892
0.6256352443719052
0.6314075607933293
0.6372327134564131
0.643111174182165
0.649043418672044
0.6550299265300524
0.6610711812848639
0.6671676704120775
0.6733198853558
0.6795283215501102
0.6857934784407228
0.6921158595058237
0.6984959722770662
0.7049343283602086
0.7114314434555429
0.7179878373777016
0.7246040340755958
0.7312805616517878
0.738017952381581
0.7448167427317943
0.7516774733789294
0.7586006892274232
0.765586939426905
0.7726367773895458
0.7797507608065747
0.7869294516645258
0.7941734162609906
0.8014832252197532
0.8088594535054275
0.8163026804375516
0.8238134897041302
0.8313924693745774
0.8390402119117374
0.8467573141838328
0.8545443774751411
0.8624020074962843
0.8703308143935865
0.8783314127578971
0.886404421632372
0.8945504645195073
0.9027701693873609
0.9110641686749109
0.9194330992960997
0.9278776026436397
0.9363983245910145
0.9449959154940113
0.9536710301909296
0.9624243280017163
0.9712564727258346
0.9801681326393322
0.9891599804900427
0.9982326934920247
1.0073869533185733
1.0166234460935195
1.0259428623815519
1.0353458971768907
1.0448332498903146
1.0544056243347841
1.0640637287093897
1.0738082755816716
1.0836399818680862
1.0935595688127095
1.1035677619642972
1.1136652911511555
1.1238528904541676
1.1341312981778284
1.1445012568191002
1.1549635130341536
1.16551881760289
1.1761679253910338
1.1869115953101166
1.1977505902746561
1.2086856771572012
1.2197176267403118
1.230847213666469
1.2420752163845474
1.2534024170939508
1.26482960168557
1.2763575596797967
1.287987084161413
1.2997189717112785
1.3115540223346618
1.3234930393862883
1.3355368294918992
1.347686202465952
1.359941971225965
1.3723049517029235
1.3847759627476253
1.3973558260332375
1.4100453659534804
1.42284540951677
1.4357567862357636
1.4487803280125222
1.461916869019075
1.4751672455730556
1.4885322960086589
1.5020128605423304
1.5156097811335798
1.5293239013401194
1.543156066167913
1.5571071219153545
1.5711779160119075
1.5853692968505964
1.5996821136146315
1.6141172160977615
1.628675454518137
1.6433576793258078
1.6581647410031997
1.6730974898590398
1.6881567758148976
1.703343448184585
1.7186583554461783
1.734102345006173
1.7496762629560207
1.7653809538205796
1.7812172602981666
1.7971860229924206
1.813288080135315
1.8295242673014112
1.8458954171129327
1.8624023589356662
1.8790459185651929
1.895826917903536
1.912746174625561
1.9298045018354357
1.9470027077123815
1.9643415951458745
1.9818219613597567
1.9994445975252582
2.017210288362433
2.0351198117299094
2.053173938202658
2.0713734306374225
2.0897190437257387
2.108211523533942
2.1268516070303436
2.1456400215987284
2.164577484538465
2.1836647025504323
2.202902371208894
2.222291174418695
2.2418317838576542
2.261524858403809
2.281371043547306
2.3013709707862975
2.321525257007044
2.3418345038475343
2.3622992970443084
2.382920205762422
2.403697781908008
2.4246325594232974
2.4457250535635136
2.4669757601556173
2.488385154838459
2.5099536922839087
2.531681805398854
2.5535699045075946
2.575618376514369
2.597827584045716
2.620197864572268
2.6427295295098654
2.665422863299378
2.6882781224652637
2.7112955346522942
2.734475297640306
2.7578175783366854
2.7813225117461795
2.804990199917882
2.8288207108691137
2.8528140774858666
2.876970296399608
2.9012893268402276
2.925771089464845
2.9504154651622754
2.97522229383297
3.0001913731442476
3.0253224572605637
3.0506152555488084
3.076069431258278
3.101684600175428
3.127460329253116
3.1533961352143742
3.1794914831305867
3.2057457849740443
3.2321583981449136
3.258728623972585
3.2854557061914367
3.312338829391151
3.3393771174416886
3.366569631892921
3.3939153703493665
3.421413264819954
3.4490621800433385
3.476860911788809
3.504808185133363
3.5329026527152196
3.5611428929641695
3.5895274083093747
3.618054623365093
3.646722883094872
3.675530450954965
3.704475507017673
3.7335561460752893
3.7627703757257
3.792116114440304
3.8215911896154644
3.8511933356084445
3.8809201917589795
3.910769300397753
3.940738104843046
3.9708239473869655
4.001024067272791
4.031335598664937
4.061755568613263
4.092280895013518
4.12290838456579
4.153634730732961
4.184456511701252
4.215370188345089
4.246372102198653
4.277458473436528
4.308625398866052
4.339868849934068
4.371184670750932
4.402568576134762
4.43401614967897
4.46552284184645
4.497083968093716
4.5286947070285475
4.560350098604916
4.592045042358914
4.623774295689799
4.655532472190223
4.687314040030004
4.719113320397915
4.750924486006087
4.782741559661877
4.814558412912138
4.846368764764997
4.878166180494473
4.909944070533392
4.941695689460155
4.97341413508527
5.00509234764344
5.0367231090974505
5.068299042560072
5.099812611840333
5.1312561211208845
5.162621714773
5.1939013773162
5.225086933529441
5.256170048721001
5.287142229164279
5.317994822706914
5.348719019560659
5.379305853279556
5.409746201934052
5.4400307894887625
5.470150187391679
5.500094816382566
5.529854948528385
5.559420709493696
5.588782081053681
5.6179289038577584
5.6468508804514626
5.675537578564289
5.703978434671109
5.732162757834633
5.760079733836192
5.787718429602096
5.815067797932404
5.842116682538942
5.868853823398934
5.895267862430436
5.921347349495453
5.9470807487360675
5.97245644524877
5.997462752101505
6.022087917697575
6.0463201334899725
6.070147542049202
6.093558245486939
6.116540314237284
6.13908179619665
6.161170726222587
6.182795135990963
6.203943064210162
6.224602567190082
6.24476172976262
6.264408676549519
6.283531583572316
6.3021186901980135
6.320158311413049
6.337638850416874
6.354548811525278
6.370876813372293
6.38661160239822
6.401742066609941
6.416257249598365
6.430146364796299
6.443398809958767
6.4560041818461595
6.467952291089186
6.479233177213061
6.489837123796865
6.49975467374238
6.508976644625309
6.517494144100139
6.525298585328451
6.532381702398965
6.5387355657061175
6.544352597252594
6.549225585839742
6.5533477021085895
6.556712513392776
6.559313998343613
6.561146561286312
6.562205046265404
6.562484750736454
6.561981438860355
6.560691354355811
6.5586112328650925
6.5557383137876775
6.552070351536233
6.5476056261692674
6.5423429533549
6.5362816936204995
6.529421760843442
6.521763629938912
6.513308343701635
6.5040575187595655
6.494013350598903
6.4831786176214745
6.471556684197344
6.4591515026776545
6.445967614335023
6.432010149201459
6.417284824776604
6.401797943582233
6.38555638954222
6.368567623170896
6.350839675556393
6.332381141129697
6.313201169214329
6.293309454356045
6.272716225436459
6.251432233579401
6.229468738863587
6.206837495860246
6.183550738019472
6.159621160934176
6.1350619045157595
6.109886534120738
6.084109020672808
6.057743719829851
6.0308053502503896
6.003308971018871
5.975269958293804
5.94670398124722
5.91762697736818
5.888055127206951
5.858004828639976
5.827492670739184
5.796535407331801
5.765149930339411
5.733353242986782
5.701162432972625
5.668594645695229
5.635667057626385
5.602396849926927
5.568801182396427
5.534897167848309
5.500701846999874
5.466232163964206
5.431504942427922
5.396536862595249
5.3613444389747515
5.325943999080347
5.290351663113278
5.254583324686027
5.21865463264319
5.182580974027971
5.1463774582363015
5.110058902393567
5.07363981798174
5.037134398737453
5.000556509834024
4.963919678352973
4.927237085043195
4.890521557358563
4.853785563757497
4.81704120924118
4.780300232100344
4.743574001834227
4.706873518199373
4.670209411340468
4.633591942950416
4.597031008402336
4.560536139792382
4.524116509828921
4.487780936500906
4.4515378884563335
4.415395491020177
4.37936153278043
4.343443472670805
4.307648447479019
4.271983279710695
4.236454485740494
4.201068284184277
4.165830604428653
4.130747095257332
4.095823133517252
4.061063832771092
4.026474051886958
3.9920584035203155
3.957821262447729
3.923766773716498
3.889898860579087
3.856221232185757
3.8227373910135944
3.7894506400145165
3.756364089469435
3.7234806635398487
3.69080310651222
3.6583339887343564
3.6260757122464256
3.5940305161125568
3.562200481461903
3.53058753625064
3.499193459758634
3.4680198868365584
3.437068311920754
3.4063400928344953
3.375836454395242
3.345558491848183
3.3155071741466737
3.285683347100239
3.2560877364106817
3.2267209506163432
3.1975834839638275
3.168675719225744
3.139997930481832
3.111550285879594
3.0833328503892528
3.055345588566236
3.02758836733286
3.000060958789125
2.9727630430608882
2.9456942111918516
2.918853968084004
2.8922417354895114
2.865856855055216
2.8396985914192636
2.8137661353578576
2.7880586069785536
2.7625750589551337
2.7373144797978974
2.7122757971520004
2.687457881115492
2.66285954756794
2.63847956149977
2.6143166403320213
2.5903694572158007
2.566636644300636
2.543116795960863
2.5198084719693004
2.4967102006078505
2.4738204817050393
2.451137789591037
2.4286605759614948
2.4063872726421915
2.3843162942473928
2.362446040725778
2.3407748997887197
2.3193012492167493
2.2980234590410165
2.276939893597658
2.2560489134539243
2.235348877205902
2.2148381431486492
2.1945150708204033
2.1743780224232974
2.154425364123847
2.1346554672370455
2.1150667092984947
2.09565747502952
2.0764261572005496
2.0573711573984004
2.038490886703268
2.0197837662814337
2.001248227899682
1.982882714367451
1.9646856799126555
1.94665559049699
1.9287909240762822
1.9110901708113404
1.893551833234369
1.876174426375791
1.858956477856013
1.8418965279463146
1.8249931296027453
1.8082448484765454
1.791650262904341
1.7752079638809939
1.7589165550176968
1.7427746524876446
1.7267808849613162
1.7109338935331266
1.6952323316410547
1.6796748649805555
1.664260171413914
1.6489869408760447
1.6338538752775484
1.618859688405741
1.6040031058242117
1.5892828647714201
1.5746977140587155
1.560246413968084
1.5459277361499038
1.5317404635209129
1.5176833901625284
1.5037553212196775
1.4899550728002247
1.4762814718750557
1.462733356178905
1.4493095741119422
1.4360089846421666
1.4228304572086072
1.4097728716253657
1.3968351179865028
1.3840160965717538
1.371314717753103
1.3587299019022006
1.3462605792986047
1.3339056900388764
1.3216641839464973
1.3095350204826046
1.2975171686575515
1.285609606943274
1.2738113231864663
1.2621213145225403
1.2505385872903862
1.2390621569479137
1.2276910479883578
1.2164242938573664
1.2052609368708416
1.1942000281335314
1.1832406274583775
1.1723818032865982
1.1616226326085013
1.1509622008850309
1.140399601970032
1.1299339380332216
1.1195643194838785
1.1092898648952219
1.0991097009294966
1.0890229622637297
1.079028791516183
1.0691263391734755
1.0593147635183697
1.0495932305582265
1.0399609139541193
1.0304169949505875
1.0209606623060457
1.011591112223829
1.0023075482838648
0.9931091813749794
0.9839952296278222
0.9749649183484083
0.9660174799522642
0.9571521538991854
0.9483681866285918
0.9396648314954691
0.9310413487069068
0.9224970052592169
0.9140310748756225
0.905642837944528
0.8973315814583517
0.8890965989529155
0.8809371904473988
0.872852662384837
0.8648423275731718
0.8569055051268347
0.849041520408874
0.8412497049736113
0.833529396509819
0.8258799387844261
0.8183006815867387
0.8107909806731685
0.8033501977124725
0.7959777002314978
0.7886728615614148
0.7814350607844543
0.7742636826811264
0.7671581176779297
0.7601177617955326
0.7531420165974366
0.7462302891391105
0.7393819919175865
0.7325965428215221
0.7258733650817246
0.7192118872221186
0.712611543011174
0.7060717714137767
0.699592016543537
0.6931717276155404
0.6868103588995298
0.6805073696735204
0.674262224177834
0.6680743915695607
0.6619433458774389
0.6558685659571429
0.6498495354469884
0.6438857427240414
0.6379766808606279
0.6321218475812446
0.6263207452198684
0.6205728806776499
0.6148777653810023
0.6092349152400706
0.6036438506075864
0.5981040962380939
0.5926151812475549
0.5871766390733253
0.5817880074344932
0.576448828292587
0.5711586478126428
0.5659170163246242
0.5607234882852028
0.5555776222398872
0.5504789807854968
0.5454271305329826
0.5404216420705912
0.5354620899273604
0.5305480525369571
0.5256791122018418
0.520854855057766
0.5160748710385907
0.5113387538414321
0.5066461008921265
0.501996513311008
0.49738959587900594
0.49282495700405105
0.4883022086877878
0.4838209664925951
0.4793808495089105
0.4749814803228499
0.47062248498412806
0.46630349297427265
0.4620241371751309
0.45778405383766174
0.4535828825510183
0.44942026621191394
0.44529585099426533
0.4412092863191184
0.4371602248248501
0.4331483223376398
0.4291732378422153
0.4252346334528678
0.4213321743847286
0.41746552892531363
0.4136343684063271
0.40983836717572597
0.4060772025700363
0.40235055488692884
0.39865810735804386
0.3949995461220642
0.39137456019803807
0.38778284145894537
0.3842240846055057
0.38069798714022823
0.3772042493416996
0.37374257423910623
0.37031266758699255
0.36691423784024896
0.3635469961293317
0.360210656235707
0.35690493456752265
0.353629550135504
0.3503842245290673
0.3471686818926557
0.3439826489022923
0.34082585474234506
0.33769803108250873
0.33459891205499703
0.331528234231942
0.3284857366030043
0.32547116055318454
0.3224842498408437
0.3195247505759211
0.3165924111983519
0.31368698245668725
0.3108082173869062
0.3079558712914222
0.305129701718287
0.3023294684405776
0.29955493343598105
0.29680586086656024
0.2940820170587061
0.29138317048327844
0.28870909173592363
0.28605955351757406
0.28343433061513057
0.2808331998823172
0.2782559402207123
0.275702332560958
0.2731721598441377
0.2706652070033239
0.26818126094530115
0.2657201105324505
0.2632815465648019
0.2608653617622545
0.2584713507469563
0.2560993100258457
0.2537490379733567
0.25142033481427967
0.24911300260677866
0.24682684522556886
0.2445616683452445
0.2423172794237597
0.24009348768606528
0.23789010410788924
0.2357069413996725
0.23354381399064789
0.23140053801306518
0.2292769312865647
0.22717281330269054
0.22508800520954603
0.22302232979659353
0.2209756114795902
0.21894767628566203
0.21693835183851817
0.214947467343798
0.21297485357455187
0.21102034285685925
0.20908376905557502
0.20716496756020678
0.2052637752709249
0.20338003058469808
0.20151357338155557
0.19966424501097912
0.19783188827841636
0.19601634743191834
0.19421746814890228
0.19243509752303306
0.19066908405122507
0.18891927762076668
0.1871855294965578
0.18546769230846968
0.18376562003881716
0.1820791680099462
0.18040819287193807
0.17875255259042352
0.1771121064345087
0.17548671496481488
0.1738762400216251
0.17228054471313928
0.17069949340384055
0.1691329517029648
0.16758078645307664
0.1660428657187528
0.1645190587753662
0.16300923609797396
0.16151326935030882
0.16003103137387006
0.15856239617711362
0.15710723892474482
0.1556654359271061
0.1542368646296627
0.15282140360258675
0.15141893253043517
0.15002933220192166
0.14865248449978544
0.1472882723907502
0.14593657991557552
0.144597292179202
0.143270295340983
0.14195547660500996
0.14065272421052374
0.13936192742241418
0.1380829765218091
0.13681576279674718
0.13556017853293675
0.13431611700460147
0.1330834724654075
0.13186214013947478
0.13065201621247194
0.12945299782279154
0.12826498305280595
0.12708787092020568
0.12592156136941507
0.12476595526308687
0.1236209543736767
0.12248646137509311
0.12136237983442398
0.12024861420374106
0.11914506981197755
0.1180516528568804
0.11696827039703833
0.11589483034398106
0.114831241454351
0.11377741332214913
0.11273325637104863
0.1116986818467822
0.11067360180959739
0.10965792912678095
0.1086515774652537
0.10765446128423156
0.10666649582795384
0.1056875971184803
0.10471768194855202
0.10375666787451851
0.10280447320933082
0.10186101701559756
0.10092621909870468
