0.07868710138980714
0.07941583608504252
0.0801513182092349
0.0808936101951177
0.0816427750524807
0.08239887637197686
0.08316197833219517
0.0839321457036593
0.08470944385550469
0.08549393875921414
0.08628569699642905
0.08708478576241643
0.08789127287328377
0.0887052267704248
0.08952671652738693
0.09035581185438857
0.0911925831054046
0.09203710128342203
0.09288943804648193
0.09374966571335454
0.09461785727006612
0.09549408637606657
0.0963784273697804
0.09727095527524435
0.09817174580863171
0.09908087538376215
0.09999842111925411
0.10092446084458825
0.10185907310687213
0.10280233717697221
0.10375433305633397
0.10471514148364808
0.10568484394183378
0.1066635226643332
0.10765126064231736
0.10864814163132601
0.10965425015851749
0.11066967152953816
0.11169449183546366
0.1127287979601715
0.11377267758773742
0.11482621920911319
0.11588951212992724
0.11696264647794785
0.11804571320992031
0.11913880412008843
0.12024201184707832
0.12135542988141876
0.12247915257409382
0.12361327514338377
0.12475789368349623
0.12591310517224305
0.1270790074787326
0.1282556993717026
0.12944328052783444
0.13064185153975177
0.13185151392432878
0.13307237013089157
0.13430452355001488
0.13554807852150047
0.13680314034370208
0.13806981528134057
0.13934821057457525
0.14063843444812127
0.1419405961193851
0.14325480580812497
0.14458117474493862
0.14591981518076172
0.14727084039570199
0.14863436470838184
0.1500105034854281
0.15139937315068328
0.1528010911946075
0.15421577618403468
0.15564354777184955
0.1570845267064901
0.1585388348418054
0.16000659514692836
0.16148793171636258
0.16298296977986856
0.1644918357127388
0.16601465704574334
0.1675515624758296
0.16910268187581232
0.17066814630567098
0.17224808802256875
0.17384264049149342
0.1754519383960943
0.17707611764943262
0.17871531540497027
0.18036967006724344
0.18203932130331654
0.1837244100535976
0.1854250785432979
0.18714147029351763
0.18887373013278988
0.1906220042088254
0.19238643999941657
0.19416718632484573
0.19596439335929686
0.1977782126427678
0.19960879709276416
0.20145630101691514
0.2033208801246071
0.20520269153940834
0.20710189381122912
0.20901864692897565
0.2109531123328371
0.21290545292688687
0.21487583309187816
0.21686441869802114
0.21887137711764104
0.2208968772383782
0.2229410894761326
0.22500418578821813
0.2270863396866058
0.22918772625126074
0.2313085221436671
0.2334489056200834
0.23560905654547196
0.23778915640705853
0.23998938832815506
0.24220993708193794
0.24445098910569144
0.24671273251468126
0.2489953571164318
0.2512990544249745
0.2536240176751622
0.255970441837216
0.25833852363128074
0.26072846154185264
0.26314045583283074
0.2655747085621772
0.26803142359682663
0.2705108066275636
0.27301306518452145
0.2755384086519827
0.2780870482837333
0.2806591972185475
0.2832550704956197
0.285874885070019
0.28851885982832914
0.2911872156043838
0.2938801751951261
0.29659796337635885
0.2993408069187275
0.3021089346039911
0.304902577240854
0.3077219676812471
0.3105673408367071
0.3134389336947267
0.3163369853350228
0.3192617369462579
0.3222134318425605
0.3251923154800915
0.3281986354738455
0.33123264161442895
0.3342945858850163
0.33738472247802714
0.3405033078123619
0.343650600550391
0.34682686161497267
0.3500323542066668
0.3532673438209075
0.3565320982655155
0.3598268876775201
0.3631519845410839
0.3665076637044746
0.3698942023977222
0.3733118802501191
0.37676097930757657
0.3802417840504369
0.3837545814107754
0.3872996607901026
0.3908773140771816
0.3944878356653154
0.39813152247036515
0.4018086739480771
0.4055195921120609
0.4092645815513064
0.41304394944781186
0.4168580055943642
0.42070706241207106
0.42459143496814383
0.4285114409933493
0.432467400899695
0.4364596377979442
0.44048847751505954
0.4445542486117814
0.4486572824000377
0.45279791296008265
0.45697647715813444
0.46119331466331387
0.46544876796484574
0.4697431823892136
0.4740769061170105
0.4784502901998988
0.48286368857723777
0.48731745809285876
0.4918119585114892
0.4963475525351254
0.5009246058193373
0.5055434869892772
0.510204567655634
0.5149082224304066
0.5196548289424042
0.52444476785267
0.5292784228696283
0.5341561807640824
0.5390784313838558
0.5440455676683421
0.5490579856627306
0.5541160845319564
0.5592202665744691
0.5643709372354853
0.5695685051203032
0.5748133820068229
0.5801059828582321
0.5854467258349604
0.590836032306418
0.5962743268624106
0.601762037324016
0.6072995947541805
0.6128874334677755
0.6185259910412276
0.6242157083217774
0.6299570294360598
0.6357504017983671
0.641596276118275
0.6474951064076673
0.6534473499873935
0.6594534674930305
0.6655139228803161
0.6716291834297906
0.6777997197506954
0.6840260057843932
0.6903085188069057
0.6966477394307219
0.7030441516059184
0.709498242620421
0.716010503099384
0.7225814270038522
0.7292115116283453
0.7359012575977576
0.74265116886304
0.7494617526961683
0.7563335196838062
0.7632669837201728
0.7702626619986388
0.7773210750023045
0.7844427464932938
0.7916282035010408
0.7988779763090976
0.806192598440785
0.8135726066435393
0.8210185408718069
0.8285309442685518
0.8361103631453364
0.8437573469608095
0.8514724482977443
0.8592562228384093
0.8671092293382321
0.8750320295979036
0.8830251884335149
0.8910892736450311
0.8992248559828805
0.9074325091125329
0.9157128095771049
0.9240663367580383
0.9324936728334117
0.9409954027343475
0.949572114099003
0.9582243972242833
0.9669528450152493
0.9757580529319354
0.9846406189338246
0.9936011434215242
1.0026402291759542
1.0117584812946705
1.0209565071253976
1.0302349161966606
1.039594320145391
1.0490353326414856
1.058558569309193
1.0681646476451567
1.0778541869333167
1.0876278081561441
1.0974861339024313
1.107429788271499
1.1174593967735527
1.1275755862263224
1.137778984647618
1.1480702211439735
1.158449925795017
1.1689187295336256
1.1794772640216984
1.1901261615213568
1.2008660547615797
1.2116975768000422
1.2226213608801995
1.2336380402831444
1.2447482481745549
1.2559526174462334
1.2672517805523245
1.2786463693399441
1.2901370148741582
1.3017243472570765
1.3134089954410693
1.3251915870357953
1.3370727481089162
1.3490531029805009
1.361133274010716
1.3733138813808046
1.3855955428671871
1.3979788736084293
1.4104644858649633
1.4230529887714016
1.4357449880811888
1.4485410859035635
1.4614418804324598
1.474447965667274
1.4875599311253662
1.5007783615459078
1.514103836585086
1.5275369305023616
1.5410782118375952
1.554728243078841
1.5684875803206264
1.5823567729124968
1.5963363630975145
1.6104268856407862
1.6246288674473777
1.6389428271698048
1.6533692748046092
1.667908711277938
1.682561628019807
1.6973285065269177
1.712209817913716
1.727206022451481
1.7423175690952777
1.7575448949984298
1.7728884250143544
1.7883485711855034
1.80392573221919
1.8196202929499743
1.8354326237885488
1.8513630801566585
1.8674120019080205
1.883579712734872
1.8998665195599422
1.916272711913709
1.932798561296461
1.9494443205252407
1.9662102230652099
1.983096482345254
2.000103291057677
2.017230820441684
2.0344792195504264
2.051848614501467
2.069339107710379
2.0869507771072753
2.10468367533613
2.1225378289366046
2.1405132375082943
2.1586098728570997
2.1768276781236384
2.195166566893486
2.213626422289107
2.2322070960433416
2.2509084075542685
2.269730142921361
2.2886720539628627
2.3077338572141852
2.3269152329072944
2.346215823931134
2.365635234772778
2.3851730304395695
2.4048287353620426
2.4246018322776695
2.444491761095539
2.464497917741923
2.48461965298688
2.504856271251928
2.5252070293989752
2.5456711355006343
2.566247747592109
2.5869359724048624
2.6077348640823117
2.6286434228778828
2.6496605938356583
2.670785265454033
2.692016268332785
2.7133523738039287
2.7347922925469157
2.75633467318865
2.777978100888924
2.7997210959118726
2.8215621121841292
2.843499535840431
2.8655316837574194
2.8876568020765174
2.9098730647167472
2.9321785718784894
2.954571348539159
2.977049342941984
2.999610425078952
3.022252385169239
3.0449729321343852
3.0677696920716606
3.0906402067270355
3.11358193196934
3.136592236267239
3.1596683991707937
3.182807609799315
3.2060069653375716
3.229263469542194
3.252574031260514
3.275935462963944
3.299344479298258
3.3227976956531258
3.346291626753494
3.369822685275355
3.3933871804886837
3.416981316930388
3.44060119311022
3.464242800252742
3.487902021078538
3.511574628627971
3.535256285130984
3.5589425409264193
3.582628833434597
3.606310486186977
3.6299827079167417
3.6536405917144648
3.677279114252974
3.700893135085717
3.724477396023088
3.7480265205911643
3.7715350135776657
3.794997260669759
3.818407528188677
3.8417599629261345
3.8650485920876823
3.8882673233481393
3.9114099450244586
3.9344701263714454
3.9574414180057613
3.9803172524637964
4.0030909448991
4.02575569392498
4.048304582608113
4.07073057961891
4.0930265405445185
4.1151852093702646
4.137199220135473
4.159061098769487
4.180763265113751
4.2022980351357635
4.223657623340728
4.244834145386517
4.265819620907646
4.286605976553748
4.307185049247936
4.327548589670323
4.347688265971773
4.367595667722782
4.38726231010214
4.406679638329844
4.425839032348405
4.44473181175642
4.463349240997943
4.481682534810875
4.4997228639371185
4.517461361096916
4.534889127229304
4.5519972380001
4.568776750578342
4.585218710681615
4.601314159889957
4.617054143227549
4.632429717010701
4.647431956959874
4.662051966572864
4.67628088575537
4.690109899704531
4.703530248039969
4.716533234176198
4.729110234929207
4.741252710349178
4.752952213770239
4.764200402067254
4.774989046108516
4.78531004139222
4.795155418853522
4.804517355827817
4.81338818715484
4.821760416406997
4.829626727224253
4.836979994736688
4.843813297054729
4.850119926805933
4.855893402695994
4.861127481070615
4.865816167453662
4.869953728036066
4.873534701088791
4.876553908272218
4.87900646581332
4.880887795521097
4.882193635609874
4.882920051299286
4.883063445159067
4.882620567166111
4.881588524440783
4.87996479062897
4.877747214896058
4.874934030498834
4.87152386290117
4.867515737399439
4.862909086223788
4.857703755081698
4.851900009110795
4.845498538208482
4.838500461706799
4.830907332361911
4.822721139628769
4.813944312192844
4.8045797197323745
4.794630673886266
4.784100928404692
4.7729946784615365
4.761316559110087
4.74907164286583
4.736265436402874
4.7229038763532865
4.708993324201616
4.694540560270013
4.679552776792613
4.664037570081266
4.648002931788215
4.6314572392749485
4.614409245100193
4.5968680656437595
4.578843168886844
4.56034436137319
4.541381774379407
4.521965849326613
4.502107322469312
4.4818172089011945
4.461106785921133
4.439987575806184
4.418471328041736
4.396570001062061
4.374295743557574
4.3516608754077195
4.328677868300865
4.305359326104796
4.2817179650531525
4.25776659381467
4.233518093513244
4.208985397767583
4.184181472819452
4.159119297819668
4.133811845340306
4.108272062180813
4.082512850534284
4.0565470495784925
4.030387417553954
4.004046614388742
3.9775371849267653
3.9508715428127648
3.9240619550834976
3.8971205275105087
3.8700591907354083
3.8428896872338156
3.8156235591392753
3.7882721369531684
3.760846529161376
3.733357612772961
3.7058160247906686
3.6782321546174566
3.6506161373977397
3.622977848286675
3.595326897635424
3.5676726270752117
3.5400241064781373
3.5123901317679977
3.484779223550053
3.457199626524739
3.4296593096466546
3.4021659669870403
3.3747270192551495
3.3473496159317313
3.320040637965964
3.2928067009858824
3.265654158971567
3.2385891083400025
3.2116173923906133
3.1847446060612277
3.157976100945178
3.13131699052175
3.1047721555541714
3.0783462496114393
3.052043704672985
3.025868736777891
2.999825351683608
2.9739173505022674
2.9481483352861604
2.922521714537508
2.8970407086211343
2.8717083550622724
2.8465275137152575
2.82150087179229
2.7966309487447223
2.7719201009925634
2.747370526500737
2.722984269203427
2.6987632232802494
2.674709137290253
2.6508236181716
2.6271081351163805
2.603564023331375
2.5801924876965114
2.556994606333442
2.533971334097132
2.511123506003368
2.4884518406049763
2.4659569433291155
2.443639309787358
2.4214993290694236
2.3995372870303577
2.3777533695798385
2.356147665980906
2.3347201721640065
2.313470794060837
2.2923993509608906
2.271505578892084
2.250789134025424
2.2302495961021203
2.2098864718801883
2.1896991985963306
2.169687147437632
2.149849627016545
2.1301858868417636
2.1106951207767337
2.091376470476992
2.072229028797
2.053251843156924
2.03444391885963
2.0158042223481822
1.9973316843943822
1.9790252032091682
1.9608836474661306
1.942905859230082
1.9250906567832087
1.9074368373421635
1.889943179660328
1.8726084465103483
1.8554313870430459
1.838410739019724
1.8215452309159497
1.8048335838957978
1.7882745136565055
1.7718667321444252
1.755608949143987
1.7394998737421672
1.7235382156717303
1.7077226865371213
1.692052000927432
1.6765248774214108
1.6611400394897973
1.6458962163006314
1.6307921434333497
1.6158265635076752
1.6009982267333336
1.586305891386607
1.5717483242197074
1.5573243008087814
1.5430326058461612
1.5288720333823158
1.5148413870226218
1.5009394800838183
1.487165135714717
1.4735171869853856
1.4599944769487183
1.446595858677957
1.4333201952834291
1.4201663599114345
1.4071332357278923
1.3942197158891163
1.381424703501773
1.3687471115738268
1.3561858629580776
1.3437398902896445
1.3314081359185657
1.3191895518385324
1.3070830996125946
1.29508775029656
1.283202484360667
1.2714262916100427
1.2597581711043435
1.2481971310768987
1.2367421888536378
1.2253923707720134
1.214146712100071
1.203004256955826
1.1919640582270343
1.1810251774914338
1.1701866849375266
1.159447659285944
1.1488071877114236
1.1382643657654201
1.1278182972993702
1.1174680943886266
1.1072128772570466
1.097051774202264
1.0869839215216275
1.0770084634388037
1.0671245520310533
1.0573313471571697
1.0476280163860672
1.0380137349260317
1.028487685554614
1.0190490585491698
1.0096970516180306
1.000430869832308
0.9912497255583304
0.982152838390686
0.973139435085893
0.964208749496673
0.9553600225068251
0.9465925019667019
0.9379054426292786
0.9292981060868011
0.9207697607080247
0.9123196815760255
0.9039471504265774
0.8956514555871027
0.8874318919161776
0.8792877607435972
0.8712183698109838
0.8632230332129464
0.8553010713387804
0.8474518108146958
0.8396745844465813
0.8319687311632954
0.82433359596047
0.8167685298448366
0.8092728897790632
0.8018460386270918
0.7944873450999835
0.7871961837022577
0.7799719346787266
0.7728139839618113
0.7657217231193483
0.7586945493028734
0.7517318651963752
0.7448330789655254
0.7379976042073735
0.731224859900498
0.7245142703556224
0.7178652651666814
0.7112772791623324
0.704749752357919
0.6982821299078696
0.6918738620585374
0.6855244041014678
0.6792332163270992
0.672999763978889
0.6668235172078553
0.6607039510275409
0.654640545269391
0.6486327845385348
0.642680158169978
0.6367821601851983
0.6309382892491319
0.6251480486275635
0.6194109461449011
0.6137264941423438
0.6080942094364261
0.6025136132779493
0.5969842313112884
0.5915055935340692
0.5860772342572177
0.5806986920653797
0.5753695097776949
0.5700892344089392
0.5648574171310214
0.5596736132348296
0.5545373820924323
0.5494482871196238
0.5444058957388164
0.5394097793422672
0.5344595132556486
0.5295546767019511
0.5246948527657144
0.5198796283575907
0.5151085941792332
0.5103813446885023
0.5056974780649957
0.5010565961758947
0.49645830454212
0.4919022123048018
0.48738793219205645
0.4829150804860691
0.47848327699047516
0.4740921449980439
0.4697413112586602
0.4654304059475946
0.46115906263406964
0.4569269182501142
0.45273361305969934
0.4485787906281622
0.44446209779190976
0.44038318462839743
0.43634170442638615
0.43233731365647293
0.42836967194188835
0.4244384420295657
0.4205432897614734
0.41668388404621276
0.41285989683087254
0.4090710030731457
0.40531688071370114
0.4015972106488064
0.39791167670320476
0.39425996560324084
0.39064176695023023
0.38705677319407605
0.3835046796071284
0.37998518425827993
0.37649798798730244
0.3730427943794181
0.3696193097401047
0.3662272430701294
0.36286630604081466
0.35953621296953114
0.35623668079541226
0.3529674290552947
0.3497281798598801
0.3465186578701118
0.3433385902737722
0.34018770676229426
0.33706573950778285
0.3339724231402509
0.3309074947250617
0.32787069374058075
0.32486176205602907
0.32188044390954307
0.3189264858864351
0.31599963689765137
0.31309964815843044
0.3102262731671563
0.3073792676844046
0.3045583897121826
0.3017633994733597
0.298994059391285
0.29625013406959405
0.29353139027219916
0.2908375969034654
0.2881685249885656
0.2855239476540181
0.2829036401084032
0.28030737962325386
0.2777349455141246
0.2751861191218338
0.27266068379387604
0.270158424866007
0.26767912964399765
0.2652225873855536
0.26278858928240345
0.2603769284425476
0.25798739987267494
0.2556198004607369
0.2532739289586815
0.2509495859653498
0.248646573909525
0.2463646970331378
0.2441037613746296
0.2418635747524621
0.23964394674878484
0.2374446886932482
0.2352656136469649
0.23310653638662274
0.2309672733887389
0.22884764281405925
0.22674746449210448
0.22466655990585374
0.22260475217656983
0.2205618660487664
0.21853772787531012
0.21653216560265914
0.2145450087562409
0.2125760884259604
0.2106252372518415
0.20869228940980358
0.20677708059756505
0.20487944802067654
0.20299923037868534
0.20113626785142374
0.19929040208542292
0.1974614761804551
0.1956493346761956
0.19385382353900776
0.19207479014885223
0.19031208328631138
0.188565553119738
0.1868350511925183
0.18512043041045215
0.18342154502925176
0.18173825064215243
0.1800704041676368
0.17841786383727481
0.17678048918367215
0.1751581410285296
0.17355068147081454
0.1719579738750384
0.1703798828596415
0.1688162742854874
0.16726701524446003
0.16573197404816542
0.16421102021673992
0.16270402446775847
0.16121085870524446
0.1597313960087833
0.15826551062273309
0.15681307794553467
0.15537397451912183
0.15394807801842644
0.15253526724098004
0.15113542209661335
0.14974842359724624
0.14837415384677574
0.14701249603105374
0.14566333440795695
0.14432655429755045
0.14300204207233883
0.14168968514760696
0.14038937197185192
0.13910099201730008
0.13782443577051143
0.13655959472307244
0.13530636136237184
0.1340646291624613
0.13283429257500223
0.13161524702029298
0.13040738887837916
0.12921061548024707
0.12802482509909605
0.1268499169416909
0.12568579113979586
0.12453234874168488
0.12338949170373016
0.1222571228820694
0.12113514602434813
0.12002346576153733
0.11892198759982835
0.11783061791260016
0.11674926393246042
0.1156778337433616
0.11461623627278641
0.11356438128400796
0.11252217936841899
0.11148954193793134
0.11046638121744727
0.10945261023739773
0.1084481428263494
0.10745289360368117
0.106466777972326
0.10548971211157983
0.10452161296997754
0.10356239825823324
0.10261198644224477
0.10167029673616455
0.10073724909553206
0.0998127642104695
0.09889676349894136
0.09798916910007449
0.09708990386753918
0.09619889136299284
0.09531605584958204
0.09444132228550432
0.09357461631763067
0.09271586427518484
0.0918649931634808
0.09102193065771931
0.0901866050968389
0.08935894547742576
0.08853888144767791
0.08772634330142476
0.08692126197220296
0.08612356902738524
0.08533319666236308
0.08455007769478425
0.08377414555884162
0.0830053342996148
0.08224357856746466
0.08148881361247805
0.08074097527896375
