0.13552525156157452
0.13678033627664854
0.13804704088947323
0.13932547288709898
0.14061574074825822
0.1419179539527344
0.14323222299036817
0.14455865937012935
0.1458973756286664
0.14724848534137847
0.14861210313105896
0.14998834467705616
0.1513773267253024
0.1527791670984297
0.1541939847050852
0.15562189954948508
0.1570630327433904
0.15851750651250393
0.15998544421138733
0.1614669703291092
0.16296221050339096
0.16447129152826678
0.16599434136658298
0.16753148915902355
0.16908286523660637
0.1706486011295537
0.1722288295800653
0.17382368455212602
0.17543330124268142
0.17705781609384677
0.17869736680313947
0.18035209233508626
0.18202213293320946
0.1837076301310703
0.1854087267646525
0.1871255669834375
0.18885829626281023
0.19060706141569986
0.192372010605007
0.19415329335590284
0.1959510605677596
0.19776546452683127
0.1995966589191483
0.201444798842289
0.2033100408186972
0.20519254280879304
0.2070924642237573
0.2090099659381117
0.21094521030322913
0.21289836116135624
0.21486958385818578
0.21685904525626745
0.21886691374950698
0.22089335927614479
0.22293855333319845
0.22500266899009935
0.22708588090291482
0.22918836532855857
0.23131030013946693
0.23345186483753239
0.23561324056924013
0.23779461013965533
0.2399961580284911
0.24221807040330665
0.24446053513655752
0.2467237418192694
0.24900788177700198
0.25131314808578886
0.25363973558656516
0.2559878409016897
0.2583576624505617
0.260749400466076
0.26316325700968446
0.26559943598888297
0.2680581431720461
0.27053958620656726
0.27304397463472374
0.27557151990968604
0.2781224354137371
0.2806969364745285
0.28329524038246634
0.2859175664077119
0.2885641358183946
0.29123517189663956
0.2939308999581784
0.2966515473688841
0.2993973435630619
0.3021685200612876
0.3049653104897607
0.3077879505970553
0.31063667827428454
0.3135117335721245
0.3164133587212436
0.3193417981499216
0.3222972985039112
0.32528010866553825
0.32829047977283793
0.3313286652392449
0.3343949207732386
0.3374895043979477
0.34061267647171317
0.3437646997073004
0.3469458391924806
0.35015636241085374
0.3533965392615201
0.35666664208082904
0.35996694566157517
0.36329772727580256
0.3666592666944009
0.37005184620912646
0.3734757506538277
0.3769312674257834
0.38041868650748006
0.38393830048825495
0.3874904045866289
0.39107529667200225
0.3946932772869152
0.39834464966971517
0.4020297197766385
0.405748796304644
0.40950219071434546
0.4132902172529
0.417113192976722
0.4209714377749759
0.42486527439280175
0.4287950284549335
0.4327610284892544
0.4367636059503026
0.44080309524328426
0.4448798337483493
0.4489941618440889
0.4531464229322092
0.4573369634620334
0.46156613295482435
0.46583428402817506
0.4701417724211054
0.4744889570188233
0.4788761998774868
0.4833038662500257
0.487772324610147
0.49228194667884095
0.49683310744905984
0.501426185211748
0.5060615615809794
0.5107396215202645
0.5154607533677386
0.5202253488628994
0.5250338031718353
0.5298865149139473
0.5347838861876875
0.5397263225973266
0.5447142332787849
0.5497480309267057
0.5548281318202903
0.5599549558501784
0.5651289265453423
0.5703504710994052
0.5756200203974648
0.5809380090429328
0.5863048753844526
0.5917210615427156
0.5971870134372407
0.6027031808134055
0.608270017269487
0.613887980283513
0.6195575312403193
0.6252791354582882
0.6310532622167973
0.6368803847826198
0.6427609804372114
0.6486955305034663
0.6546845203728172
0.6607284395317721
0.6668277815888811
0.6729830443012008
0.6791947296014532
0.6854633436239873
0.691789396731663
0.6981734035420412
0.7046158829537602
0.7111173581726257
0.7176783567376753
0.7242994105468531
0.7309810558831301
0.7377238334396072
0.7445282883452811
0.7513949701898468
0.7583244330490241
0.7653172355091125
0.7723739406915567
0.7794951162771729
0.7866813345303034
0.7939331723222957
0.8012512111552245
0.8086360371848107
0.8160882412433079
0.8236084188617809
0.8311971702924248
0.8388551005300774
0.8465828193335058
0.8543809412464078
0.8622500856176432
0.8701908766212093
0.8782039432759715
0.8862899194639802
0.8944494439495845
0.9026831603968014
0.9109917173868013
0.9193757684344716
0.9278359720043562
0.9363729915261196
0.9449874954091944
0.9536801570565316
0.9624516548781726
0.9713026723031855
0.9802338977915187
0.9892460248446503
0.9983397520156003
1.0075157829176227
1.016774826232386
1.0261175957169473
1.0355448102096856
1.0450571936353044
1.05465547500867
1.0643403884373253
1.0741126731233481
1.0839730733632242
1.0939223385471293
1.1039612231565492
1.1140904867605503
1.1243108940107835
1.1346232146349633
1.145028223428643
1.1555267002458638
1.1661194299877191
1.1768072025895486
1.1875908130063197
1.1984710611961809
1.2094487521021762
1.220524695632181
1.231699706636638
1.2429746048845352
1.2543502150369927
1.2658273666189015
1.27740689398822
1.289089636303096
1.3008764374862987
1.3127681461874754
1.3247656157428693
1.3368697041321993
1.3490812739330398
1.3614011922722926
1.3738303307749988
1.386369565509827
1.399019776931856
1.411781849822101
1.4246566732237365
1.437645140375037
1.4507481486389255
1.4639665994289428
1.4773013981315268
1.4907534540246905
1.5043236801926014
1.5180129934365374
1.5318223141812755
1.5457525663778235
1.559804677401328
1.5739795779449004
1.58827820190854
1.6027014862836835
1.6172503710326167
1.6319257989630238
1.646728715597498
1.661660069037553
1.6767208098225426
1.6919118907826642
1.7072342668865599
1.7226888950827703
1.7382767341354375
1.7539987444535003
1.769855887913792
1.78584912767747
1.8019794279996517
1.8182477540324036
1.8346550716203323
1.8512023470892136
1.8678905470269946
1.8847206380571664
1.9016935866042406
1.918810358651428
1.9360719194895903
1.9534792334582844
1.971033263677556
1.988734971771312
2.006585317581226
2.0245852588713515
2.042735751023315
2.061037746721526
2.0794921956281756
2.098100044048218
2.116862234583568
2.135779705776559
2.1548533917422112
2.1740842217892284
2.1934731200294126
2.2130210049749657
2.232728789123954
2.252597378532948
2.27262767237721
2.2928205624976017
2.313176932934402
2.3336976594472314
2.354383609021219
2.375235639358892
2.3962545983573977
2.4174413235709395
2.4387966416580147
2.460321367813013
2.482016305182145
2.5038822442629725
2.525919962287539
2.5481302225886653
2.5705137739488415
2.5930713499318596
2.6158036681962447
2.6387114297906
2.661795318430348
2.6850559997554133
2.708494120568672
2.732110308054579
2.7559051689779825
2.7798792888623267
2.8040332311471152
2.8283675363243725
2.852882721053433
2.877579277254035
2.902457671177058
2.9275183424528146
2.9527617031162303
2.978188136608902
3.00379799675749
3.029591606727992
3.055569257955748
3.0817312090508593
3.108077684678431
3.1346088744135865
3.1613249315708
3.188225972007174
3.215312072899574
3.2425832714950777
3.2700395638345956
3.29768090344938
3.3255072000301067
3.35351831806836
3.381714075470213
3.4100942421417213
3.4386585385461426
3.4674066342326855
3.496338146336658
3.5254526380507496
3.554749617067629
3.584228533993302
3.6138887807317013
3.643729688839963
3.67375052785475
3.703950503589491
3.734328756402555
3.7648843594365284
3.7956163168286827
3.8265235618928455
3.8576049552727487
3.888859283067303
3.920285254927877
3.951881502128123
3.9836465756065835
4.015578943982577
4.047676991545951
4.079939016221089
4.112363227505951
4.1449477443866956
4.177690593228805
4.2105897056452966
4.24364291634315
4.276847960948745
4.31020247381345
4.3437039858004916
4.377349922054191
4.411137599753102
4.44506422584818
4.479126894787738
4.51332258623056
4.5476481627489775
4.5821003675237355
4.616675822032469
4.651371023733883
4.686182343749822
4.721106024547319
4.7561381776233
4.791274781194172
4.826511677893197
4.861844572478292
4.897269029553233
4.932780471305445
4.968374175263383
5.004045272077214
5.039788743325951
5.075599419355146
5.111471977148661
5.147400938238789
5.183380666658742
5.21940536694209
5.2554690821734384
5.291565692095335
5.327688911276074
5.363832287343706
5.399989199291317
5.436152855859228
5.47231629399958
5.508472377429291
5.544613795277279
5.580733060832284
5.616822510397504
5.652874302258867
5.688880415773422
5.724832650585059
5.760722625974466
5.796541780350795
5.83228137089234
5.8679324733440295
5.903485981979395
5.9389326097350255
5.974262888525629
6.0094671697478566
6.0445356249813065
6.079458246895191
6.11422485036919
6.14882507383726
6.183248380863035
6.217484061955753
6.25152123663551
6.285348855756746
6.318955704098852
6.3523304032328465
6.385461414672925
6.418337043321713
6.450945441217956
6.483274611595254
6.515312413260285
6.5470465652989125
6.578464652118228
6.609554128832411
6.6403023270000965
6.670696460720472
6.7007236330951825
6.730370843062529
6.759624992610258
6.788472894372566
6.816901279616522
6.844896806622671
6.872446069463669
6.899535607184529
6.926151913387068
6.952281446220519
6.977910638779426
7.003025909909162
7.027613675418345
7.0516603596966085
7.075152407735086
7.098076297545921
7.1204185529759485
7.14216575690853
7.163304564846334
7.183821718866431
7.20370406193786
7.222938552590357
7.241512279921502
7.259412478928045
7.276626546145647
7.293142055579698
7.308946774908216
7.324028681936261
7.338375981279516
7.351977121253089
7.364820810939756
7.376896037410265
7.388192083066404
7.398698543075956
7.4084053428668035
7.417302755645791
7.425381419906202
7.432632356886088
7.439046987937994
7.444617151769101
7.449335121509256
7.4531936215628996
7.456185844199612
7.458305465836589
7.459546662965355
7.459904127673856
7.4593730827141975
7.457949296065536
7.455629094940997
7.452409379187052
7.448287634023479
7.443261942072022
7.4373309946219575
7.430494102081074
7.422751203561242
7.414102875548472
7.404550339608447
7.394095469079857
7.382740794709382
7.3704895091840665
7.357345470518938
7.343313204260121
7.328397904466407
7.312605433435202
7.29594232014201
7.278415757366237
7.260033597479779
7.240804346879065
7.22073715904553
7.199841826224057
7.178128769713777
7.15560902877071
7.132294248126891
7.108196664136107
7.083329089561938
7.057704897029504
7.031338001168118
7.004242839477901
6.976434351959404
6.947927959551044
6.9187395414251895
6.888885411199433
6.858382292125269
6.827247291321919
6.795497873128415
6.763151831652037
6.730227262596043
6.696742534454095
6.662716259162837
6.628167262307756
6.5931145529807385
6.5575772933904135
6.5215747683285725
6.485126354597712
6.448251490505727
6.410969645534281
6.373300290287257
6.335262866824856
6.296876759487509
6.258161266311575
6.219135571136177
6.17981871649701
6.140229577398906
6.100386836054413
6.060308957670282
6.0200141673579255
5.9795204282377625
5.938845420800386
5.898006523580315
5.857020795190596
5.815904957758475
5.774675381794278
5.7333480725172725
5.691938657653872
5.650462376715008
5.608934071751009
5.567368179574082
5.52577872543019
5.484179318094241
5.442583146354906
5.401002976848185
5.3594511531919045
5.317939596367308
5.276479806287937
5.235082864491016
5.1937594378820044
5.152519783459213
5.111373753942204
5.070330804225256
5.029399998575568
4.98859001849475
4.9479091711619
4.90736539837699
4.866966285924268
4.826719073277043
4.78663066356754
4.746707633748252
4.706956244874517
4.66738245244176
4.627991916715022
4.588790012992752
4.549781841751542
4.510972238623471
4.472365784162675
4.433966813362885
4.39577942489292
4.357807490022135
4.320054661212892
4.282524380362097
4.245219886678483
4.208144224186967
4.171300248855557
4.1346906353445005
4.098317883380921
4.062184323765694
4.026292124022442
3.9906432937012624
3.9552396893521906
3.920083019185628
3.8851748474386394
3.850516598467449
3.816109560587721
3.781954889684879
3.748053612617369
3.7144066304359353
3.681014721442063
3.6478785441084054
3.614998639883545
3.5823754359028257
3.5500092476260043
3.517900281421444
3.4860486371154216
3.4544543105236887
3.4231171959809745
3.39203708888261
3.361213688250709
3.330646599335734
3.300335336262387
3.270279324727134
3.24047790475279
3.2109303335037813
3.181635788164096
3.1525933688781036
3.1238021017528106
3.0952609419186743
3.0669687766445044
3.0389244285007013
3.011126658563921
2.9835741696550726
2.956265609601672
2.929199574514836
2.9023746120705054
2.8757892247841057
2.849441873267484
2.823330979456939
2.7974549298011198
2.771812078397754
2.746400750068583
2.721219243362291
2.6962658334757865
2.6715387750850326
2.6470363050772816
2.622756645177546
2.5986980044630874
2.5748585817606626
2.5512365679223548
2.527830147976767
2.5046375031535275
2.4816568127799528
2.4588862560497486
2.4363240136645934
2.4139682693502973
2.391817211250014
2.369869033197805
2.348121935876432
2.326574127863824
2.305223826573218
2.2840692590922522
2.263108662926685
2.24234028665455
2.22176239049675
2.201373246810105
2.1811711405088428
2.1611543694204873
2.1413212445819134
2.121670090481128
2.1021992452501936
2.0829070608143434
2.063791903002085
2.044852151620817
2.0260862005020837
2.0074924575203363
1.9890693445886731
1.9708152976347786
1.9527287665599136
1.934808215183507
1.917052121175666
1.899458975979592
1.8820272847256587
1.8647555661387114
1.8476423524398953
1.830686189244136
1.813885635454267
1.7972392631525955
1.7807456574906122
1.7644034165773825
1.7482111513671308
1.732167485546376
1.71627105542093
1.7005205098030245
1.684914509898768
1.6694517291960653
1.6541308533531562
1.6389505800878563
1.6239096190675537
1.6090066918000456
1.594240531525236
1.5796098831077288
1.5651135029303231
1.5507501587884414
1.5365186297854903
1.522417706229138
1.5084461895285417
1.4946028920924985
1.480886637228512
1.4672962590427923
1.4538306023411638
1.440488522530875
1.4272688855233124
1.4141705676376048
1.4011924555051147
1.3883334459747954
1.3755924460194255
1.3629683726427053
1.3504601527871938
1.3380667232431034
1.3257870305579256
1.3136200309468846
1.3015646902042153
1.289619983615258
1.2777848958693514
1.266058420973534
1.254439562167035
1.242927331836544
1.2315207514322661
1.220218851384744
1.209020671022446
1.1979252584901028
1.1869316706678013
1.1760389730908232
1.1652462398702066
1.1545525536140493
1.1439570053495312
1.1334586944456462
1.1230567285366504
1.1127502234462119
1.1025383031122513
1.0924200995124773
1.0823947525906044
1.072461410183249
1.0626192279474906
1.052867369289104
1.043205005291451
1.033631314645016
1.0241454835775974
1.0147467057851385
1.0054341823631847
0.9962071217389808
0.9870647396041868
0.978006258848207
0.9690309094921387
0.9601379286233207
0.9513265603304889
0.9425960556395182
0.9339456724497615
0.9253746754709724
0.916882336160801
0.9084679326628687
0.9001307497454126
0.8918700787404853
0.8836852174837198
0.8755754702546477
0.8675401477175563
0.8595785668628998
0.851690050949239
0.8438739294457227
0.8361295379750859
0.8284562182571803
0.8208533180530215
0.8133201911093451
0.8058561971036743
0.7984607015898971
0.7911330759443305
0.7838726973122914
0.7766789485551545
0.7695512181978906
0.7624889003770944
0.7554913947894827
0.7485581066408725
0.7416884465956174
0.7348818307265168
0.7281376804651828
0.7214554225528572
0.7148344889916872
0.7082743169964456
0.7017743489466907
0.6953340323393691
0.6889528197418552
0.6826301687454149
0.6763655419191025
0.6701584067640776
0.664008235668345
0.6579145058619034
0.6518766993723104
0.6458943029806578
0.6399668081779426
0.6340937111218458
0.6282745125939071
0.6225087179570866
0.616795837113723
0.6111353844638759
0.6055268788640464
0.5999698435862809
0.5944638062776503
0.5890082989200964
0.5836028577906529
0.5782470234220259
0.5729403405635426
0.5676823581424497
0.5624726292255753
0.5573107109813391
0.5521961646421087
0.5471285554669065
0.5421074527044561
0.5371324295565666
0.5322030631418546
0.5273189344598016
0.522479628355135
0.5176847334825408
0.5129338422716999
0.508226550892644
0.503562459221428
0.49894117080612016
0.49436229283310534
0.4898254360936919
0.48533021495103024
0.48087624730733514
0.47646315457140376
0.4720905616264368
0.4677580967981546
0.4634653918232014
0.45921208181784495
0.4549978052469598
0.4508222038932985
0.44668492282704
0.4425856103756217
0.4385239180938482
0.4344995007342706
0.43051201621784185
0.4265611256048399
0.42264649306605634
0.41876778585425106
0.41492467427586954
0.4111168316630168
0.4073439343456918
0.40360566162427386
0.3999016957422649
0.3962317218592777
0.39259542802427494
0.38899250514905437
0.38542264698197404
0.3818855500819213
0.37838091379252153
0.37490844021657954
0.3714678341907596
0.3680588032604968
0.3646810576551362
0.36133431026330476
0.358018276608503
0.35473267482492804
0.35147722563351325
0.34825165231818705
0.3450556807023559
0.34188903912559687
0.3387514584205645
0.3356426718901157
0.33256241528463537
0.32951042677957915
0.32648644695321627
0.32349021876457673
0.32052148753160625
0.317580000909516
0.3146655088693315
0.31177776367664367
0.3089165198705489
0.3060815342427835
0.3032725658170538
0.3004893758285514
0.2977317277036563
0.29499938703983125
0.29229212158569556
0.2896097012212821
0.2869518979384799
0.284318485821652
0.28170924102843026
0.27912394177069233
0.27656236829570763
0.2740243028674565
0.27150952974812576
0.26901783517976896
0.2665490073661357
0.2641028364546718
0.26167911451867815
0.25927763553963973
0.2568981953897127
0.2545405918143717
0.2522046244152212
0.24989009463295958
0.2475968057305006
0.24532456277625286
0.2430731726275492
0.2408424439142282
0.23863218702237
0.23644221407817778
0.23427233893200708
0.2321223771425452
0.22999214596113254
0.22788146431622747
0.2257901527980174
0.2237180336431679
0.22166493071971113
0.21963066951207705
0.217615077106258
0.2156179821751102
0.2136392149637925
0.21167860727533636
0.20973599245634755
0.20781120538284337
0.20590408244621358
0.20401446153931665
0.20214218204269888
0.20028708481094082
0.19844901215913188
0.19662780784946587
0.19482331707795958
0.1930353864612964
0.19126386402378762
0.1895085991844532
0.1877694427442246
0.18604624687326127
0.18433886509838432
0.18264715229062806
0.18097096465290285
0.17931015970777134
0.1776645962853397
0.17603413451125707
0.17441863579482497
0.1728179628172193
0.17123197951981672
0.16966055109262898
0.16810354396284544
0.1665608257834787
0.16503226542211383
0.163517732949764
0.16201709962982522
0.16053023790713308
0.1590570213971222
0.15759732487508132
0.15615102426551095
0.15471799663157612
0.1532981201646556
0.15189127417399
0.15049733907642188
0.14911619638623042
0.14774772870506162
0.14639181971194826
0.14504835415342227
0.14371721783371913
0.1423982976050707
0.14109148135808655
0.13979665801222627
0.13851371750635658
0.13724255078939557
0.13598304981104437
0.13473510751260243
0.13349861781786637
0.13227347562411515
0.13105957679317531
0.12985681814256844
0.12866509743674218
0.12748431337837915
0.1263143655997861
0.12515515465436405
0.12400658200815348
0.12286855003146042
0.12174096199055712
0.12062372203945904
0.11951673521177907
0.1184199074126547
0.11733314541074924
0.11625635683032834
0.11518945014340723
0.11413233466197036
0.11308492053026391
0.11204711871715732
0.11101884100857515
