0.06288528401201529
0.06346768146839252
0.06405547157289383
0.06464870422819965
0.06524742979688658
0.06585169910723437
0.06646156345685818
0.06707707461709099
0.06769828483728495
0.0683252468494827
0.06895801387233941
0.06959663961606359
0.07024117828659866
0.07089168459054529
0.07154821373924772
0.0722108214538322
0.07287956396986381
0.07355449804175052
0.07423568094769233
0.07492317049442225
0.07561702502244229
0.07631730341013872
0.07702406507948115
0.07773737000028295
0.07845727869576823
0.07918385224776206
0.0799171523009175
0.08065724106882778
0.08140418133876677
0.08215803647679124
0.08291887043366787
0.08368674774918514
0.08446173355866775
0.08524389359776477
0.0860332942077746
0.08683000234167507
0.08763408556961065
0.0884456120841318
0.0892646507060211
0.09009127089048898
0.09092554273230524
0.0917675369721293
0.09261732500191386
0.09347497887135296
0.09434057129341472
0.09521417565059817
0.0960958660012261
0.0969857170850203
0.09788380432993914
0.09879020385776136
0.09970499249117652
0.10062824775933792
0.10156004790499072
0.1025004718903399
0.10344959940415767
0.10440751086784562
0.10537428744219923
0.10635001103450303
0.10733476430477358
0.10832863067268209
0.10933169432489337
0.1103440402212562
0.11136575410255524
0.11239692249662539
0.11343763272660183
0.11448797291714637
0.11554803200218687
0.11661789973198868
0.11769766668071202
0.1187874242535519
0.11988726469434169
0.12099728109347047
0.12211756739487303
0.12324821840397678
0.12438932979552562
0.12554099812134162
0.12670332081812535
0.12787639621538807
0.12906032354351143
0.13025520294180315
0.13146113546659344
0.13267822309945518
0.13390656875541337
0.13514627629159867
0.13639745051500185
0.1376601971917343
0.13893462305483897
0.14022083581348363
0.14151894416134733
0.14282905778529575
0.14415128737454805
0.14548574462921343
0.14683254226947776
0.14819179404455338
0.14956361474187235
0.15094812019604464
0.15234542729849074
0.15375565400641095
0.15517891935240505
0.15661534345381778
0.15806504752250827
0.1595281538742497
0.16100478593830872
0.1624950682678132
0.16399912654888343
0.16551708761099823
0.16704907943697886
0.16859523117293765
0.17015567313838548
0.1717305368366091
0.17331995496503133
0.1749240614253521
0.17654299133432347
0.17817688103394277
0.1798258681024174
0.18149009136472483
0.18316969090322982
0.18486480806878391
0.18657558549156247
0.18830216709204525
0.19004469809218935
0.19180332502651815
0.19357819575330226
0.19536945946619177
0.19717726670524188
0.19900176936865352
0.20084312072425314
0.20270147542107095
0.20457698950115943
0.2064698204114307
0.20838012701540778
0.21030806960516665
0.21225380991358983
0.21421751112623336
0.2161993378936542
0.21819945634357693
0.22021803409343368
0.22225524026246382
0.22431124548468612
0.22638622192082233
0.22848034327166525
0.23059378479026343
0.2327267232949675
0.23487933718228465
0.23705180643976312
0.23924431265908797
0.24145703904911142
0.24369017044908778
0.24594389334186137
0.24821839586724284
0.25051386783527557
0.2528305007398243
0.255168487771982
0.2575280238337588
0.25990930555157915
0.2623125312901876
0.2647379011662929
0.26718561706247573
0.2696558826411017
0.2721489033581564
0.27466488647753623
0.27720404108487756
0.27976657810182193
0.28235271030016895
0.28496265231620505
0.28759662066489045
0.2902548337542234
0.29293751189972983
0.2956448773388992
0.2983771542454844
0.30113456874429645
0.30391734892562494
0.30672572485987093
0.3095599286120917
0.3124201942569969
0.3153067578932247
0.31821985765835675
0.3211597337436389
0.3241266284087042
0.327120785996363
0.33014245294753675
0.33319187781590165
0.33626931128291077
0.3393750061724671
0.3425092174659556
0.3456722023169419
0.3488642200660347
0.3520855322557794
0.355336402645489
0.35861709722589036
0.3619278842340883
0.3652690341682238
0.368640819802211
0.37204351620041787
0.3754774007323349
0.37894275308713826
0.3824398552882616
0.385968991707924
0.3895304490814249
0.3931245165216594
0.39675148553329775
0.4004116500270287
0.4041053063336408
0.4078327532181141
0.4115942918934287
0.41539022603444475
0.41922086179150636
0.4230865078041503
0.42698747521442115
0.4309240776801701
0.43489663138823687
0.4389054550673862
0.44295087000118505
0.4470332000405644
0.45115277161630296
0.45530991375132224
0.4595049580726401
0.46373823882327947
0.4680100928738528
0.47232085973386734
0.47667088156297194
0.48106050318159727
0.48549007208170514
0.489959938436999
0.49447045511290644
0.49902197767623324
0.5036148644045482
0.5082494762951022
0.5129261770735327
0.5176453332020605
0.5224073138874646
0.5272124910884107
0.5320612395226172
0.5369539366733628
0.5418909627957605
0.5468727009223
0.5518995368681189
0.5569718592356347
0.5620900594187125
0.5672545316062362
0.5724656727851087
0.577723882742685
0.583029564068576
0.588383122155837
0.5937849652013915
0.5992355042059359
0.604735152973008
0.6102843281072967
0.6158834490123517
0.6215329378873266
0.6272332197229628
0.6329847222968008
0.6387878761674113
0.6446431146677849
0.6505508738977624
0.6565115927155163
0.6625257127279894
0.6685936782803986
0.6747159364445114
0.680892937006015
0.6871251324505852
0.6934129779488647
0.6997569313402031
0.7061574531151628
0.7126150063966841
0.7191300569200021
0.7257030730111008
0.7323345255637783
0.7390248880153203
0.7457746363205329
0.7525842489242871
0.7594542067325265
0.7663849930815152
0.7733770937053723
0.7804309967020301
0.78754719249711
0.7947261738061827
0.8019684355950116
0.809274475037715
0.8166447914731325
0.8240798863588598
0.8315802632232777
0.8391464276153072
0.8467788870518662
0.8544781509630314
0.862244730634721
0.8700791391489092
0.8779818913213312
0.8859535036364667
0.8939944941798962
0.9021053825678409
0.9102866898738383
0.9185389385524705
0.9268626523601253
0.9352583562725746
0.9437265763994049
0.952267839895175
0.9608826748671567
0.9695716102796902
0.9783351758549366
0.9871739019699415
0.9960883195500582
1.0050789599584329
1.0141463548815615
1.0232910362108478
1.0325135359198736
1.0418143859375704
1.051194118016864
1.0606532635988937
1.070192353672621
1.079811918629717
1.0895124881145264
1.0992945908691947
1.1091587545736037
1.1191055056800614
1.1291353692427775
1.1392488687416487
1.149446525900626
1.159728860500183
1.170096390183977
1.1805496302593737
1.191089093491873
1.2017152898931898
1.2124287265027858
1.22322990716284
1.2341193322863901
1.2450974986185381
1.256164898990551
1.2673220220666501
1.2785693520834545
1.289907368581723
1.3013365461303699
1.3128573540425492
1.3244702560835842
1.3361757101706344
1.3479741680638533
1.359866075048925
1.3718518696107478
1.3839319830980756
1.3961068393789855
1.4083768544869106
1.420742436257093
1.4332039839532709
1.4457618878843779
1.4584165290110462
1.4711682785417748
1.4840174975185196
1.4969645363915156
1.5100097345831225
1.523153420040518
1.5363959087770465
1.5497375044019268
1.5631784976382763
1.5767191658291124
1.5903597724311827
1.6041005664964356
1.6179417821409303
1.631883638000941
1.6459263366761119
1.6600700641594741
1.6743149892540363
1.6886612629759004
1.7031090179436053
1.717658367753541
1.7323094063412776
1.7470622073286162
1.7619168233561513
1.776873285401275
1.7919316020813154
1.8070917589418196
1.822353717729641
1.8377174156509288
1.85318276461361
1.8687496504544412
1.8844179321504597
1.9001874410146646
1.9160579798759025
1.932029322242832
1.9481012114519132
1.9642733597993418
1.9805454476568751
1.9969171225715603
2.013387998349276
2.029957654122144
2.046625633399788
2.0633914431045253
2.0802545525904326
2.0972143926465168
2.1142703544839425
2.131421788707533
2.1486680042716113
2.16600826742042
2.1834418006132745
2.2009677814346333
2.2185853414894647
2.2362935652840212
2.254091489092502
2.271978099809832
2.289952333790996
2.308013075677374
2.326159157210459
2.344389356033561
2.3627023944819516
2.3810969383621035
2.3995715957206154
2.418124915603544
2.4367553868068352
2.4554614366186702
2.4742414295545605
2.493093666086058
2.5120163813640772
2.531007743937808
2.550065854470297
2.5691887444518438
2.588374374912418
2.6076206351343627
2.626925341366715
2.6462862355425742
2.6657009840010444
2.685167176215205
2.7046823235278987
2.724243857896948
2.7438491306516952
2.7634954112626806
2.783179886126514
2.802899657367965
2.822651741661463
2.842433069074233
2.862240481933457
2.8820707337198486
2.9019204879902625
2.921786317331905
2.941664702350938
2.961552030698302
2.981444596135719
3.0013385976449047
3.02123013858317
3.041115225888612
3.060989769338382
3.0808495808633443
3.100690373922794
3.120507762942882
3.140297262822534
3.1600542885107163
3.17977415465903
3.1994520753537454
3.2190831639313924
3.238662432882188
3.258184793845664
3.277645057702912
3.297037934769967
3.3163580350969064
3.335599868877357
3.3547578469730817
3.3738262815585007
3.3927993868899122
3.4116712802043336
3.430435982752843
3.449087420973401
3.467619427808057
3.4860257441695093
3.5043000205620016
3.5224358188614273
3.54042661425958
3.558265797377398
3.575946676551955
3.5934624803019592
3.6108063599763183
3.6279713925903385
3.644950583853875
3.661736871395686
3.678323128188048
3.6947021661754733
3.710866740111194
3.726809551604834
3.742523253384384
3.7580004537753786
3.7732337213998277
3.7882155900970935
3.8029385640685827
3.8173951232477217
3.831577728896233
3.8454788294273032
3.8590908664557584
3.872406281074851
3.8854175203586885
3.8981170440888184
3.9104973317028446
3.9225508894623338
3.9342702578365873
3.945648019098221
3.956676805125684
3.967349305407176
3.977658275239621
3.987596544115522
3.9971570242897236
4.0063327195172596
4.0151167339525475
4.023502281199335
4.03148269349985
4.039051431050725
4.046202091432246
4.052928419136606
4.059224315179805
4.065083846780915
4.07050125709145
4.075470974956628
4.079987624689328
4.084046035836645
4.087641252917992
4.090768545112823
4.093423415875166
4.095601612451311
4.097299135276248
4.098512247223631
4.099237482683429
4.099471656440727
4.099211872328594
4.098455531627463
4.097200341183019
4.095444321214258
4.093185812783217
4.090423484897626
4.08715634121782
4.083383726339255
4.079105331622248
4.074321200540825
4.069031733523092
4.063237692256111
4.056940203429029
4.0501407618890815
4.042841233186169
4.035043855482845
4.02675124080798
4.017966375633797
4.008692620757711
3.998933710472129
3.9886937510074745
3.977977218235668
3.9667889546236994
3.955134165429261
3.9430184141329816
3.9304476171044653
3.917428037502145
3.9039662784098437
3.890069275215903
3.8757442872438634
3.8609988886467574
3.8458409585802946
3.830278670673415
3.8143204818179255
3.79797512030216
3.7812515733167538
3.7641590738638353
3.7467070871039545
3.7289052961780347
3.7107635875445633
3.692292035874862
3.6735008885518727
3.6544005498202625
3.6350015646377822
3.615314602279703
3.595350439749872
3.5751199450532645
3.554634060386019
3.5339037852997013
3.5129401598970484
3.491754248116509
3.470357121162682
3.4487598411392173
3.4269734449397555
3.4050089284511893
3.3828772311219275
3.360589220945805
3.3381556799099155
3.3155872899520604
3.2928946194704403
3.270088110425007
3.247178066066312
3.224174639323963
3.201087821882776
3.1779274339705155
3.154703114876898
3.1314243142190183
3.108100283963907
3.0847400712144477
3.0613525117603353
3.0379462243913142
3.014529605965638
2.9911108272224127
2.9676978293224985
2.9442983210987923
2.920919776993184
2.8975694356541593
2.8742542991660365
2.8509811328782533
2.8277564658007885
2.804586591529904
2.781477569666959
2.7584352276918738
2.735465163252124
2.7125727468279144
2.6897631247341693
2.6670412224205484
2.6444117480314193
2.621879196189015
2.59944785196439
2.5771217950025873
2.5549049037705016
2.5328008598980896
2.510813152586019
2.488945083055422
2.4671997690180363
2.445580149147701
2.4240889875369467
2.4027288781250395
2.381502249086514
2.3604113671716953
2.339458341993178
2.318645130254386
2.297973539918385
2.277445234316996
2.257061736201809
2.236824431740032
2.216734574459304
2.1967932891463593
2.1770015757050807
2.157360312979832
2.13787026255005
2.118532072502008
2.099346281183268
2.0803133209449474
2.0614335218761495
2.0427071155341303
2.024134238672881
2.005714936971746
1.9874491687646128
1.9693368087691607
1.9513776518144808
1.9335714165642934
1.9159177492319823
1.8984162272826326
1.8810663631163593
1.8638676077264804
1.8468193543253286
1.8299209419300244
1.8131716589000588
1.7965707464183363
1.7801174019071693
1.7638107823707254
1.747650007655663
1.7316341636219272
1.7157623052161246
1.7000334594404622
1.6844466282108534
1.6690007910985134
1.6536949079502123
1.6385279213831663
1.623498759151474
1.608606336381885
1.593849557677671
1.5792273190902255
1.5647385099589268
1.5503820146206693
1.5361567139912504
1.5220614870215285
1.5080952120319822
1.494256767929867
1.4805450353136782
1.4669588974700993
1.453497241268931
1.4401589579617835
1.4269429438904795
1.413848101111255
1.4008733379408467
1.388017569430523
1.3752797177740432
1.3626587126553529
1.3501534915416138
1.3377629999269747
1.3254861915321654
1.3133220284647145
1.3012694813443093
1.289327529397434
1.2774951605251499
1.2657713713474905
1.2541551672276854
1.2426455622790618
1.2312415793571792
1.2199422500394963
1.2087466145945676
1.1976537219425167
1.1866626296083465
1.1757724036693846
1.164982118698001
1.1542908577005735
1.143697712053509
1.1332017814370097
1.122802173767143
1.1124980051267046
1.1022883996952517
1.0921724896786122
1.082149415238142
1.0722183244199213
1.0623783730840481
1.0526287248341661
1.0429685509473188
1.033397030304198
1.0239133493198567
1.0145167018749213
1.005206289247336
0.9959813200446532
0.9868410101369005
0.9777845825900229
0.9688112675999033
0.9599203024269751
0.9511109313314218
0.9423824055089525
0.9337339830271717
0.9251649287625238
0.9166745143378091
0.908262018060278
0.8999267248602872
0.8916679262305238
0.8834849201657768
0.8753770111032696
0.8673435098635391
0.8593837335918503
0.8514970057001564
0.8436826558095889
0.835940019693472
0.8282684392208641
0.8206672623006187
0.813135842825951
0.8056735406195217
0.7982797213790223
0.7909537566232552
0.7836950236387148
0.7765029054266553
0.7693767906506475
0.7623160735846108
0.755320154061328
0.7483884374214329
0.7415203344628588
0.7347152613907586
0.7279726397678835
0.7212918964654113
0.7146724636142321
0.7081137785566803
0.7016152837987053
0.6951764269624856
0.6887966607394755
0.6824754428438857
0.676212235966585
0.6700065077294297
0.6638577306400142
0.6577653820468283
0.6517289440948347
0.6457479036814517
0.6398217524129357
0.6339499865611696
0.6281321070208462
0.6223676192670409
0.6166560333131792
0.6109968636693859
0.6053896293012202
0.5998338535887843
0.5943290642862118
0.5888747934815279
0.5834705775568734
0.5781159571490982
0.5728104771107171
0.567553686471218
0.5623451383987308
0.5571843901620485
0.5520710030929904
0.547004542549118
0.5419845778767884
0.5370106823745509
0.5320824332568729
0.5271994116182056
0.5223612023973774
0.5175673943423105
0.5128175799750655
0.5081113555572072
0.503448321055483
0.4988280801078218
0.4942502399896438
0.48971441158047585
0.4852202093308783
0.4807672512296708
0.47635515877146434
0.4719835569244838
0.46765207409869247
0.46336034211420724
0.4591079961700001
0.45489467481289186
0.45072001990682903
0.44658367660243947
0.4424852933068712
0.4384245216539079
0.434401016474355
0.4304144357667016
0.4264644406680494
0.4225506954253105
0.41867286736666576
0.4148306268732884
0.4110236473513277
0.4072516052041453
0.4035141798048109
0.39981105346884993
0.3961419114272369
0.3925064417996419
0.38890433556792103
0.3853352865498477
0.38179899137308787
0.37829514944941384
0.3748234629491523
0.37138363677587
0.36797537854128926
0.3645983985404362
0.36125240972701345
0.3579371276890025
0.3546522706244885
0.35139755931770555
0.3481727171153042
0.34497746990283573
0.3418115460814515
0.33867467654481653
0.3355665946562374
0.33248703622599496
0.32943573948888966
0.32641244508199085
0.3234168960225916
0.32044883768636323
0.3175080177857128
0.31459418634833974
0.31170709569598576
0.30884650042338285
0.30601215737739507
0.30320382563634785
0.3004212664895507
0.2976642434170075
0.29493252206931
0.2922258702477195
0.289544057884429
0.28688685702300815
0.2842540417990254
0.2816453884208502
0.2790606751506307
0.27649968228544497
0.27396219213862666
0.27144798902126177
0.26895685922385404
0.26648859099815975
0.26404297453918973
0.26161980196737433
0.2592188673108948
0.25683996648817425
0.2544828972905322
0.2521474593649949
0.24983345419726585
0.24754068509485277
0.24526895717034713
0.24301807732485903
0.2407878542316046
0.23857809831964152
0.23638862175775613
0.23421923843849796
0.2320697639623594
0.22994001562210303
0.22782981238722916
0.22573897488859057
0.2236673254031448
0.2216146878388463
0.21958088771968104
0.21756575217083438
0.21556910990399558
0.21359079120280092
0.21163062790840434
0.20968845340518674
0.20776410260659217
0.2058574119410943
0.2039682193382949
0.20209636421514654
0.20024168746230184
0.19840403143059143
0.19658323991762203
0.1947791581544986
0.1929916327926706
0.19122051189089634
0.18946564490232676
0.1877268826617108
0.18600407737271535
0.18429708259536132
0.18260575323357814
0.18092994552286942
0.17926951701809196
0.17762432658134966
0.17599423436999578
0.17437910182474506
0.1727787916578982
0.17119316784167116
0.1696220955966318
0.1680654413802457
0.16652307287552245
0.16499485897977073
0.16348066979345352
0.16198037660914563
0.16049385190059529
0.15902096931188336
0.1575616036466822
0.15611563085761546
0.15468292803571312
0.1532633733999634
0.15185684628696272
0.1504632271406586
0.14908239750218633
0.1477142399998015
0.14635863833890253
0.14501547729214476
0.14368464268964742
0.14236602140928867
0.1410595013670889
0.13976497150768538
0.13848232179489145
0.13721144320234285
0.1359522277042316
0.13470456826612315
0.13346835883585753
0.1322434943345367
0.13102987064759047
0.12982738461592877
0.12863593402717202
0.12745541760696233
0.12628573501035664
0.12512678681329648
0.1239784745041561
0.12284070047537043
0.12171336801513757
0.1205963812991975
0.11948964538268839
0.11839306619207536
0.11730655051715365
0.11623000600312695
0.11516334114275636
0.11410646526858176
0.11305928854521619
0.11202172196170904
0.11099367732397954
0.10997506724732138
0.10896580514897428
0.10796580524076389
0.10697498252181073
0.10599325277130461
0.10502053254134516
0.10405673914984981
0.10310179067352514
0.10215560594090287
0.1012181045254414
0.10028920673868812
0.09936883362350697
0.09845690694736661
0.09755334919568992
0.09665808356526637
0.09577103395772302
0.09489212497305573
0.09402128190322102
0.09315843072578525
0.09230349809763234
0.09145641134873035
0.09061709847595409
0.08978548813696417
0.08896150964414398
0.08814509295859055
0.08733616868416082
0.08653466806157369
0.08574052296256518
0.08495366588409678
0.08417402994261873
0.08340154886838429
0.08263615699981629
0.08187778927792684
0.08112638124078674
0.0803818690180457
0.07964418932550439
0.07891327945973403
0.07818907729274754
0.07747152126671816
0.07676055038874666
0.07605610422567759
0.07535812289896208
0.0746665470795677
0.07398131798293621
0.07330237736398641
0.07262966751216296
0.07196313124653157
0.07130271191091829
0.07064835336909328
