0.2076116817457673
0.209534292401818
0.2114747014364536
0.2134330734428636
0.21540957453224793
0.2174043723466404
0.21941763607354436
0.22144953645895946
0.22350024582288902
0.22556993807277526
0.22765878871841433
0.22976697488634526
0.23189467533471472
0.23404207046796727
0.23620934235199928
0.23839667472913872
0.24060425303403213
0.24283226440764527
0.24508089771385994
0.24735034355551272
0.24964079428842048
0.2519524440399527
0.2542854887219815
0.2566401260503335
0.25901655555820513
0.26141497861448304
0.26383559843964427
0.2662786201235109
0.2687442506407332
0.27123269886859785
0.2737441756042772
0.2762788935823212
0.2788370674918015
0.2814189139938667
0.2840246517402895
0.28665450139095716
0.2893086856315906
0.2919874291923836
0.2946909588675641
0.297419503531667
0.3001732941601512
0.30295256384744945
0.3057575478263977
0.30858848348744783
0.31144561039712865
0.3143291703199467
0.31723940723516847
0.3201765673585171
0.3231408991617635
0.3261326533931925
0.32915208309733757
0.3321994436364877
0.33527499271001504
0.33837899037700264
0.34151169907614104
0.344673383646377
0.34786431135080464
0.35108475189507976
0.354334977451824
0.3576152626808243
0.36092588475181464
0.36426712336691824
0.367639260782938
0.3710425818340749
0.3744773739545141
0.377943927201723
0.3814425342795064
0.3849734905616438
0.38853709411478565
0.3921336457237055
0.3957634489127312
0.39942680997276825
0.4031240379832482
0.40685544483831076
0.4106213452705061
0.41442205687573724
0.4182579001389299
0.42212919845890085
0.42603627817402356
0.4299794685871769
0.43395910199281174
0.4379755137020243
0.4420290420692415
0.44612002851848953
0.4502488175702202
0.45441575686764696
0.4586211972045911
0.46286549255166876
0.4671490000849736
0.47147208021258463
0.47583509660269674
0.4802384162118966
0.484682409313278
0.48916744952493635
0.4936939138379129
0.49826218264613115
0.5028726397745193
0.5075256725082411
0.5122216716227996
0.5169610314132091
0.5217441497234653
0.5265714279768745
0.5314432712067302
0.5363600880856777
0.5413222909571282
0.546330295865897
0.5513845225885845
0.5564853946656887
0.5616333394323122
0.5668287880501319
0.5720721755387201
0.5773639408076967
0.5827045266892416
0.5880943799697749
0.5935339514229782
0.599023695842112
0.6045640720733816
0.6101555430484653
0.6157985758180377
0.6214936415852055
0.6272412157393586
0.6330417778893295
0.6388958118980637
0.6448038059160323
0.6507662524162368
0.6567836482282499
0.6628564945728943
0.668985297097339
0.6751705659092568
0.6814128156131074
0.6877125653443504
0.6940703388056648
0.7004866643017377
0.706962074775315
0.7134971078434963
0.7200923058328588
0.7267482158160494
0.7334653896480049
0.7402443840022447
0.7470857604067843
0.7539900852819889
0.7609579299759236
0.7679898708015659
0.7750864890741639
0.7822483711475684
0.7894761084514358
0.7967702975283583
0.8041315400711513
0.81156044296
0.8190576182996732
0.8266236834569844
0.8342592610981058
0.8419649792259899
0.8497414712178901
0.8575893758626026
0.865509337398154
0.873502005548935
0.8815680355634852
0.8897080882517695
0.8979228300223189
0.9062129329199143
0.9145790746625844
0.9230219386789851
0.931542214145384
0.9401405960226875
0.9488177850935554
0.9575744879988747
0.9664114172747287
0.9753292913888085
0.9843288347766793
0.9934107778778891
1.0025758571723355
1.011824815215694
1.0211584006751362
1.0305773683644899
1.0400824792793104
1.0496745006319539
1.0593542058855456
1.069122374788514
1.0789797934080456
1.0889272541641137
1.0989655558620526
1.109095503725037
1.119317909427127
1.1296335911242998
1.1400433734859594
1.1505480877259733
1.1611485716326981
1.1718456695988877
1.1826402326505072
1.193533118475948
1.2045251914530122
1.215617322676964
1.2268103899865415
1.2381052779900075
1.2495028780899924
1.2610040885078846
1.272609814307056
1.2843209674154925
1.2961384666474913
1.3080632377238999
1.3200962132923444
1.3322383329455363
1.3444905432387158
1.356853797706452
1.3693290568776666
1.3819172882898694
1.3946194665019396
1.4074365731055096
1.4203695967354706
1.4334195330784854
1.4465873848802315
1.459874161951652
1.4732808811726927
1.4868085664953314
1.500458248944153
1.5142309666158533
1.5281277646765927
1.5421496953571656
1.55629781794719
1.570573198786084
1.5849769112530723
1.5995100357541512
1.6141736597074812
1.628968877526172
1.6438967905987436
1.6589585072671003
1.674155142802127
1.6894878193764766
1.704957666034707
1.7205658186607755
1.7363134199423313
1.7522016193324483
1.7682315730078277
1.7844044438241007
1.8007214012679573
1.8171836214054595
1.83379228682745
1.850548586590755
1.8674537161562603
1.8845088773226428
1.9017152781564535
1.919074132918213
1.9365866619840288
1.9542540917631592
1.9720776546107965
1.9900585887367301
2.0081981381089395
2.0264975523523887
2.044958086642871
2.063581001595758
2.0823675631491763
2.101319042442095
2.1204367156864703
2.13972186403381
2.1591757734355954
2.1787997344976926
2.1985950423286957
2.2185629963811393
2.238704900286756
2.259022061684395
2.279515792041261
2.300187406466387
2.321038223517345
2.3420695649987247
2.3632827557529863
2.384679123443212
2.4062599983276463
2.4280267130253987
2.4499806022737647
2.4721230026763057
2.494455252441766
2.5169786911134095
2.5396946592888137
2.5626044983294953
2.5857095500602463
2.6090111564581324
2.6325106593305323
2.6562093999821177
2.6801087188703145
2.7042099552496364
2.728514446803244
2.7530235292629075
2.777738536016162
2.802660797700388
2.8277916417840685
2.853132392134067
2.878684368569437
2.904448886400683
2.9304272559546773
2.956620782084532
2.9830307636643068
3.0096584930678785
3.036505255632112
3.063572329103272
3.0908609830669938
3.1183724783608695
3.1461080664694667
3.174068988901559
3.20225647654888
3.2306717490259653
3.2593160139909756
3.288190466446783
3.3172962880220407
3.346634646231633
3.3762066937162665
3.4060135674607106
3.436056387989982
3.4663362585434316
3.4968542642258607
3.527611471135534
3.5586089254683455
3.5898476525979417
3.6213286561308924
3.653052916936964
3.6850213921534967
3.717235014163878
3.749694689549125
3.7824012980123323
3.815355691275754
3.8485586919493207
3.882011092370845
3.9157136534168075
3.9496671032837383
3.983872136239239
4.018329411342355
4.053039551132912
4.0880031402890875
4.1232207242528345
4.15869280782269
4.194419853713478
4.230402281082244
4.266640464020444
4.303134730011136
4.339885358351577
4.37689257854008
4.414156568627193
4.451677453530364
4.489455303312031
4.527490131420508
4.5657818928934475
4.604330482523253
4.643135732984515
4.682197412922633
4.7215152250038965
4.76108880392609
4.80091771438997
4.841001449030992
4.881339426311292
4.921930988371566
4.962775398842991
5.003871840618708
5.045219413585215
5.086817132313277
5.128663923708675
5.170758624622568
5.2130999794219
5.255686637519695
5.298517150865696
5.341589971397407
5.3849034484521585
5.428455826140256
5.472245240679826
5.516269717694064
5.560527169470989
5.605015392186986
5.6497320630944525
5.6946747376744815
5.739840846755651
5.785227693599772
5.830832450955764
5.876652158082931
5.922683717744754
5.968923893174949
6.015369305016966
6.062016428238829
6.108861589025042
6.1559009616473634
6.203130565316603
6.250546261017622
6.298143748329614
6.34591856223456
6.393866069916021
6.4419814675513125
6.490259777099947
6.538695843091403
6.587284329415462
6.636019716118709
6.6848962962106855
6.73390817248362
6.783049254349741
6.832313254700277
6.881693686790878
6.931183861157674
6.980776882569214
7.030465647019158
7.080242838764998
7.1301009274185345
7.180032165093624
7.230028583617384
7.280081991811041
7.330183972846913
7.380325881688237
7.430498842618925
7.4806937468703705
7.530901250352948
7.581111771499858
7.6313154892313575
7.681502341047779
7.7316620212596705
7.781783979364069
7.831857418575816
7.881871294523345
7.93181431411839
7.9816749346095985
8.031441362829932
8.081101554648303
8.13064321463593
8.180053795958104
8.229320500502538
8.278430279255232
8.327369832935444
8.376125612901156
8.424683822336949
8.473030417735934
8.521151110687954
8.569031369986098
8.61665642406367
8.6640112637741
8.711080645525895
8.757849094785225
8.8043009099583
8.85042016666601
8.89619072242294
8.941596221733061
8.986620101613916
9.031245597561346
9.075455749966103
9.119233410994003
9.162561251940343
9.205421771069549
9.247797301950085
9.289670022294644
9.331021963314802
9.371835019598889
9.412090959521272
9.451771436190313
9.490857998941829
9.529332105383762
9.567175133997141
9.604368397297181
9.640893155557672
9.676730631100394
9.71186202315032
9.746268523256063
9.779931331273676
9.812831671910567
9.844950811824736
9.8762700772731
9.90677087230093
9.936434697462794
9.965243169063566
9.993178038906311
10.020221214531723
10.046354779932097
10.071561016720466
10.095822425733607
10.119121749045329
10.141441992364335
10.16276644778849
10.183078716885202
10.202362734065119
10.220602790213976
10.237783556545043
10.253890108632234
10.26890795058133
10.282823039294572
10.295621808781299
10.307291194465007
10.317818657434797
10.327192208586983
10.335400432600295
10.342432511686056
10.348278249052589
10.35292809202131
10.35637315472988
10.358605240356477
10.359616862797402
10.359401267729144
10.357952452984733
10.355265188173382
10.351335033471617
10.34615835751378
10.339732354309428
10.332055059115383
10.32312536319051
10.312943027361971
10.301508694332792
10.288823899661896
10.274891081349518
10.259713587962908
10.24329568523986
10.225642561110261
10.206760329079223
10.1866560299189
10.16533763162025
10.142814027560247
10.119095032845006
10.094191378794468
10.06811470553982
10.040877552710835
10.012493348196612
9.982976394969842
9.95234185597165
9.920605737061358
9.887784868043015
9.853896881788177
9.818960191482507
9.78299396603168
9.746018103670384
9.70805320382636
9.669120537299808
9.629242014826616
9.588440154102019
9.54673804534943
9.50415931552683
9.460728091270678
9.416468960684671
9.37140693408731
9.325567403838807
9.278976103373711
9.231659065571042
9.183642580598319
9.134953153370216
9.085617460765713
9.03566230875037
8.98511458955209
8.93400123903978
8.88234919445447
8.830185352641518
8.777536528931112
8.724429416811494
8.670890548535889
8.616946256799777
8.562622637619834
8.507945514539543
8.452940404279788
8.397632483944646
8.342046559884237
8.286207038307165
8.230137897725347
8.17386266330355
8.117404383175055
8.060785606773802
8.004028365221693
7.947154153797941
7.890183916505819
7.833138032740024
7.776036306046292
7.718897954953486
7.661741605847033
7.604585287841786
7.5474464296022425
7.490341858048144
7.4332877988745265
7.376299878806887
7.319393129504708
7.2625819930198245
7.205880328710298
7.149301421505808
7.09285799141649
7.036562204174285
6.980425682894039
6.924459520640474
6.868674293787057
6.813080076053896
6.757686453113216
6.702502537653695
6.647536984798107
6.592798007772786
6.538293393731946
6.484030519644942
6.43001636816032
6.376257543366288
6.3227602863734855
6.269530490652546
6.216573717065336
6.1638952085354966
6.1114999043105644
6.0593924537744
6.007577229775138
5.956058341439951
5.904839646454031
5.853924762786693
5.803317079852878
5.753019769103408
5.7030357940418615
5.653367919670176
5.604018721369055
5.554990593222644
5.506285755799978
5.457906263408653
5.409854010838305
5.362130739613739
5.314738043779091
5.2676773752360635
5.220950048660264
5.17455724602064
5.128500020727804
5.082779301437362
5.037395895534747
4.992350492328184
4.947643665976366
4.903275878177176
4.859247480643641
4.815558717392715
4.772209726872065
4.729200543949289
4.686531101787371
4.644201233629238
4.602210674513334
4.5605590629412
4.5192459425168545
4.478270763576518
4.437632884826067
4.3973315750021404
4.35736601457136
4.317735297480737
4.278438432970632
4.239474347460143
4.200841886512986
4.1625398168904475
4.124566828696121
4.0869215376154715
4.049602487251682
4.012608151557479
3.9759369373610185
3.939587186982489
3.903557180936491
3.867845140713916
3.832449231635873
3.7973675657709594
3.7625982049062046
3.72813916356124
3.6939884120344177
3.660143879469187
3.6266034569285366
3.5933650004652287
3.5604263341754314
3.52778525322343
3.4954395268254927
3.4633869011812815
3.431625102341735
3.400151839003138
3.3689648052177565
3.3380616830123273
3.3074401449066984
3.2770978563258457
3.247032477899623
3.217241667645581
3.1877230830314307
3.1584743829146547
3.1294932293578936
3.100777289319778
3.0723242362217924
3.0441317513926567
3.016197525392598
2.9885192592206007
2.961094665408343
2.9339214690052238
2.906997408459233
2.8803202363989344
2.853887720322009
2.827697643196158
2.8017478039782016
2.7760360180572654
2.7505601176280097
2.725317951999702
2.7003073878467876
2.6755263094065103
2.6509726186288196
2.6266442352835564
2.6025390970296782
2.578655159450893
2.5549903960618328
2.531542798288492
2.5083103754264204
2.4852911545797793
2.4624831805840586
2.439884515915013
2.41749324058604
2.395307452035946
2.37332526500888
2.3515448114279147
2.329964240263547
2.3085817173982823
2.287395425488207
2.266403563822378
2.2456043481806676
2.22499601069065
2.2045767996839865
2.184344979552652
2.1642988306053565
2.1444366489243762
2.1247567462229826
2.1052574497036525
2.085937101917158
2.0667940606226196
2.0478266986486084
2.0290334037553492
2.0104125784980442
1.9919626400913497
1.9736820202750245
1.9555691651807696
1.9376225352002292
1.9198406048541938
1.9022218626629817
1.8847648110179824
1.867467966054386
1.8503298575250704
1.8333490286756302
1.8165240361205621
1.7998534497205776
1.783335852461049
1.7669698403315544
1.7507540222065396
1.7346870197270783
1.7187674671837005
1.7029940114003128
1.6873653116191778
1.671880039386944
1.6565368784417283
1.6413345246012374
1.626271685651902
1.6113470812390434
1.5965594427580445
1.5819075132465104
1.5673900472774296
1.5530058108533107
1.538753581301295
1.5246321471692217
1.510640308122656
1.4967768748428658
1.4830406689257176
1.4694305227815172
1.455945279535767
1.4425837929308225
1.4293449272284642
1.4162275571133607
1.4032305675974106
1.3903528539249712
1.377593321478951
1.3649508856877715
1.35242447193317
1.3400130154588594
1.3277154612800284
1.3155307640936567
1.3034578881896695
1.2914958073629035
1.2796435048258714
1.2678999731223393
1.2562642140416924
1.2447352385340817
1.2333120666263584
1.2219937273387718
1.2107792586024404
1.1996677071775685
1.1886581285724236
1.1777495869630559
1.1669411551137467
1.1562319142981965
1.1456209542214342
1.135107372942436
1.1246902767974616
1.114368780324097
1.1041420061859808
1.094009085098236
1.0839691557535769
1.0740213647491017
1.0641648665137458
1.0543988232364112
1.0447224047947548
1.035134788684621
1.025635159950131
1.0162227111144144
1.006896642110966
0.9976561602156436
0.9885004799792876
0.9794288231609517
0.9704404186617566
0.9615345024593416
0.9527103175429287
0.9439671138489676
0.9353041481973849
0.9267206842284145
0.9182159923400002
0.9097893496257837
0.9014400398136581
0.8931673532048789
0.8849705866137424
0.8768490433078158
0.86880203294871
0.8608288715334032
0.8529288813360988
0.845101390850621
0.8373457347333315
0.8296612537465768
0.8220472947026554
0.8145032104082905
0.8070283596096218
0.7996221069376999
0.7922838228544739
0.7850128835992838
0.7778086711358421
0.7706705730996954
0.7635979827461757
0.7565902988988277
0.7496469258983046
0.74276727355174
0.7359507570825785
0.7291967970808724
0.7225048194540269
0.715874255378005
0.709304541248977
0.7027951186354111
0.6963454342306084
0.6899549398056715
0.683623092162903
0.6773493530896331
0.6711331893124748
0.6649740724519899
0.6588714789777793
0.6528248901639817
0.6468337920451832
0.6408976753727265
0.6350160355714256
0.6291883726966795
0.6234141913919715
0.6176930008467657
0.6120243147547901
0.6064076512726957
0.6008425329791014
0.595328486834015
0.58986504413862
0.584451740495439
0.579088115768858
0.5737737140460163
0.5685080835980508
0.5632907768417004
0.5581213503012614
0.5529993645708899
0.5479243842772533
0.5428959780425235
0.5379137184477081
0.5329771819963195
0.5280859490783795
0.5232396039347487
0.5184377346217895
0.5136799329763485
0.5089657945810644
0.5042949187299898
0.4996669083945317
0.49508137018970555
0.49053791434069427
0.48603615464971806
0.4815757084632092
0.47715619663928305
0.47277724351551226
0.4684384768769959
0.4641395279247188
0.45988003124420607
0.4556596247744583
0.45147794977718114
0.4473346508062896
0.4432293756776926
0.4391617754393621
0.43513150434166875
0.43113821980799116
0.42718158240560183
0.4232612558168087
0.4193769068103735
0.41552820521318434
0.4117148238821886
0.4079364386765898
0.4041927284302931
0.4004833749246037
0.39680806286118286
0.39316647983524405
0.3895583163089972
0.3859832655853412
0.3824410237817927
0.3789312898046535
0.3754537653234216
0.3720081547454307
0.36859416519072263
0.3652115064671563
0.36185989104573885
0.3585390340361839
0.3552486531626993
0.35198846873999157
0.3487582036494901
0.3455575833157964
0.3423863356833423
0.3392441911932636
0.3361308827604914
0.3330461457510449
0.32998971795954146
0.32696133958690704
0.32396075321829126
0.32098770380119057
0.31804193862376673
0.3151232072933644
0.3122312617152309
0.30936585607142625
0.3065267467999268
0.30371369257392544
0.3009264542813172
0.29816479500437265
0.295428479999603
0.29271727667780506
0.2900309545842895
0.28736928537929485
0.28473204281857734
0.2821190027341778
0.27952994301537076
0.2769646435897829
0.2744228864046857
0.2719044554084632
0.2694091365322463
0.26693671767171506
0.2644869886690734
0.26205974129518095
0.25965476923185754
0.25727186805434404
0.25491083521392466
0.2525714700207133
0.25025357362659295
0.2479569490083122
0.24568140095074087
0.24342673603027515
0.241192762598395
0.23897929076537677
0.23678613238415072
0.2346131010343073
0.2324600120062539
0.23032668228551273
0.22821293053716352
0.22611857709043237
0.22404344392341807
0.22198735464795907
0.21995013449464276
0.21793161029794855
0.21593161048152779
0.21394996504362146
0.21198650554260923
0.21004106508269033
0.20811347829969962
0.20620358134705027
0.20431121188180573
0.2024362090508828
0.20057841347737623
0.19873766724701394
0.19691381389473323
0.19510669839137984
0.19331616713053273
0.19154206791544603
0.18978424994611146
0.18804256380644205
0.1863168614515705
0.1846069961952647
0.1829128226974607
0.18123419695190818
0.17957097627392835
0.17792301928828796
0.1762901859171811
0.17467233736832163
0.17306933612314737
0.17148104592513036
0.16990733176819356
0.16834805988523746
0.16680309773676857
0.16527231399963258
0.16375557855585368
0.16225276248157347
0.1607637380360914
0.15928837865100878
0.15782655891946806
0.1563781545854951
0.15494304253343633
0.1535211007774933
0.15211220845135517
0.15071624579792417
0.1493330941591354
0.14796263596587242
0.14660475472797282
0.14525933502432592
0.14392626249306315
0.14260542382183658
0.14129670673818656
