0.18151616547701357
0.18319713364558135
0.18489366371259078
0.18660589960363308
0.18833398657166076
0.19007807120838957
0.1918383014569865
0.19361482662550455
0.19540779739710076
0.1972173658434906
0.19904368543969128
0.20088691107358073
0.20274719906017646
0.20462470715563846
0.20651959456900362
0.20843202197522698
0.21036215153007917
0.21231014688254596
0.2142761731885163
0.21626039712479592
0.21826298690195534
0.22028411228034267
0.22232394458166505
0.2243826567056209
0.22646042314186238
0.22855741998618923
0.23067382495455
0.23280981739733156
0.23496557831514758
0.2371412903731603
0.2393371379154914
0.24155330698157154
0.24378998532190146
0.24604736241113803
0.248325629466963
0.25062497946327295
0.2529456071465563
0.2552877090532049
0.2576514835240324
0.26003713072196366
0.2624448526476155
0.2648748531554145
0.2673273379719797
0.26980251471095784
0.2723005928919446
0.27482178395625617
0.27736630128422285
0.279934360214197
0.282526178057966
0.28514197411985587
0.28778196971440495
0.2904463881838493
0.29313545491744836
0.2958493973679845
0.29858844507266996
0.301352829668895
0.3041427849156581
0.30695854671088896
0.3098003531112824
0.31266844435109065
0.31556306286209707
0.3184844532924693
0.3214328625268682
0.32440853970683814
0.3274117362494819
0.3304427058692953
0.33350170459782846
0.3365889908031082
0.3397048252130862
0.3428494709331483
0.34602319346995436
0.3492262607511151
0.35245894314687715
0.35572151349228676
0.3590142471074285
0.3623374218210577
0.36569131799136717
0.3690762185285591
0.37249240891792096
0.3759401772409968
0.3794198141995843
0.3829316131385173
0.38647587006707235
0.39005288368529184
0.39366295540426793
0.39730638937188023
0.40098349249559884
0.40469457446674734
0.4084399477846955
0.4122199277807318
0.4160348326433959
0.4198849834422275
0.42377070415327206
0.42769232168355753
0.43165016589695165
0.4356445696391958
0.439675868763143
0.4437444021552207
0.447850511760823
0.45199454261041694
0.45617684284625243
0.4603977637483013
0.46465765976141066
0.4689568885213823
0.47329581088315964
0.4776747909465793
0.4820941960849662
0.48655439697184955
0.4910557676089035
0.4955986853542782
0.5001835309500211
0.5048106885503201
0.5094805457507124
0.5141934936156287
0.5189499267083448
0.5237502431182579
0.5285948444918596
0.5334841360606861
0.5384185266713153
0.543398428814703
0.5484242586563883
0.5534964360660117
0.5586153846475288
0.5637815317695651
0.5689953085957798
0.5742571501156296
0.5795674951748788
0.584926786506454
0.5903354707617605
0.5957939985416455
0.6013028244278965
0.60686240701467
0.6124732089399624
0.6181356969176901
0.6238503417693984
0.6296176184563262
0.6354380061115288
0.6413119880724193
0.6472400519126853
0.653222689475197
0.6592603969048223
0.665353674680665
0.671503027649384
0.677708965057936
0.6839720005866466
0.6902926523823784
0.6966714430919733
0.7031088998951353
0.7096055545384157
0.7161619433681528
0.7227786073642299
0.7294560921738834
0.7361949481448977
0.7429957303596274
0.7498589986685359
0.7567853177243029
0.7637752570152987
0.7708293908991974
0.7779482986373533
0.7851325644282078
0.7923827774410451
0.7996995318501466
0.807083426868216
0.8145350667802037
0.8220550609770055
0.8296440239891513
0.8373025755199408
0.8450313404796018
0.8528309490182011
0.8607020365588393
0.8686452438312654
0.8766612169044817
0.8847506072199419
0.892914071624058
0.9011522724008919
0.9094658773045776
0.9178555595915603
0.926321998052396
0.9348658770437006
0.9434878865195859
0.9521887220629143
0.9609690849163016
0.969829682012691
0.9787712260059218
0.9877944353005746
0.9969000340816352
1.006088752344034
1.0153613259211864
1.0247184965137472
1.0341610117176232
1.0436896250513321
1.0533050959833632
1.063008189958706
1.0727996784246319
1.0826803388566064
1.0926509547826777
1.1027123158081489
1.11286521763895
1.1231104621047616
1.1334488571808854
1.1438812170103152
1.1544083619238568
1.165031118460545
1.1757503193861887
1.1865668037121133
1.1974814167119285
1.2084950099383656
1.2196084412382708
1.230822574767058
1.2421382810018848
1.2535564367538927
1.2650779251792468
1.2767036357887087
1.2884344644564485
1.3002713134269837
1.3122150913216115
1.32426671314231
1.336427100275313
1.3486971804924734
1.3610778879513972
1.3735701631939568
1.3861749531429077
1.3988932110970573
1.4117258967245645
1.4246739760544695
1.437738421465977
1.4509202116764115
1.464220331726346
1.4776397729632709
1.491179533022957
1.5048406158080827
1.5186240314652424
1.532530796359006
1.5465619330437876
1.5607184702330894
1.5750014427659336
1.5894118915708768
1.6039508636268058
1.6186194119211876
1.6334185954051506
1.6483494789453372
1.6634131332728634
1.6786106349286138
1.6939430662055344
1.709411515086963
1.725017075181884
1.740760845655773
1.756643931158381
1.7726674417468866
1.7888324928053638
1.805140204959845
1.821591703989208
1.8381881207315454
1.8549305909858491
1.871820255409107
1.8888582594084666
1.906045753028498
1.9233838908330674
1.9408738317821632
1.9585167391030873
1.9763137801560977
1.994266126294367
2.0123749527178947
2.0306414383212963
2.049066765535303
2.067652120161999
2.086398691203238
2.1053076706822433
2.124380253458181
2.1436176370337576
2.163021021355159
2.1825916086044024
2.202330602984126
2.2222392104940156
2.2423186386992517
2.2625700964904056
2.2829947938346615
2.3035939415180695
2.324368750878771
2.3453204335306927
2.366450201077795
2.3877592648181825
2.4092488354382047
2.430920122696312
2.4527743350959432
2.474812679547677
2.497036361020031
2.519446582178912
2.542044543015188
2.5648314404601376
2.5878084679886038
2.6109768152093977
2.634337667442754
2.657892205284451
2.681641604156307
2.705587033842635
2.7297296580125856
2.7540706337275873
2.7786111109341474
2.8033522319410045
2.8282951308807585
2.853440933155502
2.8787907548658556
2.9043457022234342
2.9301068709460143
2.95607534563518
2.9822521991360573
3.0086384918787727
3.0352352712010218
3.062043570651692
3.089064409274865
3.1162987908739153
3.1437477032550984
3.171412117450518
3.1992929869198905
3.2273912467304355
3.2557078127149315
3.284243580607156
3.3129994251543207
3.341976199206234
3.3711747327804256
3.400595832103177
3.4302402786256816
3.4601088280149535
3.490202209119306
3.5205211229074513
3.5510662413811884
3.581838206461088
3.612837628844621
3.6440650868364677
3.6755211251503153
3.707206253681981
3.7391209462531463
3.771265639325556
3.8036407306848137
3.8362465780939217
3.8690834979155126
3.9021517637029133
3.935451604759261
3.968983204664461
4.002746699769426
4.036742177657512
4.07096967557238
4.105429178812334
4.140120619090495
4.175043872860719
4.210198759608668
4.245585040108102
4.281202414641867
4.317050521187383
4.353128933566514
4.389437159559532
4.425974638983007
4.4627407417314835
4.499734765783
4.536955935168044
4.574403397902216
4.612076223882485
4.649973402746956
4.688093841698451
4.726436363291887
4.764999703185545
4.803782507856659
4.842783332281454
4.8820006375798854
4.921432788625761
4.961078051622243
5.000934591643655
5.041000470143923
5.081273642432357
5.121751955117544
5.1624331435200315
5.203314829054761
5.24439451658425
5.285669591743388
5.3271373182372495
5.368794835112884
5.410639154006708
5.452667156368524
5.494875590664303
5.53726106955876
5.579820067079962
5.622548915767661
5.665443803807376
5.708500772152499
5.751715711636519
5.79508436007801
5.83860229938083
5.882264952632235
5.926067581201897
5.970005281844738
6.014072983810915
6.058265445966151
6.102577253926183
6.1470028172088265
6.191536366407695
6.236171950391657
6.280903433534246
6.325724492977629
6.370628615935627
6.415609097040901
6.460659035741249
6.505771333750357
6.5509386925585735
6.596153611009409
6.641408382947771
6.68669509494611
6.732005624114903
6.77733163600417
6.822664582602852
6.867995700443261
6.913316008817841
6.958616308115972
7.003887178288594
7.049118977448635
7.094301840615658
7.1394256786132075
7.18448017712759
7.229454795937083
7.274338768320758
7.319121100656378
7.363790572216868
7.408335735175299
7.452744914828319
7.497006210048236
7.541107493974059
7.585036414952118
7.628780397736815
7.67232664496231
7.7156621388960875
7.7587736434853065
7.801647706707156
7.844270663234113
7.886628637425438
7.928707546656021
7.970493104993656
8.0119708272359
8.053126033317513
8.093943853099388
8.1344092315497
8.174506934327926
8.214221553781991
8.2535375153688
8.292439084507835
8.330910373877305
8.368935351162019
8.406497847261486
8.443581564966488
8.480170088111723
8.516246891211468
8.551795349584703
8.586798749975319
8.621240301672284
8.655103148133815
8.68837037911875
8.721025043327263
8.753050161552165
8.784428740340795
8.815143786166486
8.845178320107266
8.874515393028185
8.903138101262336
8.93102960278412
8.958173133866842
8.98455202621522
9.0101497245616
9.034949804713095
9.058935992035055
9.08209218035445
9.104402451264818
9.125851093812573
9.146422624542431
9.166101807877618
9.18487367680857
9.202723553861587
9.219637072316871
9.235600197643103
9.250599249113606
9.264620921566928
9.277652307272442
9.289680917859464
9.30069470626612
9.310682088662181
9.31963196629786
9.327533747228676
9.334377367864358
9.340153314288058
9.344852643290126
9.348467003059254
9.350988653471953
9.352410485920174
9.352726042615377
9.351929535306345
9.350015863347123
9.346980631050638
9.342820164263149
9.337531526094278
9.331112531737432
9.323561762315554
9.314878577687677
9.305063128152556
9.294116364986657
9.282040049755276
9.268836762337195
9.254509907605378
9.23906372070863
9.222503270901818
9.204834463875423
9.186064042538627
9.166199586213933
9.14524950820553
9.123223051708106
9.100130284027715
9.07598208909147
9.05079015822843
9.02456697920985
8.99732582354308
8.969080732019881
8.939846498526503
8.90963865212978
8.878473437460546
8.846367793422912
8.813339330265247
8.77940630505611
8.744587595615876
8.70890267296222
8.672371572334912
8.635014862872822
8.596853616023017
8.557909372768753
8.518204109769908
8.477760204515624
8.436600399594937
8.394747766196705
8.352225666955215
8.309057718262398
8.265267752171424
8.220879778019993
8.175917943904162
8.130406498135466
8.084369750815547
8.03783203566273
7.990817672224755
7.943350928610781
7.895455984873756
7.847156897171413
7.798477562830699
7.749441686435874
7.700072747055376
7.650393966716524
7.600428280230477
7.550198306462418
7.499726321133811
7.44903423123509
7.398143551117871
7.347075380326081
7.295850383215654
7.244488770401853
7.193010282062927
7.141434173118174
7.089779200287776
7.038063611031038
6.9863051343494575
6.934520973430535
6.882727800098502
6.830941751028523
6.7791784256720735
6.727452885832607
6.675779656822863
6.624172730128165
6.57264556749361
6.521211106347476
6.469881766468613
6.418669457801633
6.367585589320653
6.3166410788405205
6.265846363672954
6.215211412024863
6.164745735036512
6.114458399358537
6.064358040168879
6.014452874533326
5.964750715017014
5.915258983458028
5.865984724818817
5.8169346210362285
5.768115004796181
5.719531873164679
5.671190901012845
5.623097454179572
5.575256602321581
5.527673131406739
5.480351555812692
5.433296129998718
5.386510859724549
5.3399995127955915
5.293765629319245
5.247812531462059
5.202143332702361
5.15676094657729
5.111668094927215
5.066867315644429
5.0223609699360825
4.9781512491146165
4.934240180931279
4.890629635470921
4.8473213306280005
4.804316837185443
4.761617583519418
4.719224859954075
4.677139822791073
4.635363498039389
4.593896784871148
4.552740458829266
4.511895174812833
4.471361469865639
4.431139765793064
4.391230371631777
4.351633485996154
4.312349199324375
4.27337749604615
4.234718256693132
4.196371259971698
4.158336184816575
4.120612612442484
4.0832000284094425
4.046097824715876
4.009305301932157
3.9728216713855056
3.936646057405576
3.9007774996382722
3.865214955433752
3.8299573023127804
3.795003340513864
3.7603517956220776
3.7260013212787175
3.6919505019694006
3.6581978558868045
3.624741837862757
3.5915808423630966
3.558713206537639
3.526137213316441
3.493851094542648
3.4618530341315723
3.4301411712448826
3.3987136034685035
3.367568389982397
3.3367035547104367
3.3061170894385166
3.275806956889262
3.2457710937421034
3.2160074135879335
3.1865138098081083
3.1572881583684342
3.128328320519459
3.0996321453953453
3.071197472504615
3.0430221341070123
3.015103957471825
2.9874407670140317
2.960030386305778
2.932870639961655
2.9059593553972927
2.879294364461784
2.8528735049453338
2.82669462196433
2.8007555692269057
2.775054210182648
2.749588419060721
2.7243560818012424
2.699355096885069
2.674583376067566
2.6500388450220687
2.625719443899014
2.6016231278066932
2.5777478672196144
2.5540916483204077
2.5306524732810805
2.50742836048918
2.484417344724326
2.4616174772902117
2.4390268261069052
2.4166434757680384
2.394465527567063
2.3724910994965085
2.350718326223759
2.3291453590466453
2.307770365831754
2.286591530938058
2.2656070551282412
2.2448151554697637
2.224214065227447
2.2038020337492084
2.1835773263462697
2.16353822416901
2.143683024079483
2.124010038521419
2.10451759538844
2.085204037891051
2.066067724422922
2.04710702842686
2.0283203382607606
2.009706057063844
1.991262602623374
1.9729884072419919
1.9548819176058418
1.93694159465356
1.9191659134461945
1.9015533630381354
1.8841024463490803
1.866811680037072
1.849679594372608
1.8327047331138606
1.815885653383001
1.7992209255436153
1.782709133079238
1.7663488724729834
1.7501387530882593
1.7340773970505825
1.7181634391304719
1.7023955266274007
1.6867723192548254
1.6712924890262613
1.6559547201424087
1.640757708879304
1.625700163477503
1.610780804032288
1.5959983623848655
1.5813515820145765
1.5668392179320938
1.5524600365735908
1.5382128156958907
1.5240963442725777
1.5101094223910518
1.4962508611505403
1.4825194825610415
1.4689141194431883
1.455433615329042
1.4420768243637885
1.4288426112083454
1.4157298509428486
1.402737428971038
1.3898642409255182
1.3771091925738808
1.3644711997256946
1.351949188140355
1.3395420934357636
1.3272488609978594
1.3150684458909776
1.302999812769024
1.2910419357874732
1.2791937985161688
1.2674543938529308
1.2558227239379434
1.2442978000689409
1.2328786426171692
1.2215642809441098
1.2103537533189788
1.199246106836982
1.1882403973383093
1.1773356893278866
1.1665310558958573
1.15582557863879
1.1452183475816184
1.1347084611002882
1.1242950258451232
1.113977156664885
1.1037539765315363
1.0936246164656946
1.0835882154627647
1.0736439204197539
1.0637908860627603
1.054028274875119
1.0443552570262142
1.0347710103009473
1.0252747200298393
1.0158655790197906
1.0065427874854642
0.9973055529813087
0.9881530903341924
0.9790846215766675
0.9700993758808437
0.9611965894928625
0.9523755056679788
0.943635374606242
0.9349754533887541
0.9263950059145263
0.9178933028379098
0.909469621506598
0.9011232459002025
0.8928534665693887
0.8846595805755766
0.8765408914311842
0.8684967090404289
0.8605263496406705
0.8526291357442859
0.8448043960810849
0.8370514655412539
0.8293696851188161
0.8217584018556179
0.8142169687858289
0.8067447448809449
0.7993410949953029
0.7920053898120918
0.7847370057898624
0.7775353251095222
0.7703997356218214
0.7633296307953228
0.7563244096648413
0.7493834767803632
0.7425062421564356
0.7356921212220114
0.7289405347707636
0.7222509089118534
0.7156226750211458
0.7090552696928775
0.7025481346917685
0.6961007169055686
0.6897124682980442
0.6833828458623943
0.6771113115750957
0.6708973323501679
0.6647403799938618
0.6586399311597644
0.6525954673043104
0.6466064746427077
0.6406724441052664
0.6347928712941241
0.6289672564403735
0.6231951043615837
0.6174759244197049
0.6118092304793664
0.6061945408665544
0.6006313783276701
0.5951192699889603
0.5896577473163238
0.5842463460754881
0.5788846062925449
0.573572072214854
0.5683082922723052
0.5630928190389317
0.5579252091948799
0.5528050234887282
0.5477318267001471
0.5427051876029076
0.5377246789282253
0.5327898773284437
0.5279003633410473
0.5230557213530075
0.518255539565457
0.5134994099586835
0.5087869282574494
0.504117693896629
0.49949130998715746
0.49490738328229666
0.4903655241442095
0.4858653465108381
0.4814064678630903
0.4769885091923236
0.47261109496813125
0.4682738531064191
0.4639764149377794
0.4597184151761552
0.45549949188778754
0.45131928646045244
0.44717744357297995
0.44307361116504856
0.43900744040726136
0.43497858567149617
0.4309867045015246
0.4270314575839056
0.42311250871913986
0.4192295247930968
0.41538217574869746
0.41157013455785746
0.4077930771936934
0.4040506826029781
0.4003426326788489
0.3966686122337731
0.3930283089727509
0.38942141346677533
0.3858476191265283
0.382306622176318
0.37879812162826193
0.3753218192567007
0.3718774195728463
0.36846462979966976
0.36508315984701234
0.361732722286926
0.35841303232924543
0.35512380779737895
0.35186476910432113
0.34863563922889146
0.34543614369218567
0.34226601053424244
0.3391249702909308
0.3360127559710432
0.33292910303359935
0.3298737493653637
0.3268464352585636
0.3238469033888123
0.32087489879323955
0.31793016884881786
0.3150124632508876
0.31212153399188486
0.309257135340256
0.30641902381957425
0.3036069581878422
0.30082069941698475
0.2980600106725341
0.2953246572934977
0.2926144067724098
0.2899290287355716
0.2872682949234672
0.2846319791713606
0.2820198573900736
0.27943170754693736
0.27686730964691747
0.274326445713917
0.27180889977224754
0.2693144578282688
0.2668429078522024
0.2643940397601075
0.26196764539602224
0.2595635185142729
0.25718145476194126
0.25482125166149383
0.25248270859357297
0.250165626779943
0.24786980926659258
0.24559506090699668
0.24334118834552515
0.24110800000101057
0.23889530605046233
0.23670291841293004
0.23453065073351947
0.2323783183675506
0.2302457383648613
0.22813272945425936
0.22603911202811264
0.22396470812708108
0.22190934142499272
0.21987283721385426
0.21785502238899962
0.21585572543437864
0.21387477640797609
0.21191200692736614
0.2099672501554015
0.20804034078603106
0.20613111503024772
0.20423941060216827
0.20236506670523793
0.20050792401856152
0.19866782468336278
0.1968446122895657
0.19503813186249816
0.19324822984972106
0.19147475410797526
0.1897175538902482
0.18797647983296262
0.18625138394327792
0.18454211958651293
0.18284854147368085
0.18117050564913842
0.17950786947835182
0.1778604916357713
0.1762282320928178
0.1746109521059819
0.17300851420502975
0.17142078218131723
0.1698476210762135
0.16828889716962903
0.16674447796864775
0.1652142321962674
0.1636980297802396
0.16219574184201294
0.1607072406857797
0.15923239978762105
0.15777109378475118
0.15632319846486337
0.15488859075557082
0.1534671487139445
0.15205875151614984
0.15066327944717536
0.1492806138906563
0.1479106373187939
0.14655323328236322
0.14520828640081687
0.1438756823524766
0.14255530786481524
0.1412470507048298
0.13995079966950102
0.13866644457634
0.1373938762540244
0.13613298653311764
0.13488366823687406
0.13364581517213006
0.13241932212027682
0.13120408482831608
