0.09576171072023239
0.09664856758920559
0.09754363571241231
0.0984469910605095
0.09935871030538894
0.10027887082659434
0.10120755071774541
0.10214482879373554
0.10309078459660986
0.10404549840210196
0.10500905122688478
0.10598152483561918
0.10696300174679164
0.10795356524034401
0.10895329936472524
0.10996228894333432
0.11098061958231396
0.11200837767680442
0.11304565041929665
0.11409252580600207
0.11514909264439299
0.11621544056118291
0.11729166000890194
0.11837784227438843
0.11947407948529584
0.12058046461889871
0.12169709150934034
0.12282405485486474
0.12396145022687942
0.125109374077254
0.12626792374617463
0.12743719747044144
0.12861729439170214
0.12980831456493533
0.13101035896604812
0.13222352950087587
0.1334479290134977
0.13468366129458578
0.13593083109019977
0.13718954411054027
0.13845990703808367
0.13974202753760828
0.1410360142639207
0.14234197687128175
0.14366002602267802
0.14499027339897336
0.14633283170738984
0.1476878146919185
0.14905533714190508
0.1504355149016582
0.15182846488058335
0.15323430506138214
0.15465315451162237
0.15608513339226152
0.15753036296764733
0.15898896561615933
0.16046106483954561
0.16194678527272413
0.16344625269589272
0.16495959404230273
0.16648693741034876
0.16802841207352148
0.16958414849095824
0.17115427831834917
0.17273893441818097
0.1743382508710051
0.17595236298620479
0.17758140731323288
0.17922552165222855
0.18088484506563382
0.18255951788941807
0.18424968174437603
0.18595547954774266
0.18767705552444325
0.18941455521923187
0.19116812550811663
0.1929379146104956
0.19472407210070183
0.19652674892034175
0.19834609739082487
0.20018227122458823
0.20203542553850684
0.20390571686572184
0.20579330316875039
0.20769834385104607
0.20962099977143941
0.21156143325511478
0.21351980810806107
0.21549628962943135
0.21749104462454613
0.21950424141882866
0.22153604987063086
0.2235866413848595
0.2256561889264592
0.2277448670342896
0.2298528518347865
0.2319803210559359
0.2341274540410322
0.2362944317631679
0.238481436839047
0.24068865354364297
0.24291626782451425
0.2451644673159962
0.24743344135449813
0.24972338099277383
0.25203447901482834
0.25436692995093185
0.2567209300928368
0.2590966775088305
0.2614943720589283
0.2639142154106128
0.26635641105370966
0.26882116431681896
0.2713086823824037
0.27381917430306035
0.2763528510170036
0.27890992536453446
0.2814906121041694
0.28409512792857483
0.28672369148133203
0.289376523373186
0.29205384619885194
0.2947558845535903
0.29748286504995414
0.30023501633485056
0.3030125691067169
0.3058157561322811
0.3086448122639562
0.3114999744575304
0.31438148178908
0.3172895754730463
0.3202244988794073
0.32318649755196077
0.3261758192257824
0.3291927138455194
0.3322374335832428
0.33531023285674927
0.3384113683477737
0.34154109902061586
0.34469968614020213
0.3478873932910226
0.35110448639561215
0.3543512337334956
0.357627905959828
0.36093477612452296
0.3642721196912018
0.36764021455639917
0.3710393410688343
0.37446978204843123
0.37793182280609133
0.38142575116296124
0.3849518574699751
0.3885104346275951
0.39210177810541924
0.3957261859620305
0.39938395886484007
0.4030754001099348
0.4068008156421927
0.41056051407524446
0.4143548067116163
0.41818400756288243
0.4220484333699413
0.42594840362339603
0.4298842405834266
0.4338562693008533
0.43786481763708057
0.4419102162844661
0.44599279878728537
0.4501129015618652
0.4542708639172412
0.4584670280756747
0.4627017391934336
0.4669753453810756
0.4712881977244378
0.4756406503047697
0.48003306021983616
0.4844657876042193
0.48893919564994537
0.49345365062713725
0.49800952190444103
0.5026071819697358
0.5072470064504552
0.5119293741339191
0.5166546669880109
0.5214232701813329
0.5262355721034513
0.5310919643851504
0.5359928419184977
0.5409386028769306
0.5459296487351252
0.5509663842887597
0.5560492176744849
0.5611785603891111
0.5663548273094365
0.5715784367113844
0.5768498102890298
0.5821693731739688
0.5875375539537405
0.5929547846907002
0.598421500940456
0.6039381417698884
0.6095051497755354
0.6151229711010036
0.6207920554546714
0.6265128561270653
0.6322858300075946
0.6381114376015574
0.6439901430462688
0.6499224141274167
0.6559087222946206
0.6619495426769569
0.6680453540980322
0.6741966390904423
0.6804038839102636
0.6866675785507533
0.6929882167558451
0.6993662960330332
0.7058023176658397
0.7122967867258146
0.7188502120839525
0.7254631064216585
0.732135986241017
0.7388693718746658
0.7456637874947853
0.7525197611217991
0.7594378246321097
0.7664185137652589
0.7734623681305295
0.7805699312125186
0.7877417503761273
0.7949783768707941
0.8022803658337175
0.8096482762924104
0.8170826711662632
0.8245841172672076
0.8321531852994215
0.8397904498580847
0.8474964894270058
0.855271886375341
0.8631172269531162
0.8710331012855849
0.8790201033665491
0.8870788310502725
0.8952098860423526
0.9034138738890972
0.9116914039656576
0.9200430894627794
0.9284695473721342
0.9369713984700184
0.9455492672997193
0.95420378215228
0.9629355750454215
0.9717452817010199
0.9806335415206963
0.9896009975597704
0.9986482964991644
1.0077760886155025
1.0169850277492292
1.026275771270775
1.0356489800443778
1.0451053183901151
1.0546454540433228
1.0642700581119826
1.0739798050316878
1.083775372518109
1.0936574415169202
1.10362669615134
1.1136838236667506
1.123829514372737
1.1340644615822162
1.1443893615478062
1.1548049133949383
1.1653118190521232
1.1759107831779594
1.1866025130848896
1.1973877186595185
1.2082671122796276
1.2192414087275032
1.2303113250997098
1.2414775807129743
1.2527408970064307
1.264101997439559
1.2755616073864493
1.2871204540254848
1.2987792662249646
1.3105387744241634
1.3223997105099596
1.3343628076886256
1.3464288003529716
1.3585984239444464
1.370872414810191
1.3832515100549645
1.3957364473876297
1.4083279649621727
1.4210268012132092
1.4338336946855221
1.4467493838578163
1.4597746069603859
1.472910101786455
1.4861566054972208
1.499514854420251
1.5129855838412276
1.526569527788708
1.5402674188119283
1.554079987751271
1.5680079635012563
1.5820520727660878
1.5962130398072178
1.6104915861830784
1.6248884304804767
1.6394042880377242
1.6540398706591395
1.6687958863207477
1.683673038867013
1.6986720276983573
1.7137935474492385
1.729038287656633
1.7444069324185887
1.75990016004276
1.775518642684572
1.7912630459748906
1.8071340286368718
1.8231322420918097
1.8392583300536995
1.8555129281123326
1.8718966633046352
1.8884101536739208
1.905054007817068
1.9218288244189226
1.9387351917741997
1.9557736872961826
1.9729448770121591
1.9902493150453073
2.0076875430827594
2.0252600898295956
2.042967470448336
2.0608101859839607
2.078788722773871
2.096903551842725
2.115155128281786
2.1335438906125246
2.1520702601341433
2.1707346402548793
2.1895374158066705
2.2084789523429205
2.227559595419236
2.246779669856656
2.266139478987198
2.2856393038815366
2.3052794025582988
2.3250600091750853
2.344981333200457
2.3650435585671916
2.3852468428060347
2.4055913161601254
2.4260770806794896
2.446704209295679
2.4674727448760714
2.488382699257809
2.50943405226101
2.530626750681117
2.551960707260203
2.5734357996370543
2.59505186927573
2.616808720372654
2.6387061187419305
2.660743790678764
2.6829214218009576
2.705238655868349
2.7276950935800044
2.7502902913493052
2.7730237600566676
2.7958949637800594
2.81890331850319
2.842048190801513
2.865328896505897
2.8887446993443473
2.9122948095615824
2.9359783825167964
2.959794517259726
2.9837422550851795
3.0078205780663505
3.032028407567145
3.056364602733829
3.0808279589663967
3.1054172063700127
3.1301310081870346
3.1549679592100555
3.1799265841765396
3.2050053361456174
3.23020259485778
3.2555166650780256
3.2809457749233895
3.3064880741755562
3.332141632579558
3.3579044381293914
3.383774395341701
3.4097493235185747
3.435826955000597
3.4620049334114933
3.4882808118956166
3.514652051349741
3.5411160186506625
3.567669984880172
3.5943111235491054
3.6210365088222667
3.6478431137460317
3.6747278084807053
3.7016873585396515
3.7287184230373622
3.755817552948858
3.7829811893827214
3.810205661870353
3.8374871866741005
3.864821865116942
3.89220568193674
3.9196345036679863
3.9471040770541643
3.974610027494115
4.002147857525695
4.029712945350294
4.057300543401993
4.0849057769649795
4.112523642843405
4.140149008087592
4.167776608780956
4.195401048891958
4.223016799195646
4.250618196269451
4.278199441568038
4.305754600582193
4.333277602086827
4.360762237483333
4.388202160241669
4.415590885447739
4.442921789461609
4.470188109692431
4.497382944495921
4.524499253200447
4.551529856267828
4.578467435595118
4.605304534963679
4.632033560642085
4.6586467821492406
4.685136333184424
4.711494212730921
4.737712286339911
4.763782287601433
4.78969581980922
4.815444357826214
4.841019250157557
4.866411721237917
4.891612873939867
4.916613692310051
4.9414050445398106
4.965977686176778
4.990322263583962
5.014429317652518
5.038289287774468
5.06189251608123
5.085229251953755
5.108289656809756
5.131063809173249
5.1535417100313134
5.175713288482701
5.197568407682452
5.219096871086383
5.240288428998753
5.2611327854260805
5.281619605239423
5.301738521646973
5.3214791439782045
5.340831065780176
5.359783873225878
5.378327153833889
5.3964505054977705
5.4141435458228155
5.431395921767049
5.448197319582325
5.464537475050567
5.480406184009204
5.495793313158775
5.510688811144766
5.525082719904495
5.538965186268926
5.552326473807924
5.565156974906488
5.577447223058106
5.589187905360265
5.600369875195741
5.610984165082161
5.621021999670866
5.630474808874891
5.6393342411044864
5.6475921765873025
5.655240740749014
5.662272317628827
5.668679563303016
5.674455419288357
5.679593125896006
5.684086235505213
5.687928625725042
5.691114512411088
5.693638462503219
5.695495406649198
5.696680651578293
5.697189892187931
5.6970192233058885
5.696165151089709
5.694624604024602
5.692394943480596
5.689473973789473
5.685859951801862
5.6815515958848755
5.676548094320846
5.670849113068061
5.6644548028449195
5.65736580549961
5.649583259628346
5.64110880540624
5.631944588596233
5.622093263702985
5.611557996240368
5.600342464083078
5.58845085787516
5.575887880470435
5.562658745382579
5.548769174225253
5.5342253931258
5.51903412809914
5.503202599371974
5.486738514650947
5.469650061332161
5.451945897653423
5.433635142794595
5.414727365935646
5.395232574286276
5.375161200105406
5.354524086733228
5.3333324736630185
5.311597980684428
5.289332591134419
5.266548634296464
5.243258766993031
5.219475954420569
5.195213450280368
5.170484776262639
5.145303700944878
5.119684218169092
5.093640524965713
5.067186999095013
5.040338176279398
5.013108727202186
4.985513434350492
4.9575671687811145
4.929284866889445
4.900681507262012
4.871772087693287
4.842571602447036
4.81309501984163
4.7833572602373415
4.753373174501687
4.723157523026651
4.692724955368611
4.66208999057851
4.631266998285957
4.600270180596797
4.5691135548589
4.537810937345976
4.506375927903841
4.474821895597846
4.443161965394264
4.411409005902311
4.379575618197163
4.347674125737859
4.315716565387668
4.283714679537888
4.2516799093297495
4.219623388962798
4.187555941072026
4.155488073150195
4.123429974986107
4.091391517084487
4.059382250028129
4.027411404738527
3.995487893587322
3.9636203123072353
3.9318169426482794
3.9000857557225532
3.868434415979017
3.836870285748327
3.8054004302969697
3.7740316233298232
3.7427703528804774
3.711622827529519
3.680594982892403
3.649692488320269
3.618920753759297
3.5882849367169856
3.5577899492866005
3.527440465184397
3.497240926757897
3.4671955519271394
3.4373083410249197
3.407583083505963
3.378023364499233
3.348632571181582
3.319413898955089
3.290370357414466
3.261504776094715
3.2328198099929635
3.204317944861923
3.1760015022756787
3.1478726444714704
3.1199333789739896
3.092185563011003
3.064630907731346
3.03727098223805
3.0101072174509134
2.983140909813958
2.9563732248639947
2.9298052006771584
2.9034377512104323
2.8772716695550917
2.851307631118789
2.825546196752341
2.7999878158365012
2.7746328293430556
2.7494814728833608
2.7245338797561587
2.6997900840050035
2.675250023494197
2.6509135430104105
2.626780397395562
2.6028502547148715
2.5791226994623115
2.555597235804014
2.532273290858705
2.5091502180126257
2.486227300265036
2.463503753599117
2.4409787303718713
2.418651322715583
2.396520565942576
2.3745854419442005
2.352844882574479
2.3312977730083877
2.3099429550645785
2.288779230482244
2.267805364141885
2.247020087220069
2.226422100268575
2.206010076208844
2.1857826632333373
2.165738487606081
2.1458761563555058
2.1261942598536216
2.1066913742764632
2.087366063941759
2.0682168835207286
2.049242380121996
2.0304410952465126
2.0118115666133867
1.9933523298574363
1.9750619201001562
1.9569388733965387
1.9389817280610055
1.921189025876299
1.903559313189742
1.8860911419018245
1.8687830703523831
1.8516336641100237
1.8346414966705824
1.8178051500706378
1.8011232154220893
1.7845942933738173
1.7682169945063966
1.751989939665673
1.7359117602408112
1.7199810983922577
1.7041966072347434
1.6885569509801701
1.6730608050449578
1.6577068561260546
1.6424938022495261
1.6274203527952678
1.6124852285011149
1.5976871614492654
1.5830248950376216
1.5684971839384176
1.5541027940461776
1.5398405024168003
1.5257090971993787
1.5117073775620966
1.4978341536133668
1.4840882463192315
1.4704684874178506
1.456973719331805
1.4436027950787804
1.4303545781811515
1.417227942574856
1.4042217725178745
1.3913349624985993
1.3785664171443
1.365915051129835
1.3533797890867674
1.340959565512973
1.3286533246828103
1.3164600205579304
1.3043786166987572
1.2924080861766751
1.2805474114869366
1.268795584462319
1.2571516061875339
1.2456144869143808
1.2341832459776716
1.2228569117119068
1.2116345213686999
1.2005151210349623
1.189497765551832
1.178581518434335
1.167765451791791
1.1570486462489435
1.1464301908678178
1.1359091830702854
1.1254847285613472
1.115155941253122
1.1049219431895219
1.0947818644716296
1.0847348431837573
1.0747800253201782
1.0649165647125398
1.0551436229579383
1.0454603693476512
1.0358659807965278
1.0263596417730287
1.0169405442298995
1.0076078875354906
0.9983608784056998
0.9891987308365469
0.9801206660373567
0.9711259123645647
0.9622137052561279
0.9533832871665328
0.944633907502404
0.9359648225587073
0.9273752954555287
0.9188645960754411
0.9104320010014461
0.9020767934554783
0.8937982632374815
0.88559570666504
0.8774684265135675
0.8694157319570377
0.8614369385092668
0.8535313679657326
0.8456983483459222
0.8379372138362161
0.8302473047332952
0.8226279673880603
0.8150785541500752
0.8075984233125165
0.800186939057624
0.7928434714026589
0.7855673961463534
0.7783580948158546
0.7712149546141512
0.7641373683679866
0.7571247344762502
0.7501764568588372
0.7432919449059835
0.7364706134280649
0.7297118826058516
0.7230151779412253
0.7163799302083481
0.7098055754052733
0.7032915547060089
0.6968373144130138
0.6904423059101368
0.6841059856159794
0.677827814937693
0.6716072602251995
0.6654437927258279
0.6593368885393699
0.6532860285735522
0.6472906984999067
0.6413503887100567
0.6354645942723991
0.6296328148891832
0.6238545548539863
0.6181293230095768
0.6124566327061685
0.6068360017600506
0.6012669524126046
0.595749011289695
0.5902817093614287
0.5848645819022895
0.5794971684516373
0.5741790127745651
0.56890966282312
0.5636886706978815
0.5585155926098849
0.553389988842902
0.5483114237160636
0.5432794655468278
0.5382936866142846
0.5333536631227994
0.5284589751659927
0.5236092066910439
0.5188039454633283
0.5140427830313785
0.5093253146921618
0.5046511394566825
0.5000198600158985
0.49543108270694713
0.4908844174796844
0.48637947786353203
0.4819158809346244
0.4774932472832614
0.4731112009816576
0.46876936955198933
0.46446738393473164
0.4602048784572889
0.4559814908029138
0.4517968619799072
0.44765063629110535
0.44354246130364594
0.439471987819009
0.4354388698433356
0.43144276455801944
0.4274833322905649
0.4235602364857152
0.4196731436768454
0.4158217234576178
0.41200564845389553
0.4082245942959165
0.40447823959072254
0.40076626589483877
0.3970883576872066
0.3934442023423651
0.3898334901038758
0.38625591405799375
0.38271117010758104
0.3791989569462557
0.37571897603278226
0.3722709315656944
0.36885453045815336
0.3654694823130327
0.36211549939823595
0.35879229662223944
0.35549959150985777
0.35223710417823423
0.3490045573130508
0.34580167614495516
0.3426281884262054
0.3394838244075296
0.33636831681519563
0.33328140082829333
0.33022281405622406
0.3271922965163986
0.3241895906121363
0.32121444111077035
0.3182665951219536
0.3153458020761606
0.31245181370339015
0.30958438401206306
0.3067432692681105
0.3039282279742579
0.30113902084949734
0.2983754108087478
0.29563716294270387
0.2929240444978661
0.2902358248567593
0.28757227551832903
0.2849331700785167
0.2823182842110185
0.27972739564821564
0.27716028416228
0.2746167315464583
0.27209652159651987
0.26959944009238296
0.2671252747799042
0.2646738153528355
0.2622448534349506
0.25983818256233127
0.25745359816581664
0.2550908975536175
0.2527498798940855
0.2504303461986411
0.2481320993048622
0.2458549438597239
0.24359868630299153
0.24136313485077102
0.23914809947920546
0.2369533919083217
0.23477882558602903
0.2326242156722607
0.2304893790232611
0.228374134176021
0.2262783013328517
0.2242017023461008
0.222144160703012
0.22010550151072006
0.21808555148138373
0.21608413891745876
0.21410109369710031
0.21213624725970526
0.2101894325915831
0.20826048421175866
0.20634923815790823
0.2044555319724215
0.20257920468859142
0.20072009681693417
0.19887805033163117
0.19705290865709582
0.19524451665466636
0.19345272060941818
0.1916773682170967
0.1899183085711733
0.18817539215001752
0.18644847080418608
0.1847373977438324
0.18304202752622828
0.18136221604340003
0.17969782050988123
0.17804869945057472
0.1764147126887265
0.17479572133401206
0.17319158777072974
0.17160217564610256
0.17002734985869
0.16846697654690201
0.1669209230776227
0.16538905803493545
0.16387125120895157
0.16236737358474426
0.16087729733138117
0.15940089579105785
0.1579380434683334
0.1564886160194626
0.15505249024182535
0.1536295440634565
0.15221965653266833
0.15082270780776896
0.14943857914687753
0.1480671528978296
0.14670831248817656
0.14536194241527794
0.14402792823648305
0.14270615655940228
0.14139651503227035
0.1400988923343955
0.13881317816669644
0.13753926324232807
0.13627703927739165
0.1350263989817295
0.13378723604980688
0.13255944515167517
0.13134292192401797
0.13013756296128182
0.12894326580688473
0.12775992894450897
0.12658745178947137
0.12542573468017276
0.12427467886962817
0.12313418651707245
0.12200416067964308
0.12088450530414131
0.11977512521886674
0.11867592612552731
0.11758681459122473
0.11650769804051239
0.11543848474752537
0.11437908382818512
0.11332940523247356
0.11228935973677819
0.11125885893630903
0.1102378152375838
0.10922614185098159
0.10822375278336695
0.1072305628307798
0.10624648757119236
0.1052714433573345
0.10430534730958295
0.10334811730891591
0.10239967198993423
0.10145993073394377
0.10052881366210398
0.09960624162863765
0.09869213621410286
0.09778641971872833
0.0968890151558084
0.09599984624515846
0.09511883740663228
0.09424591375369683
0.09338100108706665
0.09252402588839774
0.0916749153140378
0.09083359718883421
