0.15766156663215009
0.15912163874208837
0.16059522816527833
0.1620824599292321
0.1635834602142167
0.1650983563649198
0.1666272769000153
0.1681703515228186
0.16972771113351787
0.17129948783884702
0.17288581496249353
0.1744868270586524
0.17610265992110039
0.17773345059473722
0.17937933738760528
0.18104045988293754
0.18271695894912
0.184408976752748
0.18611665677040298
0.18784014379955685
0.18957958397223185
0.19133512476497586
0.19310691501309327
0.19489510492270667
0.19669984608165408
0.19852129147411277
0.20035959549173654
0.20221491394735258
0.20408740408722514
0.2059772246049735
0.20788453565367188
0.20980949885985578
0.21175227733613722
0.21371303569591776
0.2156919400650008
0.217689158097879
0.2197048589889557
0.2217392134882307
0.2237923939152684
0.22586457417203498
0.2279559297587088
0.23006663778750788
0.2321968769972862
0.2343468277677447
0.2365166721351498
0.2387065938068475
0.2409167781756591
0.24314741233643467
0.2453986850999069
0.24767078700951478
0.24996391035580923
0.2522782491926552
0.25461399935330725
0.25697135846587466
0.2593505259696762
0.26175170313172735
0.2641750930626527
0.2666209007329483
0.26908933299106597
0.2715805985784939
0.27409490814737414
0.27663247427768833
0.27919351149456545
0.2817782362850329
0.28438686711603617
0.28701962445180773
0.289676730771897
0.29235841058848694
0.2950648904654187
0.2977963990354358
0.3005531670189233
0.3033354272427544
0.30614341465822026
0.30897736636044537
0.31183752160702843
0.3147241218370916
0.31763741069060386
0.32057763402811373
0.3235450399494471
0.3265398788143231
0.3295624032617576
0.3326128682300586
0.335691530976834
0.3387986510998775
0.34193449055718705
0.34509931368750024
0.348293387231418
0.35151698035214685
0.35477036465676537
0.35805381421705823
0.3613676055913494
0.3647120178459676
0.36808733257713044
0.37149383393223856
0.37493180863254716
0.3784015459952701
0.38190333795564785
0.3854374790899058
0.3890042666374407
0.39260400052403666
0.39623698338488583
0.39990352058766704
0.40360392025550135
0.40733849329132976
0.41110755340071314
0.4149114171158674
0.418750403820269
0.422624835771808
0.4265350381279311
0.4304813389690715
0.4344640693246494
0.43848356319687426
0.4425401575857583
0.4466341925144934
0.4507660110544543
0.45493595935087094
0.4591443866484187
0.46339164531621063
0.46767809087493306
0.47200408202167654
0.4763699806567211
0.4807761519099972
0.4852229641668375
0.48971078909573906
0.49424000167396703
0.49881098021527587
0.5034241063968056
0.5080797652861078
0.5127783453687518
0.5175202385755162
0.52230584031048
0.5271355494782115
0.5320097685122637
0.5369289034030611
0.5418933637256141
0.5469035626685891
0.5519599170620388
0.5570628474063523
0.562212777901127
0.5674101364730315
0.572655354805903
0.5779488683691585
0.5832911164464412
0.5886825421660857
0.5941235925293101
0.5996147184400353
0.6051563747345731
0.6107490202111097
0.6163931176594541
0.6220891338904004
0.6278375397662265
0.6336388102303088
0.6394934243367963
0.6454018652813561
0.6513646204305635
0.6573821813524591
0.6634550438467509
0.669583707974845
0.6757686780901572
0.6820104628685739
0.6883095753385023
0.6946665329113842
0.7010818574119204
0.7075560751083751
0.7140897167429391
0.7206833175620093
0.7273374173463243
0.734052560441194
0.7408292957870117
0.7476681769487004
0.754569762146524
0.7615346142854375
0.7685633009851799
0.7756563946101639
0.7828144722993172
0.7900381159947574
0.7973279124725874
0.8046844533708186
0.8121083352196664
0.8196001594695203
0.827160532520208
0.8347900657498463
0.842489375542442
0.8502590833165944
0.8580998155533347
0.8660122038234592
0.8739968848152031
0.8820545003611592
0.8901856974649556
0.8983911283278505
0.9066714503745904
0.9150273262794986
0.9234594239913186
0.9319684167584558
0.9405549831533503
0.9492198070964879
0.9579635778802157
0.9667869901913662
0.9756907441342287
0.9846755452522741
0.9937421045498923
1.0028911385128547
1.0121233691287799
1.0214395239067173
1.0308403358959266
1.0403265437041105
1.0498988915149188
1.0595581291044311
1.0693050118572796
1.0791403007814508
1.0890647625227377
1.0990791693776671
1.1091842993059637
1.1193809359419986
1.1296698686050242
1.1400518923083993
1.1505278077678007
1.1610984214082845
1.1717645453701253
1.1825269975134216
1.1933866014214962
1.20434418640297
1.2154005874922478
1.2265566454490517
1.2378132067560874
1.2491711236152439
1.2606312539425275
1.2721944613608374
1.2838616151916635
1.2956335904446246
1.3075112678052483
1.319495533621141
1.3315872798859483
1.3437874042214375
1.356096809857551
1.3685164056103722
1.3810471058577742
1.3936898305127678
1.406445504994796
1.4193150601982805
1.4322994324588312
1.4453995635168733
1.4586164004786564
1.4719508957742926
1.4854040071133827
1.4989766974372747
1.512669934868626
1.5264846926576308
1.540421949125433
1.5544826876036235
1.568667896371044
1.582978568586516
1.597415702218209
1.611980299969424
1.6266733692001385
1.6414959218450595
1.6564489743274315
1.671533547468417
1.6867506663926983
1.7021013604291542
1.7175866630072343
1.733207611548554
1.7489652473537305
1.764860615484208
1.7808947646388913
1.7970687470256974
1.813383618227515
1.8298404370627626
1.8464402654401264
1.863184168207448
1.8800732129946764
1.8971084700502776
1.9142910120718513
1.931621914029522
1.9491022529831317
1.9667331078922012
1.9845155594188502
2.00245068972363
2.020539582253532
2.0387833215224744
2.057182992883939
2.0757396822954237
2.0944544760745147
2.1133284606465694
2.132362722283608
2.1515583468340127
2.1709164194432815
2.1904380242651618
2.2101242441631954
2.229976160402121
2.2499948523292943
2.2701813970456324
2.2905368690656185
2.311062339966622
2.3317588780267675
2.3526275478514083
2.373669409987696
2.3948855205270534
2.4162769306954117
2.437844686430476
2.4595898279463544
2.4815133892846992
2.5036163978521837
2.525899873944277
2.548364830254548
2.57101227136961
2.593843193249039
2.616858582690151
2.640059416777046
2.6634466623139024
2.6870212752419316
2.7107842000397304
2.734736369106596
2.7588787021285293
2.783212105426549
2.807737471286838
2.832455677272435
2.85736758551623
2.8824740419944663
2.9077758757808394
2.9332738982805107
2.9589689024436767
2.9848616619583734
3.0109529304220874
3.037243440491843
3.063733903012005
3.0904250061200886
3.117317414329401
3.1444117675885925
3.1717086803176255
3.199208740419675
3.226912508268495
3.254820515671049
3.2829332648049125
3.3112512271298233
3.339774842273426
3.3685045168903893
3.3974406234947505
3.4265834992650244
3.4559334448216656
3.48549072297658
3.515255557454193
3.5452281315839964
3.5754085869637193
3.605797022093301
3.6363934909790876
3.6671980017078334
3.69821051499044
3.729430942674956
3.7608591462286283
3.792494935188776
3.82433806558202
3.856388238312126
3.8886450975156457
3.9211082288855965
3.9537771579629197
3.986651348395518
4.019730200164759
4.053013047779494
4.086499158437297
4.120187730153301
4.154077889856139
4.188168691451528
4.222459113853193
4.256948058981594
4.2916343497303755
4.32651672790083
4.361593852104882
4.396864295636374
4.432326544311636
4.467978994279403
4.503819949800541
4.539847620998403
4.576060121580151
4.61245546652991
4.649031569774336
4.685786241821634
4.722717187374726
4.75982200291968
4.797098174290433
4.834543074210899
4.872153959815872
4.909927970151858
4.947862123659437
4.985953315638659
5.024198315699078
5.06259376519618
5.101136174656272
5.139821921191497
5.178647245907427
5.217608251305235
5.256700898680976
5.295921005524469
5.335264242920319
5.37472613295409
5.414302046126396
5.45398719877808
5.493776650529794
5.533665301739346
5.573647890980387
5.613718992546268
5.653873013982968
5.694104193655207
5.734406598350021
5.77477412092232
5.815200477987117
5.8556792076632
5.896203667373413
5.9367670317068
5.977362290347933
6.0179822460793035
6.058619512862496
6.099266514004245
6.1399154804137455
6.1805584489576155
6.221187260919254
6.261793560569556
6.302368793856053
6.342904207217829
6.383390846533777
6.423819556211949
6.464180978427906
6.5044655525202355
6.544663514551595
6.584764897043806
6.624759528895652
6.66463703549235
6.704386839015653
6.743998158963833
6.783460012890933
6.82276121737463
6.861890389222522
6.900835946926315
6.939586112373887
6.978128912829072
7.016452183188991
7.05454356852904
7.092390526945408
7.129980332705233
7.16730007971414
7.204336685311285
7.241076894401524
7.277507283934478
7.313614267740046
7.349384101729644
7.384802889472463
7.419856588155474
7.454531014935883
7.488811853694344
7.522684662196729
7.556134879671987
7.589147834813166
7.6217087542080195
7.653802771205198
7.68541493522134
7.716530221493765
7.747133541282682
7.777209752526081
7.806743670949736
7.835720081633643
7.864123751035494
7.891939439470644
7.919151914046965
7.945745962051909
7.971706404787862
7.997018111850602
8.021666015844374
8.045635127525749
8.068910551366947
8.091477501527796
8.113321318224003
8.134427484477758
8.154781643235047
8.174369614832278
8.19317741479322
8.211191271935217
8.228397646762033
8.244783250118628
8.260335062081383
8.275040351055234
8.288886693047413
8.301861991085321
8.313954494744294
8.325152819748913
8.335445967609695
8.344823345255032
8.353274784616307
8.360790562122418
8.367361418058016
8.372978575738129
8.377633760450186
8.381319218112873
8.384027733599876
8.38575264867518
8.386487879485351
8.38622793355337
8.384967926217357
8.38270359645718
8.37943132205105
8.37514813400413
8.369851730190867
8.363540488152998
8.356213476995398
8.34787046832263
8.3385119461598
8.328139115802596
8.316753911542643
8.304359003216147
8.290957801525739
8.27655446208777
8.261153888159964
8.244761732007268
8.227384394867006
8.209029025478038
8.18970351714258
8.169416503293455
8.148177351544167
8.125996156203954
8.102883729245066
8.078851589714906
8.053911951591262
8.02807771008469
8.001362426398192
7.9737803109604535
7.9453462051554435
7.916075561577472
7.885984422847513
7.855089399033166
7.82340764372127
7.790956828798695
7.7577551180035105
7.723821139314968
7.689173956256994
7.653833038195971
7.617818229719246
7.581149719186269
7.543848006549315
7.5059338705454675
7.467428335365718
7.428352636910705
7.388728188745941
7.348576547871834
7.307919380425864
7.266778427435665
7.225175470742366
7.183132299213522
7.140670675364323
7.097812302504188
7.054578792523749
7.01099163443419
6.967072163767412
6.922841532940992
6.878320682686844
6.833530314636903
6.788490865152657
6.74322248047841
6.697744993290837
6.652077900709222
6.606240343822446
6.560251088780095
6.514128509485959
6.4678905719227835
6.421554820128027
6.375138363830593
6.328657867749234
6.2821295425438874
6.235569137402079
6.188991934233593
6.142412743437977
6.095845901201414
6.049305268271727
6.002804230153086
5.956355698655635
5.90997211472923
5.8636654525053
5.817447224466534
5.77132848766026
5.725319850868555
5.679431482645966
5.633673120134433
5.588054078564419
5.542583261351354
5.497269170697647
5.452119918611908
5.40714323825939
5.362346495560606
5.317736700958399
5.2733205212776415
5.229104291606281
5.185094027130909
5.141295434865241
5.097713925215003
5.054354623328267
5.011222380185662
4.968321783390481
4.925657167624292
4.883232624739056
4.841052013462018
4.799118968694992
4.757436910394419
4.716009052023293
4.674838408570643
4.633927804138164
4.593279879097558
4.552897096825532
4.512781750026643
4.472935966656904
4.433361715463569
4.394060811158687
4.355034919245814
4.316285560520736
4.277814115268343
4.239621827178677
4.201709807005778
4.164079035993443
4.1267303690920905
4.089664537990888
4.052882153988997
4.01638371072936
3.9801695868178064
3.9442400483493416
3.908595251362715
3.873235244243108
3.838159970091594
3.803369269078781
3.7688628807985527
3.7346404466362886
3.7007015121644753
3.6670455295768796
3.63367186017086
3.6005797768855947
3.5677684669024092
3.535237034311576
3.5029845028482387
3.471009818698565
3.439311853375504
3.4078894066619543
3.3767412096177947
3.345865927645719
3.3152621636095674
3.284928460997757
3.254863307123324
3.2250651363511813
3.195532333342573
3.166263236306005
3.1372561402436023
3.1085093001815136
3.0800209343729614
3.0517892274625513
3.023812333600637
2.9960883794969813
2.9686154674033762
2.9413916780154845
2.9144150732849745
2.8876836991337584
2.861195588063052
2.8349487616509963
2.8089412329335057
2.783171008664124
2.7576360914496165
2.7323344817592035
2.707264179806247
2.6824231873022333
2.657809509083872
2.633421154614976
2.609256139365577
2.585312486071556
2.5615882258786544
2.5380813993752893
2.5147900575191593
2.491712262462926
2.4688460882846135
2.446189621628541
2.4237409622627912
2.401498223559212
2.3794595329019534
2.3576230320304727
2.3359868773227976
2.3145492400245886
2.293308306429428
2.272262278015376
2.251409371542605
2.23074781911662
2.210275868221207
2.189991781724973
2.169893837864947
2.1499803302104707
2.1302495676102353
2.110699874124998
2.09132958894832
2.072137066317301
2.053120675415065
2.0342788002665686
2.01560983962903
1.997112206878108
1.9787843298908228
1.9606246509260141
1.9426316265030383
1.9248037272792453
1.907139437926742
1.8896372570088074
1.8722956968562638
1.8551132834440742
1.8380885562683615
1.8212200682239883
1.8045063854828485
1.7879460873729534
1.7715377662583676
1.7552800274200764
1.7391714889378038
1.7232107815728197
1.7073965486517357
1.6917274459513236
1.6762021415843549
1.6608193158864453
1.6455776613039326
1.6304758822827672
1.615512695158402
1.6006868280466973
1.5859970207358238
1.5714420245791412
1.557020602389071
1.542731528331934
1.5285735878237625
1.5145455774270502
1.5006463047484644
1.486874588337497
1.4732292575860295
1.45970915262884
1.4463131242450098
1.4330400337602378
1.419888752950053
1.4068581639439177
1.3939471591302017
1.3811546410620372
1.3684795223640382
1.355920725639866
1.343477183380654
1.3311478378742663
1.3189316411153957
1.3068275547164756
1.2948345498194196
1.2829516070081706
1.2711777162220437
1.2595118766698719
1.247953096744943
1.2365003939407049
1.225152794767255
1.2139093346685947
1.2027690579406376
1.1917310176499754
1.1807942755533867
1.16995790201809
1.159220975942717
1.1485825846790223
1.13804182395431
1.1275977977945628
1.117249618448288
1.1069964063110602
1.096837289850747
1.0867714055334337
1.076797897750022
1.0669159187434987
1.0571246285368785
1.0474231948618045
1.037810793087806
1.0282866061522016
1.0188498244906488
1.0094996459683336
1.000235275811783
0.9910559265413112
0.9819608179040864
0.9729491768078022
0.9640202372549671
0.9551732402777975
0.9464074338736979
0.9377220729413451
0.9291164192173517
0.9205897412135158
0.9121413141546392
0.9037704199169239
0.8954763469669327
0.8872583903011038
0.8791158513858266
0.8710480380980696
0.8630542646665422
0.8551338516134088
0.8472861256965322
0.8395104198522443
0.8318060731386485
0.8241724306794357
0.8166088436082246
0.8091146690134008
0.8016892698834728
0.7943320150529267
0.7870422791485716
0.779819442536386
0.7726628912688498
0.7655720170327533
0.7585462170974935
0.7515848942638421
0.7446874568131799
0.7378533184572027
0.7310818982880847
0.7243726207291037
0.7177249154857127
0.7111382174970658
0.7046119668879903
0.6981456089213919
0.6917385939511045
0.6853903773751713
0.679100419589549
0.6728681859422433
0.6666931466878646
0.6605747769425961
0.6545125566395792
0.6485059704847094
0.6425545079128325
0.6366576630443486
0.6308149346422102
0.6250258260693191
0.6192898452463088
0.6136065046097186
0.6079753210705517
0.6023958159732096
0.5968675150548072
0.5913899484048613
0.5859626504253453
0.580585159791114
0.5752570194106926
0.5699777763874199
0.5647469819809536
0.5595641915691272
0.554428964610157
0.549340864605194
0.544299459061222
0.5393043194542967
0.5343550211931184
0.5294511435829421
0.5245922697898201
0.5197779868051677
0.5150078854106583
0.5102815601434414
0.5055986092616742
0.5009586347103763
0.4963612420875926
0.49180604061087113
0.48729264308404363
0.4828206658643146
0.4783897288296526
0.473999455346477
0.46964947223764564
0.4653394097507344
0.4610689015266069
0.45683758456827384
0.4526450992100395
0.4484910890869275
0.4443752011043911
0.4402970854082987
0.4362563953551981
0.4322527874828484
0.4282859214810272
0.4243554601626048
0.4204610694348808
0.4166024182711869
0.4127791786827507
0.408991025690814
0.4052376372990105
0.4015186944659965
0.3978338810783304
0.3941828839236052
0.3905653926638214
0.3869810998090124
0.3834297006911054
0.37991089343802226
0.37642437894802466
0.3729698608642875
0.3695470455497067
0.3661556420619444
0.3627953621286931
0.35946592012317724
0.3561670330398723
0.3528984204704474
0.3496598045799341
0.34645091008310835
0.3432714642210889
0.3401211967381567
0.3369998398587806
0.33390712826485475
0.3308427990731496
0.3278065918129652
0.32479824840398874
0.32181751313436135
0.3188641326389406
0.31593785587776224
0.3130384341147054
0.3101656208963476
0.3073191720310148
0.304498845568028
0.30170440177713564
0.2989356031281344
0.29619221427068265
0.2934740020142934
0.2907807353085117
0.28811218522327836
0.28546812492946705
0.282848329679607
0.28025257678877746
0.27768064561567823
0.2751323175438776
0.27260737596322865
0.2701056062514552
0.2676267957559122
0.2651707337755082
0.2627372115427944
0.2603260222062218
0.25793696081255757
0.2555698242894623
0.2532244114282311
0.25090052286669007
0.24859796107224813
0.24631653032510986
0.24405603670163772
0.2418162880578667
0.23959709401317497
0.23739826593409963
0.235219616918302
0.23306096177868274
0.23092211702763965
0.22880290086147007
0.22670313314492002
0.22462263539586935
0.2225612307701636
0.22051874404658062
0.2184950016119354
0.21648983144632566
0.21450306310850825
0.21253452772141046
0.21058405795777788
0.20865148802595013
0.20673665365576716
0.20483939208460866
0.20295954204355776
0.20109694374369197
0.19925143886250335
0.19742287053043947
0.19561108331756874
0.1938159232203706
0.19203723764864405
0.19027487541253635
0.1885286867096938
0.18679852311252731
0.18508423755559525
0.1833856843231041
0.1817027190365222
0.180035198642306
0.1783829813997425
0.17674592686890023
0.17512389589869062
0.1735167506150424
0.17192435440917964
0.17034657192601194
0.16878326905262847
0.167234312906897
0.1656995718261709
0.1641789153560966
0.1626722142395241
0.16117934040552176
0.159700166958489
0.15823456816736975
0.15678241945496632
0.15534359738734987
0.15391797966336715
0.15250544510424682
0.15110587364329808
0.14971914631570427
0.14834514524841202
0.14698375365011174
0.14563485580130878
0.14429833704448924
0.14297408377437307
0.14166198342825648
0.14036192447644602
0.13907379641277726
0.1377974897452212
0.13653289598657897
0.13527990764525835
0.13403841821613866
0.13280832217151686
0.13158951495213714
0.13038189295830444
0.12918535354107785
0.12799979499354464
0.12682511654217637
0.12566121833826244
0.1245080014494222
0.12336536785119698
0.12223322041871706
0.12111146291844563
