0.010000000000000004
0.010092621909870477
0.010186101701559765
0.0102804473209331
0.01037566678745186
0.010471768194855211
0.010568759711848048
0.010666649582795396
0.010765446128423155
0.010865157746525389
0.010965792912678103
0.011067360180959737
0.01116986818467824
0.011273325637104871
0.011377741332214914
0.011483124145435121
0.011589483034398116
0.011696827039703855
0.011805165285688061
0.011914506981197765
0.012024861420374127
0.012136237983442408
0.012248646137509322
0.012362095437367692
0.012476595526308696
0.012592156136941519
0.012708787092020592
0.012826498305280607
0.012945299782279167
0.013065201621247217
0.013186214013947489
0.013308347246540762
0.013431611700460169
0.01355601785329369
0.01368157627967473
0.013808297652180933
0.01393619274224143
0.014065272421052372
0.014195547660501021
0.014327029534098314
0.0144597292179202
0.014593657991557579
0.014728827239075034
0.014865248449978571
0.015002933220192194
0.01514189325304353
0.015282140360258703
0.015423686462966282
0.015566543592710626
0.01571072389247451
0.015856239617711376
0.01600310313738702
0.01615132693503091
0.01630092360979741
0.016451905877536636
0.016604286571875307
0.01675807864530768
0.016913295170296494
0.017069949340384086
0.017228054471313946
0.017387624002162524
0.01754867149648152
0.017711210643450884
0.017875255259042367
0.01804081928719384
0.018207916800994636
0.018376562003881724
0.018546769230846992
0.018718552949655798
0.01889192776207667
0.01906690840512253
0.019243509752303323
0.019421746814890263
0.019601634743191862
0.019783188827841656
0.019966424501097944
0.020151357338155585
0.020338003058469827
0.020526377527092528
0.020716496756020702
0.02090837690555752
0.021102034285685963
0.021297485357455206
0.02149474673437981
0.021693835183851855
0.02189476762856622
0.02209756114795903
0.022302232979659393
0.022508800520954622
0.022717281330269064
0.02292769312865651
0.02314005380130654
0.0233543813990648
0.023570694139967294
0.023789010410788947
0.02400934876860654
0.024231727942376
0.024456166834524472
0.024682684522556928
0.0249113002606779
0.02514203348142799
0.025374903797335712
0.025609931002584598
0.025847135074695653
0.026086536176225493
0.026328154656480224
0.026572011053245075
0.026818126094530163
0.027066520700332428
0.02731721598441379
0.02757023325609585
0.027825594022071253
0.02808331998823173
0.02834343306151311
0.028605955351757435
0.02887090917359237
0.029138317048327894
0.02940820170587064
0.02968058608665604
0.02995549334359816
0.03023294684405779
0.0305129701718287
0.030795587129142283
0.031080821738690655
0.03136869824566878
0.03165924111983523
0.03195247505759214
0.03224842498408442
0.032547116055318494
0.032848573660300466
0.03315282342319426
0.033459891205499755
0.03376980310825093
0.03408258547423453
0.034398264890229256
0.034716868189265636
0.03503842245290676
0.03536295501355043
0.03569049345675231
0.03602106562357073
0.03635469961293321
0.03669142378402494
0.03703126675869929
0.03737425742391066
0.03772042493417001
0.038069798714022884
0.03842240846055061
0.03877828414589458
0.039137456019803875
0.03949995461220646
0.03986581073580442
0.04023505548869293
0.040607720257003675
0.04098383671757263
0.04136343684063277
0.041746552892531395
0.04213321743847289
0.04252346334528684
0.04291732378422161
0.04331483223376402
0.04371602248248507
0.04412092863191192
0.044529585099426575
0.044942026621191435
0.045358288255101895
0.045778405383766214
0.04620241371751313
0.046630349297427334
0.047062248498412854
0.04749814803228503
0.04793808495089112
0.0483820966492596
0.04883022086877882
0.049282495700405174
0.049738959587900686
0.050199651331100846
0.050664610089212685
0.05113387538414328
0.051607487103859116
0.05208548550577664
0.05256791122018425
0.05305480525369576
0.05354620899273609
0.054042164207059186
0.054542713053298365
0.055047898078549734
0.055557762223988796
0.05607234882852037
0.056591701632462466
0.057115864781264326
0.057644882829258816
0.058178800743449374
0.05871766390733257
0.059261518124755566
0.059810409623809443
0.060364385060758696
0.06092349152400714
0.061487776538100274
0.062057288067765046
0.06263207452198692
0.06321218475812457
0.06379766808606284
0.06438857427240421
0.06498495354469895
0.06558685659571435
0.06619433458774394
0.06680743915695617
0.06742622241778347
0.0680507369673521
0.06868103588995307
0.0693171727615541
0.06995920165435376
0.07060717714137778
0.07126115430111753
0.07192118872221193
0.07258733650817252
0.07325965428215235
0.0739381991917587
0.07462302891391115
0.07531420165974376
0.07601177617955332
0.07671581176779305
0.07742636826811275
0.0781435060784455
0.07886728615614155
0.07959777002314988
0.08033501977124737
0.08107909806731692
0.08183006815867397
0.0825879938784427
0.08335293965098198
0.08412497049736124
0.08490415204088751
0.08569055051268355
0.08648423275731726
0.08728526623848382
0.08809371904473996
0.08890965989529163
0.08973315814583528
0.09056428379445297
0.09140310748756235
0.0922497005259218
0.0931041348706908
0.09396648314954699
0.0948368186628593
0.09571521538991867
0.09660174799522651
0.09749649183484091
0.09839952296278236
0.09931091813749802
0.10023075482838656
0.10115911122238302
0.10209606623060474
0.10304169949505884
0.10399609139541205
0.10495932305582278
0.10593147635183706
0.1069126339173477
0.10790287915161845
0.10890229622637307
0.10991097009294974
0.11092898648952233
0.11195643194838793
0.11299339380332227
0.11403996019700333
0.1150962200885033
0.11616226326085025
0.11723818032865996
0.1183240627458379
0.11942000281335327
0.12052609368708432
0.12164242938573686
0.12276910479883602
0.12390621569479167
0.12505385872903915
0.1262121314522548
0.1273811323186479
0.12856096069432962
0.12975171686575884
0.13095350204826678
0.1321664183946606
0.13339056900390592
0.13462605792989107
0.13587299019027108
0.13713147177539456
0.1384016096573132
0.1396835117988741
0.14097728716289673
0.14228304572143535
0.14360089846512608
0.1449309574126217
0.1462733356201131
0.14762814719093906
0.14899550728528554
0.15037553212997384
0.1517683390283406
0.1531740463702081
0.15459277364194782
0.15602464143663697
0.15746977146430874
0.15892828656229788
0.16040031070568211
0.16188596901781988
0.1633853877809862
0.16489869444710656
0.1664260176485904
0.16796748720926544
0.1695232341554121
0.17109339072690152
0.17267809038843568
0.174277467840892
0.1758916590327734
0.1775208011717636
0.17916503273639015
0.18082449348779525
0.1824993244816153
0.18418966807997122
0.18589566796356885
0.18761746914391214
0.1893552179756296
0.19110906216891393
0.1928791508020779
0.19466563433422635
0.19646866461804466
0.19828839491270722
0.20012497989690387
0.201978575681988
0.20384933982524642
0.20573743134329137
0.20764301072557756
0.20956623994804346
0.2115072824868796
0.21346630333242456
0.21544346900318853
0.21743894756000806
0.2194529086203315
0.22148552337263608
0.22353696459097966
0.22560740664968623
0.22769702553816806
0.22980599887588526
0.23193450592744289
0.23408272761782942
0.23625084654779485
0.23843904700937213
0.24064751500154258
0.2428764382460453
0.24512600620333397
0.2473964100886815
0.24968784288843274
0.2520004993764094
0.25433457613046506
0.25669027154919516
0.25906778586880097
0.2614673211801093
0.2638890814457512
0.26633327251749833
0.2688001021537607
0.2712897800372468
0.27380251779278597
0.27633852900531714
0.27889802923804424
0.2814812360507581
0.2840883690183305
0.28671964974937714
0.2893753019050952
0.2920555512182748
0.29476062551248594
0.29749075472144415
0.3002461709085551
0.3030271082866398
0.3058338032378435
0.30866649433372756
0.31152542235554886
0.31441083031472666
0.3173229634734978
0.3202620693657653
0.32322839781813817
0.32622220097116705
0.32924373330077705
0.3322932516398975
0.33537101520029317
0.3384772855945984
0.3416123268585529
0.3447764054734466
0.34796979038876946
0.3511927530450731
0.35444556739704364
0.3577285099367874
0.36104185971733394
0.36438589837635477
0.36776091016010337
0.37116718194757675
0.37460500327489954
0.37807466635993514
0.3815764661271252
0.3851107002325572
0.3886776690892668
0.3922776758927722
0.3959110266468461
0.3995780301895273
0.40327899821937085
0.40701424532194397
0.41078408899656493
0.41458884968329135
0.4184288507901584
0.42230441872066776
0.42621588290153256
0.4301635758106797
0.43414783300550946
0.4381689931514194
0.44222739805059025
0.4463233926710398
0.45045732517594606
0.45462954695324037
0.45884041264547604
0.4630902801799742
0.4673795107992464
0.471708469091702
0.47607752302263723
0.4804870439655133
0.48493740673352387
0.4894289896114532
0.4939621743878323
0.4985373463873898
0.5031548945038056
0.5078152112327676
0.5125186927053336
0.5172657387216021
0.522056752784698
0.5268921421350675
0.5317723177850973
0.5366976945540479
0.5416686911033154
0.5466857299720185
0.5517492376129127
0.5568596444286418
0.5620173848083191
0.5672228971644546
0.572476623970218
0.5777790117970508
0.5831305113526225
0.5885315775191451
0.5939826693920361
0.5994842503189414
0.6050367879391222
0.6106407542232045
0.6162966255132944
0.6220048825634714
0.6277660105806507
0.6335804992658255
0.6394488428556944
0.6453715401646701
0.6513490946272807
0.657382014340959
0.6634708121092349
0.6696160054853225
0.6758181168161113
0.6820776732865688
0.6883952069645504
0.694771254846024
0.7012063589007184
0.7077010661181895
0.7142559285543132
0.720871503378214
0.7275483529196229
0.7342870447166768
0.7410881515641573
0.7479522515621824
0.754879928165344
0.7618717702322999
0.7689283720758313
0.7760503335133577
0.7832382599179202
0.7904927622696425
0.7978144572076633
0.8052039670825482
0.8126619200091948
0.8201889499202213
0.8277856966198481
0.8354528058382871
0.8431909292866259
0.8510007247122252
0.8588828559546255
0.866837993001978
0.8748668120479918
0.8829699955494095
0.8911482322840204
0.8994022174092055
0.9077326525210233
0.916140245713852
0.924625711640575
0.9331897715733245
0.9418331534647957
0.9505565920101197
0.959360828709315
0.9682466119303127
0.9772146969725727
0.9862658461312831
0.9954008287621529
1.004620421346813
1.013925407558816
1.0233165783302456
1.032794731918952
1.0423606739764026
1.0520152176161595
1.0617591834830005
1.0715933998226714
1.0815187025522892
1.091535935331392
1.1016459496336568
1.1118496048192719
1.122147768207981
1.132541315152812
1.1430311291144801
1.1536181017364788
1.164303132920877
1.1750871309048088
1.1859710123376705
1.1969557023590438
1.2080421346773287
1.2192312516491115
1.2305240043592622
1.241921352701784
1.2534242654614012
1.2650337203959041
1.276750704319266
1.2885762131855194
1.3005112521734097
1.3125568357718438
1.3247139878661183
1.3369837418249475
1.3493671405883072
1.361865236756082
1.3744790926775383
1.3872097805416213
1.4000583824680977
1.413025990599535
1.4261137071941297
1.4393226447194076
1.452653925946782
1.4661086840469852
1.479688062686397
1.4933932161242538
1.5072253093107575
1.5211855179861051
1.5352750287804229
1.549495039314633
1.5638467583022475
1.5783314056521178
1.592950212572124
1.6077044216738245
1.6225952870780878
1.6376240745216895
1.6527920614648959
1.6681005372000592
1.683550802961204
1.6991441720346274
1.7148819698705404
1.7307655341957269
1.7467962151272467
1.7629753752872066
1.779304389918578
1.7957846470020973
1.8124175473742379
1.829204504846294
1.8461469463245492
1.8632463119315614
1.880504055128583
1.8979216428391026
1.915500555573529
1.9332422875550461
1.9511483468466189
1.9692202554791738
1.987459549580984
2.0058677795082342
2.0244465099768054
2.0431973201952722
2.062121803999144
2.0812215699863406
2.1004982416539164
2.119953457536072
2.139588871343424
2.1594061521035677
2.179406984302956
2.199593068030077
2.2199661191199564
2.2405278693000197
2.261280066337279
2.2822244741868998
2.3033628731421323
2.324697059985649
2.3462288481422653
2.3679600678330788
2.38989256623105
2.412028207618009
2.434368873543112
2.4569164629827918
2.4796728925021614
2.5026400964179203
2.5258200269627857
2.549214654451424
2.572825967447935
2.5966559729348724
2.6207066964838526
2.644980182427722
2.6694784940343226
2.694203713681884
2.71915794303602
2.7443433032283666
2.769761935036892
2.7954159990678598
2.8213076759394737
2.8474391664672476
2.8738126918510662
2.9004304938639938
2.927294835042818
2.9544079988803817
2.981772290019675
3.0093900344497224
3.0372635797033123
3.06539529505653
3.09378757173014
3.122442823092858
3.1513634848664815
3.180552015332922
3.210010895543174
3.2397426295281972
3.269749744511769
3.3000347911252863
3.3306003436245892
3.361449000108769
3.3925833827409955
3.4240061379714253
3.455719936762142
3.48772747481418
3.5200314727966813
3.5526346765781445
3.585539857459818
3.6187498124112816
3.6522673643081793
3.6860953621721615
3.7202366814130694
3.7546942240733365
3.7894709190746703
3.8245697224670017
3.8599936176797693
3.8957456157755064
3.9318287557057716
3.9682461045694826
4.005000757873615
4.04209583979631
4.079534503452453
4.117319931161682
4.155455334718878
4.193943955667189
4.2327890655735505
4.271993966306782
4.311561990318229
4.351496500925051
4.39180089259609
4.4324785912404
4.473533054498467
4.514967772036105
4.556786265841067
4.598992090522441
4.641588833612784
4.684580115873051
4.727969591600392
4.771760948938747
4.815957910192355
4.8605642321421385
4.90558370636505
4.9510201595563545
4.996877453854887
5.043159487171361
5.089870193519687
5.137013543351345
5.184593543892914
5.232614239486667
5.281079711934336
5.329994080844092
5.379361503980702
5.429186177618946
5.47947233690029
5.530224256192903
5.581446249454968
5.633142670601359
5.685317913873754
5.737976414214139
5.791122647641763
5.8447611316336365
5.898896425508503
5.953533130814374
6.008675891719689
6.064329395408064
6.120498372476704
6.177187597338496
6.234401888627865
6.29214610961035
6.350425168595968
6.409244019356455
6.468607661546331
6.52852114112785
6.588989550799953
6.650018030431127
6.711611767496288
6.7737759975177525
6.836516004510239
6.899837121430024
6.963744730628228
7.02824426430835
7.0933412049880005
7.159041085964891
7.225349491787217
7.292272058728321
7.359814475265772
7.427982482564919
7.496781874966883
7.566218500481061
7.636298261282247
7.707027114212301
7.778411071286494
7.850456200204513
7.923168624866257
7.996554525892356
8.070620141149508
8.145371766280746
8.220815755240547
8.296958520834913
8.373806535266496
8.451366330684726
8.529644499741028
8.608647696149248
8.688382635251195
8.768856094587436
8.850074914473439
8.932045998580968
9.014776314524925
9.098272894455565
9.182542835656289
9.267593301146889
9.353431520292391
9.440064789417606
9.5275004724273
9.615746001432106
9.704808877380307
9.794696670695403
9.885417021919581
9.976977642363208
10.069386314760278
10.162650893929957
10.256779307444223
10.351779556301766
10.447659715608054
10.544427935261696
10.642092440647247
10.740661533334343
10.840143591783317
10.940547072057432
11.041880508541619
11.144152514667885
11.247371783647523
11.351547089209994
11.456687286348727
11.562801312073766
11.669898186171475
11.777987011971202
11.88707697711904
11.99717735435885
12.108297502320411
12.22044686631489
12.333634979137763
12.447871461879075
12.563166024741214
12.679528467864351
12.796968682159415
12.91549665014885
13.035122446815098
13.155856240457046
13.277708293554308
13.400688963639512
13.524808704178756
13.650078065460153
13.77650769549055
13.90410834090071
14.032890847858742
14.162866162991998
14.29404533431762
14.426439512181581
14.560059950206506
14.694918006248177
14.831025143361048
14.968392930772572
15.107033044866554
15.246957270175743
15.388177500383474
15.53070573933461
15.674554102055959
15.81973481578602
15.966260221014272
16.1141427725302
16.263395040481925
16.41402971144468
16.56605958949915
16.719497597319897
16.874356777273768
17.030650292528453
17.188391428171464
17.347593592339333
17.508270317357255
17.67043526088947
17.8341022071001
17.999285067824783
18.165997883753285
18.33425482562292
18.504070195423033
18.67545842761077
18.848434090337964
19.023011886689464
19.19920665593285
19.37703337477989
19.55650715865951
19.73764326300257
19.92045708453871
20.104964162605004
20.291180180466792
20.479120966650864
20.668802496290848
20.860240892485056
21.053452427667064
21.248453524988832
21.445260759716696
21.643890860640223
21.84436071149428
22.046687352394112
22.250887981283707
22.45697995539775
22.66498079273696
22.874908173557046
23.0867799418717
23.30061410696927
23.51642884494351
23.734242500238683
23.954073587208786
24.17594079169132
24.399862972595514
24.625859163505478
24.853948574298016
25.084150592775416
25.31648478631356
25.550970903525094
25.787628875938033
26.026478819690066
26.2675410372384
26.510836019085403
26.756384445520464
27.004207188377737
27.254325312810312
27.506760079080678
27.76153294436801
28.018665564591977
28.278179796253433
28.540097698292396
28.804441533962994
29.071233772725797
29.340497092157882
29.61225437988038
29.886528735503862
30.163343472592
30.44272212064303
30.72468842709006
31.00926635931932
31.296480106707527
31.586354082678206
31.8789129267765
32.17418150676373
32.47218492073133
32.77294849923383
33.07649780744243
33.38285864731764
33.69205705980267
34.00411932703709
34.31907197459048
34.636941773717325
34.95775574363277
35.281541153808874
35.60832552629279
35.938136638046295
36.271002523306514
36.60695147596902
36.94601205199305
37.288213071828395
37.63358362286535
37.982153061907376
38.33395101766606
38.689007393279766
39.04735236885564
39.40901640403455
39.774030240580366
40.14242490499325
40.514231711146536
40.889482262948626
41.26820845702958
41.65044248545183
42.03621683844715
42.42556430717782
42.81851798652412
43.21511127789766
43.61537789208009
44.01935185208874
44.42706749606886
44.83855948021193
45.25386278170169
45.67301270168748
46.096044868284395
46.522995239601904
46.95390010680063
47.3887960971766
47.82772017727485
48.27070965603186
48.71780218794638
49.16903577628029
49.624448776289206
50.08407989848218
50.54796821191242
51.01615314749839
51.48867450137502
51.965572438276624
52.44688749495123
52.9326605836056
53.422932995383555
53.91774640387507
54.4171428686589
54.92116483887791
55.42985515684675
55.943257061693785
56.461414193036724
56.98437059469146
57.51217071841612
58.044859427689815
58.58248200152544
59.12508413831878
59.672711959733185
60.225412014619344
60.78323128297231
61.34621717992512
61.91441755977852
62.48788072006893
63.0666554056741
63.650790812955805
64.24033659394195
64.83534286054729
65.43586018883244
66.04193962330307
66.6536326812492
67.27099135712349
67.89406812696112
68.52291595284069
69.15758828738522
69.79813907830663
70.44462277299047
71.09709432312434
71.7556091893693
72.42022334607323
73.09099328602912
73.76797602527738
74.45122910795148
75.14081061116968
75.83677914997195
76.53919388230159
77.24811451403403
77.96360130405239
78.6857150693686
79.41451719029341
80.15006961565412
80.89243486805952
81.6416760492147
82.39785684528525
83.16104153230974
83.93129498166368
84.70868266557413
85.49327066268394
86.28512566366896
87.08431497690732
87.89090653419954
88.7049688965441
89.52657125996406
90.35578346138927
91.19267598459302
92.03731996618232
92.889787201645
93.75015015145291
94.6184819472201
95.49485639791966
96.37934799615793
97.27203192450553
98.17298406188837
99.08228099003803
