0.06994604012273695
0.07059384601377286
0.07124765066934116
0.07190750961336773
0.07257347888317878
0.07324561503430978
0.07392397514521509
0.07460861682166955
0.07529959820042338
0.07599697795832214
0.07670081531183502
0.07741117002528568
0.07812810241677118
0.07885167335957677
0.07958194429087605
0.08031897721521711
0.08106283470889525
0.08181357992821932
0.08257127661076344
0.08333598908468186
0.08410778227104485
0.08488672169085526
0.08567287347182655
0.0864663043499236
0.08726708167818827
0.0880752734323185
0.0888909482157329
0.08971417526451173
0.09054502445408846
0.09138356630534736
0.09222987199010385
0.09308401333695134
0.09394606283811814
0.09481609365373714
0.09569417962031986
0.09658039525519502
0.09747481576341337
0.09837751704437703
0.09928857569739481
0.10020806902809146
0.10113607505567475
0.10207267251972517
0.10301794088544647
0.10397196035021714
0.10493481185265816
0.10590657707671472
0.10688733845925219
0.10787717919840271
0.1088761832583775
0.10988443537813714
0.1109020210767705
0.11192902666293675
0.11296553923940685
0.11401164671285854
0.11506743779864206
0.11613300203119113
0.11720842976793351
0.11829381219964379
0.11938924135728436
0.12049481011862354
0.12161061221794238
0.12273674225116618
0.12387329568646072
0.12502036886943557
0.12617805903384957
0.12734646430777893
0.1285256837226084
0.12971581722118497
0.13091696566429645
0.13212923084259984
0.13335271548220085
0.13458752325394163
0.13583375878182355
0.13709152765193774
0.138360936421426
0.13964209262657887
0.1409351047915372
0.14224008243834363
0.1435571360956129
0.144886377306161
0.14622791863853818
0.1475818736942962
0.14894835711846374
0.1503274846085123
0.15171937292385904
0.15312413989541074
0.15454190443597454
0.1559727865477577
0.15741690733576325
0.15887438901370454
0.1603453549173798
0.16182992951264813
0.16332823840627067
0.16484040835594294
0.16636656728132967
0.16790684427315924
0.16946136960453756
0.171030274742053
0.1726136923553192
0.17421175632815228
0.17582460176954723
0.17745236502512193
0.17909518368663388
0.18075319660421843
0.1824265438982014
0.18411536696823777
0.1858198085071184
0.18754001251045166
0.18927612428941765
0.19102829048130812
0.19279665906273533
0.19458137935988826
0.19638260206121563
0.19820047923012668
0.20003516431609294
0.20188681216680307
0.2037555790414531
0.2056416226228563
0.20754510202888599
0.20946617782666538
0.21140501204396614
0.21336176818298463
0.21533661123277942
0.217329707682463
0.21934122553380095
0.22137133431469308
0.2234202050936468
0.22548801049068642
0.22757492469329912
0.22968112346854852
0.231806784177373
0.23395208578776117
0.23611720889012355
0.2383023357099331
0.24050765012140346
0.2427333376636547
0.2449795855534289
0.2472465826997687
0.24953451971881824
0.25184358894860503
0.25417398446318323
0.25652590208757114
0.25889953941337057
0.2612950958129845
0.2637127724550217
0.2661527723195321
0.26861530021335467
0.27110056278549866
0.2736087685425927
0.2761401278648581
0.27869485302155417
0.28127315818642284
0.28387525945462005
0.2865013748580261
0.28915172438132974
0.29182652997851355
0.29452601558934394
0.2972504071554335
0.29999993263653135
0.30277482202833694
0.30557530737761435
0.3084016228003518
0.311254004497675
0.314132690773717
0.31703792205164527
0.31996994089219155
0.3229289920095455
0.32591532228991543
0.3289291808079943
0.3319708188452447
0.33504048990711255
0.338138449740743
0.34126495635321547
0.34442027002868986
0.34760465334680857
0.3508183712010564
0.35406169081611527
0.35733488176644657
0.36063821599475887
0.36397196783001445
0.36733641400583505
0.37073183367929774
0.374158508448844
0.37761672237389904
0.3811067619922037
0.3846289163396503
0.3881834769685741
0.3917707379666365
0.395390995975494
0.3990445502102164
0.4027317024776478
0.406452757195983
0.410208021413258
0.41399780482679344
0.41782241980231793
0.42168218139262337
0.4255774073573714
0.42950841818190016
0.433475537096157
0.4374790900943093
0.4415194059538676
0.44559681625481834
0.44971165539867536
0.4538642606275403
0.4580549720438459
0.4622841326289826
0.466552088262511
0.4708591877411378
0.4752057827982757
0.47959222812215957
0.48401888137559734
0.4884861032143718
0.4929942573062331
0.49754371034965794
0.5021348320922571
0.5067679953498971
0.5114435760244388
0.5161619531227815
0.5209235087747194
0.5257286282511425
0.5305776999822727
0.5354711155750708
0.5404092698315198
0.5453925607655972
0.5504213896211868
0.5554961608889558
0.5606172823234371
0.5657851649598753
0.5710002231306447
0.5762628744819212
0.5815735399896093
0.5869326439750776
0.5923406141212488
0.5977978814871988
0.6033048805238562
0.6088620490882016
0.6144698284580631
0.6201286633459688
0.6258390019128011
0.6316012957811495
0.6374160000484798
0.6432835732992158
0.6492044776171859
0.655179178597225
0.6612081453560795
0.6672918505437182
0.6734307703528183
0.6796253845289787
0.6858761763795398
0.692183632782386
0.698548244193761
0.7049705046556876
0.7114509118025174
0.7179899668674132
0.7245881746871661
0.7312460437072253
0.7379640859855102
0.7447428171953374
0.7515827566281528
0.758484427194609
0.765448355425427
0.7724750714710742
0.7795651091007534
0.7867190056997855
0.7939373022670523
0.8012205434104771
0.8085692773419226
0.8159840558706941
0.823465434396345
0.831013971899703
0.8386302309333421
0.8463147776101104
0.8540681815908828
0.8618910160708253
0.8697838577640731
0.8777472868869809
0.8857818871404977
0.8938882456899353
0.9020669531441486
0.9103186035324494
0.9186437942800509
0.9270431261820274
0.9355172033746683
0.9440666333059817
0.9526920267035781
0.9613939975408001
0.9701731630008157
0.9790301434386197
0.9879655623407818
0.9969800462830697
1.0060742248855523
1.0152487307656208
1.0245041994883453
1.0338412695143828
1.0432605821451402
1.0527627814654512
1.0623485142834925
1.0720184300675863
1.0817731808804254
1.091613421309944
1.1015398083973222
1.1115530015616804
1.1216536625215547
1.1318424552128206
1.1421200457032818
1.1524871021036824
1.1629442944748387
1.173492294731296
1.1841317765405113
1.1948634152187758
1.2056878876223027
1.216605872034496
1.2276180480486452
1.2387250964462033
1.249927699070443
1.2612265386953263
1.2726222988893443
1.2841156638748545
1.2957073183815322
1.30739794749509
1.3191882365003458
1.331078870718647
1.343070535339698
1.3551639152473425
1.3673596948394107
1.3796585578412102
1.3920611871129438
1.4045682644500284
1.41718047037728
1.429898483935803
1.442722982462991
1.4556546413651381
1.4686941338826867
1.4818421308477963
1.4950993004340525
1.508466307898114
1.521943815313313
1.5355324812943187
1.5492329607138224
1.5630459044096392
1.5769719588831324
1.5910117659882688
1.6051659626109718
1.6194351803386764
1.6338200451199798
1.6483211769139434
1.662939189328845
1.6776746892501617
1.692528276457529
1.7075005432304213
1.722592073942232
1.7378034446425465
1.7531352226273134
1.7685879659965822
1.7841622231996068
1.7998585325671286
1.8156774218300604
1.8316194076249988
1.847684994985789
1.8638746768207308
1.8801889333756219
1.8966282316818441
1.9131930249895301
1.9298837521850707
1.9467008371932115
1.963644688362769
1.9807156978363194
1.997914240902774
2.0152406753332777
2.032695340699373
2.0502785576737543
2.067990627312639
2.0858318303199477
2.1038024262924946
2.1219026529462512
2.14013272532301
2.1584928349772547
2.1769831491427163
2.195603809878721
2.214354933195237
2.2332366081568953
2.2522488959654985
2.271391829020244
2.29066540995603
2.3100696106588905
2.3296043712584003
2.3492695990969987
2.369065167675284
2.3889909155737437
2.409046645349671
2.429232122409863
2.4495470738581835
2.469991187317748
2.4905641097278632
2.511265446114812
2.53209475833676
2.5530515638021067
2.574135334161405
2.5953454939722627
2.616681419337187
2.6381424365143396
2.6597278205005126
2.6814367935867414
2.7032685238859924
2.7252221238330514
2.7472966486563424
2.7694910948216935
2.791804398448022
2.814235433694861
2.836783011121775
2.8594458760196706
2.882222706714272
2.9051121128414406
2.928112633595137
2.9512227359475665
2.974440812842304
2.997765181360273
3.0211940808592064
3.0447256710868427
3.068358030268378
3.092089153168474
3.115916949128879
3.139839240081588
3.163853758538951
3.1879581455610175
3.212149948701089
3.2364266199305636
3.26078551354382
3.285223884044449
3.309738884013854
3.334327561963589
3.3589868601728217
3.383713612512229
3.408504542256148
3.4333562598845067
3.4582652608763453
3.483227923496959
3.5082405065805866
3.533299147310989
3.5583998590020376
3.583538528880921
3.6087109158765704
3.6339126484159476
3.6591392222313
3.6843859981812104
3.7096482000889526
3.734920912601417
3.760199079072205
3.7854774994727634
3.8107508283355083
3.836013572733044
3.861260090297987
3.8864845872878733
3.911681116700018
3.936843576441319
3.9619657075583374
3.987041092533016
4.012063153649833
4.037025151440433
4.061920183211779
4.086741181664476
4.1114809136078305
4.13613197877887
4.16068680877224
4.18513766608893
4.209476643311238
4.233695662412356
4.257786474208768
4.281740657964213
4.305549621154051
4.329204599399374
4.352696656580225
4.376016685137856
4.399155406575927
4.4221033721712475
4.444850963904402
4.46738839562139
4.489705714437342
4.51179280239382
4.5336393783812525
4.5552350003386515
4.576569067742582
4.5976308243978705
4.618409361542627
4.638893621280364
4.659072400352211
4.678934354262199
4.698468001769094
4.717661729757897
4.736503798504592
4.754982347347576
4.773085400779239
4.790800874971299
4.808116584747178
4.825020251014884
4.841499508673566
4.857541915006725
4.873134958574994
4.888266068620842
4.902922624997493
4.917091968633736
4.930761412545975
4.9439182534081825
4.956549783689995
4.968643304372299
4.980186138249038
4.991165643823022
5.00156922980261
5.011384370205097
5.020598620071449
5.029199631795845
5.037175172072078
5.044513139457407
5.051201582552916
5.05722871879763
5.062582953871893
5.0672529017035375
5.071227405068191
5.074495556772975
5.077046721410362
5.078870557666477
5.07995704116548
5.08029648782886
5.079879577725471
5.078697379385097
5.0767413745450085
5.074003483295617
5.070476089587768
5.0661520670604645
5.061024805144074
5.05508823538995
5.048336857973421
5.040765768312756
5.032370683742413
5.023147970174385
5.013094668676891
5.00220852189502
4.990488000233195
4.977932327714571
4.964541507427627
4.950316346465433
4.93525848025823
4.919370396195123
4.902655456426066
4.885117919730561
4.866762962335045
4.847596697556552
4.827626194146074
4.80685949320111
4.785305623513226
4.7629746152131425
4.739877511572898
4.71602637882207
4.691434313833067
4.666115449528893
4.6400849578658985
4.613359050243818
4.585954975195784
4.557891013212224
4.529186468554784
4.499861657919267
4.469937895810686
4.439437476498584
4.408383652426946
4.376800608960472
4.344713435357535
4.312148091870323
4.279131372883854
4.245690866018484
4.211854907134897
4.177652531196371
4.143113418960613
4.10826783949262
4.073146588510697
4.037780922600159
4.002202489353382
3.9664432535204956
3.930535419282335
3.8945113487861547
3.858403477115011
3.822244223893476
3.7860659017654212
3.749900622013986
3.7137801976290614
3.6777360441637517
3.641799078758152
3.6059996177458506
3.570367273295871
3.534930849579969
3.4997182389917176
3.4647563189796204
3.4300708500909494
3.395686375855853
3.361626125171887
3.3279119178771324
3.2945640742250393
3.2616013289952406
3.2290407509915533
3.1968976686906085
3.1651856028111887
3.1339162065750967
3.1030992144245886
3.0727423999481953
3.0428515437460315
3.013430411936385
2.984480745967483
2.9560022643508637
2.9279926768756805
2.9004477117961445
2.873361156406633
2.8467249113309165
2.820529058753288
2.794761944710099
2.7694102754406353
2.744459227666851
2.719892572532474
2.69569281278445
2.67184133262431
2.648318559495095
2.6251041369022006
2.6021771071955446
2.57951610306774
2.557099546350289
2.53490585251968
2.512913639160189
2.491101936472701
2.4694503977720763
2.447939507782559
2.4265507864245897
2.40526698569062
2.384072277135408
2.3629524274614186
2.341894959665423
2.320889297231716
2.29992688891351
2.2790013117397208
2.258108350022028
2.23724604831886
2.216414736539961
2.1956170256484424
2.174857772736723
2.1541440146174695
2.133484869479049
2.1128914066041657
2.0923764846363118
2.071954559396482
2.0516414627958235
2.031454154951153
2.0114104521806127
1.9915287341263235
1.9718276338086134
1.9523257149499973
1.9330411414036164
1.913991343966673
1.895192690240084
1.8766601634969913
1.8584070567306108
1.8404446881523346
1.822782144391453
1.8054260574966838
1.788380421547588
1.771646454243367
1.7552225082433877
1.7391040362868622
1.723283613221169
1.7077510170263648
1.6924933697490911
1.677495337968645
1.662739391032996
1.64820611384957
1.633874569525972
1.6197227056658279
1.6057277966747232
1.5918669130646972
1.5781174075091353
1.5644574063410357
1.5508662943543472
1.5373251802066716
1.5238173294753259
1.5103285525257055
1.4968475348419779
1.4833660983675705
1.4698793837176605
1.456385944856111
1.4428877499589237
1.4293900846832366
1.415901356876766
1.4024328048317467
1.3889981144277583
1.3756129538215491
1.3622944376172033
1.3490605355638658
1.3359294436500273
1.3229189378587287
1.3100457326846444
1.2973248676667286
1.2847691455476324
1.2723886451425541
1.26019033052148
1.2481777756492582
1.2363510201956769
1.2247065678745124
1.2132375334948604
1.2019339390564878
1.1907831528874393
1.1797704592446923
1.1688797392531445
1.1580942378499912
1.1473973858534907
1.1367736417136434
1.1262093142412786
1.1156933259345234
1.105217876661572
1.0947789695819863
1.084376765376329
1.0740157370865395
1.06370460601656
1.0534560489564029
1.0432861781075398
1.0332138070264985
1.02325952809385
1.013444638809605
1.0037899649206707
0.9943146372999959
0.9850348859513586
0.9759629179167864
0.9671059457461767
0.9584654292475401
0.9500365853715267
0.941808209427867
0.9337628357658398
0.9258772482088964
0.9181233307849602
0.9104692287126025
0.9028807694167112
0.8953230748691361
0.8877622810994196
0.8801672695326145
0.8725113089407067
0.8647735070263078
0.8569399774245647
0.8490046412275264
0.8409696015629355
0.8328450543872495
0.8246487271267886
0.816404867382334
0.8081428345721132
0.7998953759329196
0.7916966925240199
0.7835804187343852
0.7755776485596854
0.7677151423625479
0.7600138383623309
0.7524877738615807
0.7451434931418481
0.7379799837780809
0.7309891432754118
0.7241567364537682
0.7174637643008189
0.7108881306048175
0.7044064668999229
0.6979959619272684
0.6916360409204213
0.6853097534300072
0.67900475564328
0.672713812324611
0.6664347912843454
0.6601701751326794
0.6539261655767522
0.6477114988990846
0.6415361220220152
0.6354098922187428
0.6293414572794288
0.6233374462805605
0.6174020562196446
0.6115370615992003
0.605742209937364
0.6000159051944521
0.5943560328288858
0.5887607533465872
0.5832290920914084
0.5777611841446841
0.5723580922796497
0.567021195573066
0.5617512345792387
0.5565471808978716
0.5514051586835279
0.5463176693109638
0.5412733490526187
0.5362574215118142
0.5312528985261279
0.5262424505466144
0.521210731884662
0.5161468326039029
0.5110464608005855
0.5059134541262124
0.500760285236998
0.4956073576519313
0.4904810690934097
0.4854108215060218
0.4804253475923174
0.47554886964404197
0.47079767982921655
0.4661777140341149
0.46168357884182265
0.45729929215151943
0.4530007345893437
0.4487595153522318
0.444547676146498
0.44034244044687426
0.436130113636656
0.431908296987793
0.42768582053684484
0.4234802195813685
0.41931312410154203
0.41520449640664797
0.4111670945296971
0.4072026989376278
0.4033013932219659
0.39944450015994565
0.39561074296610316
0.39178407668824716
0.38796077539790347
0.38415313862175965
0.380387841665429
0.3766984839873644
0.37311393518384967
0.3696459884386965
0.3662808332983912
0.3629783415026566
0.3596809711674795
0.35633073600377935
0.3528892652746952
0.3493538888170522
0.34576305847183736
0.34218758630320134
0.338709319147652
0.3353941290999342
0.33226922775850265
0.32931410460221594
0.32646958740525744
0.3236621972870534
0.3208341043816217
0.31796578593197644
0.3150808670598168
0.3122300999996091
0.3094610179348686
0.3067871244401564
0.3041718036334628
0.3015362552402076
0.2987898799162948
0.2958705256437338
0.29277620801734505
0.2895725740727381
0.2863708477335105
0.28328475686641647
0.2803854995999144
0.277675685823209
0.27509472098846705
0.2725526875562983
0.2699748693253227
0.26733289351592
0.2646456837058004
0.2619515670080485
0.2592721143462714
0.25659578640693065
0.25389743760087613
0.25118276657091065
0.24852232350790673
0.24603834847871114
0.24383742185119714
0.241926725910629
0.24017761657824682
0.23837908869309254
0.2363605570904214
0.2341021027251698
0.231745281960956
0.22948613233816
0.22742827638674978
0.22551623527382486
0.22360908816966338
0.2216319921576826
0.21966462179567597
0.2178729270194547
0.2163343040201171
0.21491719796028724
0.21334135176777316
0.21138430839648956
0.2090602253854114
0.2066140338117679
0.20433463065131077
0.2023446071182802
0.20053432325278583
0.19868161643639773
0.19665688455630337
0.1945597147676718
0.1926785341246887
0.1912728063773489
0.1903121585669993
0.189394897526426
0.18798682688635235
0.18584537184303931
0.18325159271306932
0.18078463788989926
0.17882597908409564
0.1772946239197937
0.17586625575856477
0.17436652331752625
0.17285666082951553
0.1713815328922864
0.16980714346524056
0.16800105932773157
0.16607763012116664
0.16432739948365274
0.16290575759655648
0.1616819601979181
0.1604122600992251
0.158998139825378
0.15754008019073912
0.15615470406763796
0.15477462912483558
0.15320257676492777
0.15142002600686194
0.14973348347763424
0.14843660126385674
0.14740009923045502
0.14624218001150233
0.14484502752882483
0.14339526912975956
0.1419853483621932
0.14056109200450953
0.13920102314598498
0.13804024110840762
0.13700184303960627
0.13595231865721544
0.1349189628918394
0.13387460405213863
0.13268271275324073
0.1314736413116746
0.1305461284509147
0.12973695418916537
0.12850767117142675
0.12679238028396672
0.12518467019680432
0.12415198897247591
0.12347126280205246
0.12255795421225461
0.12114600428028516
0.11956258152049157
0.11833191258957258
0.117453108202807
0.11631871036562197
0.11471842922913751
0.11339570673824663
0.11288165585489485
0.11253313875403001
0.1115668920711493
0.11018920236730644
0.10895337058275481
0.10781254840923142
0.10659346843432767
0.10558035227189692
0.10484150816447221
0.10409052436546243
0.1033048867651593
0.10246201312564349
0.10156346574642065
0.10067602677522855
0.09958440633993519
0.0984714448923565
0.09756478508357597
0.09661232573075182
0.0955202331197386
0.09428840005537323
0.09343129187203603
0.09291828770904723
0.09197857424270535
0.09123767675730252
0.09081961536577464
0.09000564066431273
0.08917333262937119
0.08836263739945625
0.08730661074818101
0.08649373141183012
0.08611755674281238
0.08561089816562106
0.08458780240133414
0.08336539325752722
0.08253056372701507
0.0820368764385602
0.08135538274620298
0.08048463333682543
0.07944603080882195
0.0786418213499883
0.0783052606319779
0.07719874646154598
0.07643185619212911
0.07608764717973623
0.07535721913214395
