-7.999300539598773
-7.999287523003019
-7.999274264184285
-7.99926075863544
-7.999247001765502
-7.999232988898071
-7.999218715269746
-7.999204176028506
-7.999189366232081
-7.999174280846224
-7.999158914743057
-7.999143262699301
-7.999127319394486
-7.999111079409187
-7.999094537223144
-7.999077687213403
-7.999060523652421
-7.999043040706081
-7.99902523243176
-7.9990070927762655
-7.998988615573816
-7.9989697945439255
-7.99895062328926
-7.99893109529351
-7.99891120391914
-7.998890942405136
-7.998870303864718
-7.99884928128301
-7.998827867514648
-7.998806055281352
-7.9987838371694595
-7.99876120562741
-7.998738152963171
-7.99871467134165
-7.998690752782004
-7.998666389154951
-7.998641572180007
-7.998616293422664
-7.998590544291544
-7.99856431603548
-7.998537599740532
-7.998510386326963
-7.998482666546173
-7.998454430977563
-7.998425670025301
-7.998396373915109
-7.998366532690931
-7.998336136211535
-7.9983051741471005
-7.998273635975694
-7.998241510979718
-7.998208788242246
-7.998175456643352
-7.9981415048563065
-7.998106921343767
-7.998071694353822
-7.998035811916056
-7.997999261837448
-7.997962031698244
-7.997924108847766
-7.997885480400082
-7.997846133229686
-7.997806053966999
-7.997765228993879
-7.997723644438961
-7.997681286172983
-7.99763813980398
-7.997594190672408
-7.997549423846205
-7.997503824115663
-7.9974573759883265
-7.997410063683724
-7.9973618711280245
-7.9973127819485805
-7.997262779468378
-7.997211846700396
-7.997159966341855
-7.997107120768332
-7.997053292027793
-7.996998461834545
-7.99694261156299
-7.996885722241357
-7.9968277745452525
-7.996768748791124
-7.9967086249295924
-7.996647382538666
-7.996585000816804
-7.996521458575925
-7.996456734234154
-7.996390805808601
-7.996323650907849
-7.996255246724416
-7.996185570027023
-7.996114597152735
-7.996042303998937
-7.99596866601521
-7.995893658195
-7.995817255067154
-7.99573943068732
-7.995660158629169
-7.995579411975451
-7.995497163308878
-7.99541338470289
-7.995328047712188
-7.995241123363096
-7.995152582143826
-7.995062393994437
-7.994970528296725
-7.994876953863842
-7.994781638929789
-7.994684551138644
-7.994585657533677
-7.994484924546193
-7.994382317984181
-7.994277803020792
-7.994171344182586
-7.9940629053375245
-7.9939524496827845
-7.993839939732368
-7.993725337304404
-7.993608603508307
-7.993489698731624
-7.993368582626687
-7.993245214097
-7.993119551283395
-7.9929915515499115
-7.992861171469383
-7.992728366808881
-7.992593092514727
-7.992455302697363
-7.992314950615869
-7.992171988662242
-7.992026368345311
-7.9918780402744565
-7.991726954142997
-7.99157305871119
-7.991416301789041
-7.991256630218734
-7.991093989856742
-7.990928325555607
-7.990759581145419
-7.990587699414926
-7.990412622092279
-7.99023428982548
-7.9900526421624285
-7.989867617530616
-7.989679153216449
-7.989487185344192
-7.989291648854532
-7.989092477482729
-7.9888896037364
-7.988682958872889
-7.9884724728761825
-7.988258074433459
-7.988039690911193
-7.987817248330808
-7.987590671343887
-7.987359883206954
-7.987124805755793
-7.986885359379235
-7.986641462992588
-7.98639303401046
-7.9861399883191835
-7.985882240248661
-7.985619702543783
-7.9853522863352175
-7.9850799011097955
-7.984802454680238
-7.984519853154435
-7.98423200090409
-7.983938800532845
-7.983640152843813
-7.983335956806498
-7.983026109523179
-7.982710506194617
-7.982389040085162
-7.982061602487274
-7.981728082685347
-7.981388367918892
-7.981042343345081
-7.9806898920006
-7.980330894762799
-7.979965230310188
-7.979592775082138
-7.979213403237988
-7.978826986615272
-7.978433394687299
-7.978032494519928
-7.977624150727593
-7.977208225428493
-7.976784578199048
-7.976353066027469
-7.975913543266564
-7.975465861585648
-7.975009869921612
-7.974545414429155
-7.974072338430054
-7.973590482361598
-7.973099683724095
-7.972599777027402
-7.972090593736547
-7.971571962216369
-7.9710437076751965
-7.97050565210752
-7.969957614235606
-7.969399409450152
-7.9688308497498515
-7.968251743679909
-7.96766189626943
-7.967061108967799
-7.966449179579834
-7.965825902199876
-7.965191067144697
-7.9645444608852225
-7.963885865977097
-7.963215060989965
-7.962531820435622
-7.961835914694801
-7.961127109942768
-7.960405168073593
-7.959669846623085
-7.958920898690453
-7.958158072858523
-7.957381113112675
-7.956589758758285
-7.955783744336818
-7.954962799540444
-7.954126649125185
-7.953275012822601
-7.952407605249913
-7.951524135818638
-7.950624308641658
-7.949707822438657
-7.948774370440046
-7.947823640289149
-7.9468553139428275
-7.945869067570346
-7.944864571450588
-7.943841489867527
-7.942799481003932
-7.941738196833277
-7.9406572830099025
-7.939556378757273
-7.93843511675441
-7.93729312302046
-7.936130016797271
-7.934945410430146
-7.93373890924652
-7.932510111432716
-7.9312586079086325
-7.929983982200415
-7.928685810311036
-7.927363660588786
-7.926017093593581
-7.924645661961199
-7.923248910265241
-7.921826374876921
-7.920377583822621
-7.918902056639112
-7.917399304226562
-7.915868828699138
-7.914310123233292
-7.912722671913624
-7.911105949576406
-7.909459421650549
-7.9077825439961975
-7.906074762740772
-7.90433551411252
-7.902564224271458
-7.900760309137802
-7.898923174217707
-7.8970522144264566
-7.895146813908918
-7.893206345857325
-7.891230172326373
-7.88921764404556
-7.887168100228695
-7.885080868380733
-7.882955264101683
-7.880790590887738
-7.878586139929524
-7.87634118990742
-7.874055006784072
-7.871726843593854
-7.869355940229455
-7.866941523225474
-7.864482805539025
-7.861978986327322
-7.859429250722263
-7.856832769601948
-7.854188699359176
-7.8514961816668265
-7.848754343240199
-7.845962295596241
-7.843119134809698
-7.8402239412661325
-7.837275779411819
-7.834273697500565
-7.831216727337361
-7.828103884018951
-7.824934165671252
-7.821706553183673
-7.818420009940311
-7.81507348154807
-7.811665895561659
-7.80819616120552
-7.804663169092709
-7.801065790940695
-7.797402879284214
-7.793673267185017
-7.789875767938751
-7.7860091747788385
-7.782072260577488
-7.778063777543828
-7.773982456919222
-7.769827008669817
-7.765596121176402
-7.761288460921502
-7.756902672174012
-7.7524373766711765
-7.7478911732981555
-7.7432626377651985
-7.738550322282489
-7.733752755232794
-7.728868440841964
-7.7238958588474365
-7.71883346416475
-7.71367968655237
-7.708432930274701
-7.703091573763631
-7.697653969278604
-7.692118442565446
-7.686483292514046
-7.680746790815074
-7.674907181615915
-7.668962681175986
-7.662911477521584
-7.656751730100613
-7.650481569437139
-7.644099096786309
-7.6376023837896
-7.6309894721307625
-7.624258373192725
-7.617407067715707
-7.610433505456783
-7.6033356048512415
-7.596111252676044
-7.5887583037156885
-7.581274580430824
-7.573657872629969
-7.565905937144713
-7.558016497508776
-7.549987243641336
-7.541815831535059
-7.5334998829492505
-7.525036985108563
-7.516424690407866
-7.50766051612359
-7.498741944132184
-7.489666420636269
-7.480431355898904
-7.471034123986697
-7.461472062522258
-7.451742472446767
-7.441842617793143
-7.431769725470687
-7.421520985061724
-7.411093548631195
-7.40048453054975
-7.389691007331352
-7.37871001748602
-7.367538561388762
-7.356173601165439
-7.344612060596602
-7.332850825040148
-7.320886741373889
-7.308716617959007
-7.296337224625515
-7.283745292680684
-7.270937514941807
-7.25791054579429
-7.244661001276311
-7.231185459191478
-7.2174804592505195
-7.203542503243583
-7.189368055244453
-7.17495354184803
-7.160295352442762
-7.145389839519283
-7.13023331901715
-7.114822070710983
-7.0991523386378965
-7.083220331567922
-7.0670222235190465
-7.050554154318909
-7.033812230214842
-7.016792524534345
-6.999491078397824
-6.981903901485782
-6.964026972862488
-6.9458562418582
-6.927387629012363
-6.908617027079799
-6.889540302102404
-6.870153294548599
-6.850451820523073
-6.830431673049259
-6.810088623427094
-6.7894184226686995
-6.768416803014637
-6.7470794795334825
-6.725402151807418
-6.703380505706876
-6.68101021525684
-6.658286944598055
-6.635206350045892
-6.6117640822501
-6.587955788458445
-6.56377711488742
-6.539223709203212
-6.514291223116253
-6.488975315092408
-6.463271653184475
-6.437175917986984
-6.410683805717946
-6.383791031430899
-6.356493332360609
-6.328786471406032
-6.300666240753897
-6.272128465646477
-6.2431690082970075
-6.213783771956212
-6.1839687051335375
-6.153719805976407
-6.123033126811039
-6.091904778848256
-6.060330937057567
-6.028307845212966
-5.995831821113564
-5.962899261982414
-5.929506650046524
-5.895650558301105
-5.861327656460988
-5.8265347171019535
-5.791268621994733
-5.755526368634034
-5.7193050769650515
-5.682601996309603
-5.6454145124937805
-5.607740155178908
-5.569576605397315
-5.530921703294078
-5.491773456075773
-5.452130046166813
-5.4119898395737405
-5.371351394457331
-5.330213469912206
-5.288575034953062
-5.246435277706151
-5.203793614804443
-5.160649700984049
-5.117003438879254
-5.072854989012656
-5.028204779976701
-4.983053518801683
-4.937402201505286
-4.891252123817417
-4.844604892073754
-4.797462434270327
-4.749827011270906
-4.701701228157784
-4.6530880457158545
-4.603990792038749
-4.55441317424496
-4.5043592902904495
-4.45383364086365
-4.402841141347118
-4.351387133829096
-4.299477399147001
-4.2471181689435
-4.194316137714303
-4.141078474825704
-4.087412836478147
-4.03332737759069
-3.9788307635796514
-3.9239321820030764
-3.8686413540411273
-3.8129685457804383
-3.7569245792691994
-3.7005208433075243
-3.6437693039359633
-3.5866825145832566
-3.529273625832251
-3.4715563947611816
-3.41354519381548
-3.3552550191631862
-3.2967014984852554
-3.237900898149687
-3.1788701297168247
-3.1196267557207857
-3.0601889946701455
-3.000575725209039
-2.940806489377895
-2.880901494910951
-2.82088161650615
-2.760768396000958
-2.7005840413860636
-2.6403514245873616
-2.5800940779449624
-2.5198361893168144
-2.4596025957330294
-2.399418775526213
-2.339310838862035
-2.2793055165935545
-2.2194301473625693
-2.1597126628708505
-2.100181571244166
-2.0408659384125807
-1.9817953674309434
-1.9229999756645801
-1.8645103697667542
-1.8063576183760945
-1.748573222464536
-1.6911890832690153
-1.6342374677434917
-1.577750971471512
-1.521762478983911
-1.4663051214312741
-1.4114122315662874
-1.3571172959972824
-1.303453904681481
-1.250455697633897
-1.1981563088363947
-1.146589307340773
-1.095788135569693
-1.0457860448303578
-0.9966160280675247
-0.9483107498953975
-0.9009024739614695
-0.8544229877099934
-0.8089035246284579
-0.7643746840768824
-0.7208663488172249
-0.6784076003787556
-0.6370266324145808
-0.5967506622247729
-0.5576058406429816
-0.5196171605052777
-0.48280836394305915
-0.4472018487653857
-0.4128185742205943
-0.3796779664519283
-0.3477978239873689
-0.3171942236298264
-0.2878814271399417
-0.25987178912998044
-0.2331756666136826
-0.2078013306828801
-0.18375488080738833
-0.16104016227972195
-0.13965868735040754
-0.11960956062264927
-0.10088940929701629
-0.08349231887666075
-0.06740977496179124
-0.05263061177777839
-0.03914096809437062
-0.02692425120351949
-0.015961109629855308
-0.006229415250601278
0.002295744499807739
0.00964206367142495
0.01584000342915637
0.0209227656311608
0.02492625373760049
0.027889020461596914
0.02985220161061264
0.030859435610267383
0.03095676825404503
0.03019254228205881
0.028617271460085192
0.026283498907030634
0.02324563950490699
0.019559806320598838
0.015283621073205467
0.010476008794750413
0.0051969769553021905
-0.0004926205438815501
-0.006531333964113095
-0.012857382214824575
-0.01940893037774316
-0.026124379251094787
-0.032942665723338926
-0.039803572608528626
-0.04664804639372466
-0.053418521164293686
-0.06005924678713903
-0.06651661924653496
-0.07273951084454211
-0.07867959779999367
-0.08429168260937825
-0.0895340083721381
-0.09436856213499478
-0.09876136417777026
-0.10268274005022171
-0.10610757207890309
-0.10901552699860861
-0.11139125632818025
-0.11322456610886444
-0.11451055265894095
-0.11524970107435628
-0.11544794332524688
-0.11511667296586658
-0.11427271369348713
-0.11293823926322855
-0.11114064259262779
-0.10891235227403318
-0.10629059515551997
-0.10331710415270479
-0.10003777101377764
-0.09650224437725008
-0.09276347413359431
-0.08887720382469677
-0.08490141358384307
-0.08089571692763453
-0.07692071555200553
-0.07303731714821016
-0.06930602213057124
-0.06578618604336572
-0.06253526527590836
-0.059608054546952616
-0.057055925405226304
-0.05492607571419228
-0.05326080072641748
-0.05209679688625535
-0.051464509907820144
-0.05138753893747783
-0.05188210870499521
-0.052956621474668175
-0.05461130030768313
-0.056837934621691844
-0.059619738267624456
-0.06293132932426726
-0.06673883952915105
-0.07100015971500806
-0.07566532580475815
-0.08067704784093532
-0.08597138220010958
-0.0914785445891182
-0.09712385866502427
-0.1028288322003661
-0.10851234967326029
-0.11409196705083513
-0.11948529141508235
-0.12461142502162037
-0.1293924504603945
-0.1337549308859458
-0.13763139689185877
-0.14096178961105732
-0.14369482812427048
-0.14578926834593098
-0.14721502031931077
-0.14795409137349758
-0.14800132394690912
-0.1473648991248071
-0.1460665801140939
-0.14414167400894584
-0.1416386952823414
-0.13861872043984214
-0.1351544301305312
-0.1313288426292658
-0.1272337508521879
-0.12296788377502565
-0.11863482208594167
-0.11434070688167708
-0.1101917889357047
-0.1062918742314789
-0.10273972874328052
-0.09962651153008384
-0.09703330975070745
-0.09502885188710763
-0.09366747597605318
-0.09298742773433855
-0.09300955890869389
-0.09373648884777452
-0.09515228212313787
-0.09722268206197349
-0.0998959244511406
-0.10310413770699878
-0.10676531588450722
-0.11078582955861549
-0.11506341751545968
-0.11949058012129132
-0.12395827407629678
-0.12835978896752032
-0.1325946696147806
-0.13657253566742966
-0.1402166422310822
-0.14346702336631179
-0.1462830648464193
-0.148645364130072
-0.15055675438371097
-0.15204239555957244
-0.15314886863064636
-0.15394224835603953
-0.15450517425278498
-0.15493298724060267
-0.15532904878811404
-0.15579940807940051
-0.15644702824100953
-0.15736582236786578
-0.15863478127357933
-0.1603124949871262
-0.1624323767122524
-0.16499888938227514
-0.1679850498093245
-0.17133144323244665
-0.1749469221997879
-0.17871108955992465
-0.18247857832363845
-0.1860850447764406
-0.18935468994128257
-0.19210902361477267
-0.19417649065414544
-0.19540249723148406
-0.19565931162941208
-0.19485527563546334
-0.1929427536509305
-0.18992427092282238
-0.18585635179518611
-0.18085066347503442
-0.17507219814030783
-0.16873438148615083
-0.16209117182847166
-0.15542640129760787
-0.14904079830901296
-0.14323730602630924
-0.1383054620892743
-0.13450571800617794
-0.13205464117926358
-0.13111194971260165
-0.1317702743171587
-0.1340484211335058
-0.13788872703833466
-0.14315886271294964
-0.14965816091861317
-0.15712824485327115
-0.16526742444518483
-0.17374803952562168
-0.18223568129343803
-0.19040903955914779
-0.19797902218568808
-0.20470578931398542
-0.2104124461726622
-0.2149943443544471
-0.2184232433864297
-0.22074596415353387
-0.22207759666607618
-0.22258977307774153
-0.22249494415108284
-0.22202796304707473
-0.22142654566020248
-0.22091230879796964
-0.22067406324438288
-0.22085484865131022
-0.22154384820284267
-0.2227738379892532
-0.22452425159654776
-0.22672933243685556
-0.2292902732500739
-0.23208977607251136
-0.23500717380998193
-0.23793218867690324
-0.24077559132362936
-0.2434754636959955
-0.24599841829882418
-0.24833590996951838
-0.25049658642502415
-0.2524963350722187
-0.25434816894910917
-0.25605424689575695
-0.2576020760130353
-0.2589662916290454
-0.26011641565710075
-0.26102979386780145
-0.2617076999731278
-0.262191595247824
-0.26257596707109876
-0.26301421038394324
-0.26371474560135066
-0.264925948738604
-0.26691033781038964
-0.2699105304289633
-0.2741113996110851
-0.2796042292234553
-0.2863591825306244
-0.294211845630417
-0.30286796605868904
-0.3119279464611022
-0.32092952706189415
-0.3294038835698281
-0.33693761924055465
-0.34323134879512285
-0.34814515103067656
-0.35172232141313664
-0.35418558361658103
-0.35590398417231306
-0.35733362859158735
-0.3589405339099905
-0.36111830166874004
-0.3641160769096894
-0.367992399436182
-0.37260736401843886
-0.3776588071699134
-0.38275867494140936
-0.3875349581360794
-0.39173522077434786
-0.39530292437942816
-0.39840027131430134
-0.4013625253846227
-0.4045875904866518
-0.4083868703045104
-0.41284231865180665
-0.4177223915209325
-0.42250032462351594
-0.4264904793264037
-0.4290779133414979
-0.42997508792670747
-0.42941379837872073
-0.4281843574998767
-0.4274737843883818
-0.42852291649862995
-0.4321976868793227
-0.4386225587034831
-0.4470270300316974
-0.4558972689029419
-0.4634168814287225
-0.4680607656446929
-0.46912433483599525
-0.46697009696715064
-0.46286847786117225
-0.45847204000061215
-0.45512761327841567
-0.45332292991149004
-0.4525297245275999
-0.4515435890255901
-0.44919356702928415
-0.44510348035987946
-0.4401296347424415
-0.4362191643730675
-0.4356905507946678
-0.4402208080662824
-0.4499958039442724
-0.4634455341327488
-0.47774200529126354
-0.48988426400795504
-0.497897779755367
-0.5015882488551808
-0.5024789823435318
-0.5029586144802645
-0.5050837710736049
-0.5096890621627583
-0.5163017738649591
-0.5238766853695083
-0.5318115409258573
-0.5404439082677026
-0.5505229703651562
-0.5619120204600803
-0.5725304370667583
-0.5786607874073519
-0.5769251239699944
-0.5668767242099078
-0.5522683139786766
-0.5395735928615597
-0.5342317525628735
-0.5370794512490242
-0.5437852348520629
-0.5480838739718461
-0.5465048107075328
-0.5407127384226609
-0.5352894173765401
-0.5327622739456199
-0.5304979885313621
-0.5228033363046354
-0.5068413079975418
-0.4869770885983087
-0.4729883177960952
-0.4729587354675342
-0.4867650545183304
-0.5059018582628285
-0.5199320908874148
-0.5241737067522205
-0.5224334263352102
-0.5228987735147665
-0.530548110104637
-0.541757424084989
-0.5454587687236119
-0.5313033308037589
-0.4999850211458998
-0.46700161837231313
-0.4537529185866349
-0.47061754270691747
-0.506937250101867
-0.5393418777310286
-0.5518188432532618
-0.5472047446166126
-0.5387748568524282
-0.533883885080825
-0.5299801671266717
-0.5251296791789759
-0.525199604805465
-0.5362055978358011
-0.5533183034794336
-0.5635504124929014
-0.5596032641144539
-0.5471011083245951
-0.5371411870299685
-0.5344172254720823
-0.5343652627082136
-0.5314765094878489
-0.5289188153950484
-0.5363071704825781
-0.5548233240233138
-0.5695584190687937
-0.5656894024418575
-0.549224469666223
-0.5392865479091693
-0.5421215244256334
-0.5483827547313078
-0.5533104085165954
-0.5597274256643381
-0.5634730675832094
-0.5571812863871068
-0.5447511340441631
-0.5333402967994143
-0.5214614289933603
-0.5106186114787361
-0.508546398983559
-0.5080573000619966
-0.4920087739027137
-0.46943673151326326
-0.471701666541942
-0.5033898476127563
-0.5298912335719006
-0.5228953116981607
-0.4950176763021892
-0.4815331237677096
-0.49931570529170877
-0.5287876673640053
-0.5372020452190771
-0.5240167794516681
-0.5276468939392007
-0.5621913085054402
-0.5798543878622491
-0.5450764994525592
-0.4992575050208341
-0.4947845677405862
-0.5188067876185922
-0.5341973447791863
-0.5439441649005845
-0.559974265381709
-0.5624319119667742
-0.5460734050519083
-0.5309210133153561
-0.5186370277263599
-0.5109496865605649
-0.5078686937739612
-0.504546064879202
-0.5171469833851638
-0.5322427811197272
-0.5324699984030934
-0.5368799984837276
-0.5528986285825592
-0.5808498188962634
-0.5801990655168741
-0.5525927715524865
-0.5596291738149803
-0.5512031506973427
-0.5166583343470332
-0.5150371785729426
-0.5155667145862317
-0.5149173890362677
-0.53587229666417
-0.5368775160106072
-0.5005115635672377
-0.47558055101652386
-0.49664161896263703
-0.5365821799150625
-0.5428862549354383
-0.5188377081502864
-0.5122686072164875
-0.5237995363398626
-0.551922682735988
-0.5590302462996233
-0.5222503807475984
-0.5596351499154943
-0.5653180444300014
-0.530248626117169
-0.5334348393210435
