-7.999200033332556
-7.9991851464486095
-7.999169982540955
-7.999154536455028
-7.999138802940364
-7.999122776648831
-7.999106452132794
-7.999089823843276
-7.999072886128076
-7.999055633229841
-7.999038059284114
-7.9990201583173475
-7.999001924244864
-7.9989833508688
-7.998964431875992
-7.998945160835847
-7.998925531198144
-7.9989055362908115
-7.998885169317672
-7.998864423356128
-7.998843291354804
-7.998821766131174
-7.998799840369093
-7.998777506616343
-7.998754757282074
-7.99873158463426
-7.998707980797042
-7.998683937748069
-7.998659447315781
-7.998634501176623
-7.998609090852227
-7.99858320770653
-7.998556842942846
-7.9985299876008735
-7.998502632553667
-7.99847476850453
-7.99844638598386
-7.998417475345938
-7.99838802676565
-7.998358030235163
-7.998327475560521
-7.998296352358185
-7.998264650051513
-7.998232357867175
-7.998199464831487
-7.998165959766704
-7.9981318312872105
-7.9980970677956735
-7.998061657479089
-7.998025588304806
-7.997988848016406
-7.9979514241295835
-7.997913303927885
-7.997874474458406
-7.9978349225274
-7.997794634695801
-7.99775359727467
-7.997711796320547
-7.997669217630734
-7.997625846738463
-7.9975816689080075
-7.997536669129682
-7.997490832114748
-7.997444142290242
-7.997396583793681
-7.9973481404677065
-7.997298795854588
-7.9972485331906675
-7.997197335400663
-7.9971451850918776
-7.997092064548323
-7.997037955724714
-7.996982840240346
-7.9969266993728665
-7.996869514051945
-7.996811264852815
-7.996751931989677
-7.996691495309013
-7.9966299342827565
-7.996567228001343
-7.996503355166633
-7.99643829408469
-7.996372022658452
-7.9963045183802395
-7.996235758324139
-7.996165719138248
-7.996094377036771
-7.996021707791969
-7.995947686725957
-7.995872288702371
-7.99579548811784
-7.995717258893345
-7.995637574465394
-7.995556407777026
-7.995473731268681
-7.995389516868862
-7.995303735984656
-7.995216359492065
-7.995127357726157
-7.995036700471049
-7.994944356949684
-7.994850295813435
-7.994754485131516
-7.994656892380194
-7.994557484431798
-7.994456227543537
-7.994353087346094
-7.9942480288320334
-7.994141016343969
-7.994032013562537
-7.99392098349413
-7.993807888458414
-7.993692690075617
-7.993575349253568
-7.993455826174528
-7.99333408028174
-7.993210070265762
-7.993083754050537
-7.992955088779207
-7.992824030799661
-7.992690535649829
-7.992554558042695
-7.992416051851039
-7.992274970091907
-7.992131264910767
-7.99198488756541
-7.991835788409539
-7.991683916876051
-7.99152922146001
-7.991371649701335
-7.991211148167139
-7.99104766243375
-7.990881137068419
-7.9907115156106805
-7.990538740553367
-7.990362753323278
-7.990183494261514
-7.990000902603429
-7.989814916458197
-7.989625472788075
-7.989432507387196
-7.989235954860049
-7.9890357485995285
-7.988831820764575
-7.988624102257451
-7.988412522700544
-7.988197010412789
-7.987977492385656
-7.987753894258662
-7.987526140294503
-7.987294153353661
-7.987057854868598
-7.9868171648174595
-7.986572001697311
-7.986322282496869
-7.986067922668752
-7.985808836101226
-7.98554493508942
-7.985276130306052
-7.985002330771581
-7.984723443823847
-7.984439375087158
-7.984150028440803
-7.9838553059870065
-7.983555108018287
-7.983249332984257
-7.982937877457778
-7.982620636100542
-7.982297501628005
-7.981968364773707
-7.981633114252926
-7.9812916367257
-7.980943816759165
-7.980589536789214
-7.98022867708149
-7.979861115691629
-7.979486728424845
-7.979105388794749
-7.978716967981431
-7.978321334788814
-7.977918355601219
-7.977507894339164
-7.977089812414354
-7.9766639686839
-7.976230219403679
-7.975788418180892
-7.975338415925751
-7.97488006080232
-7.974413198178475
-7.973937670574975
-7.973453317613617
-7.972959975964472
-7.972457479292209
-7.971945658201417
-7.971424340181003
-7.970893349547578
-7.970352507387853
-7.96980163150002
-7.969240536334074
-7.968669032931115
-7.968086928861563
-7.967494028162261
-7.9668901312725415
-7.9662750349690805
-7.965648532299685
-7.965010412515859
-7.96436046100425
-7.963698459216836
-7.963024184599939
-7.962337410521974
-7.961637906199951
-7.960925436624697
-7.960199762484786
-7.959460640089116
-7.958707821288203
-7.957941053394058
-7.95716007909871
-7.956364636391314
-7.955554458473842
-7.954729273675314
-7.953888805364546
-7.953032771861443
-7.952160886346722
-7.951272856770142
-7.950368385757128
-7.949447170513843
-7.948508902730615
-7.947553268483758
-7.9465799481357005
-7.9455886162334535
-7.944578941405357
-7.943550586256085
-7.942503207259901
-7.941436454652117
-7.940349972318741
-7.939243397684291
-7.938116361597733
-7.936968488216536
-7.935799394888798
-7.934608692033452
-7.933395983018456
-7.932160864037024
-7.930902923981813
-7.929621744317048
-7.928316898948583
-7.92698795409183
-7.9256344681375746
-7.924255991515603
-7.92285206655615
-7.9214222273491215
-7.919965999601063
-7.918482900489848
-7.916972438517071
-7.915434113358095
-7.913867415709736
-7.91227182713556
-7.9106468199087665
-7.908991856852603
-7.9073063911783334
-7.905589866320668
-7.903841715770694
-7.902061362906237
-7.900248220819619
-7.898401692142823
-7.896521168870014
-7.894606032177384
-7.892655652240309
-7.890669388047789
-7.8886465872141365
-7.8865865857878985
-7.884488708057995
-7.882352266357001
-7.880176560861642
-7.877960879390371
-7.875704497198094
-7.873406676767969
-7.871066667600269
-7.86868370599832
-7.866257014851438
-7.863785803414898
-7.861269267086893
-7.858706587182473
-7.856096930704438
-7.853439450111183
-7.8507332830815
-7.847977552276283
-7.845171365097132
-7.842313813441917
-7.839403973457192
-7.836440905287528
-7.833423652821724
-7.830351243435924
-7.827222687733611
-7.824036979282494
-7.820793094348297
-7.817489991625455
-7.814126611964711
-7.810701878097651
-7.807214694358171
-7.803663946400901
-7.800048500916612
-7.796367205344622
-7.792618887582216
-7.788802355691144
-7.784916397601194
-7.780959780810889
-7.776931252085376
-7.772829537151492
-7.768653340390126
-7.764401344525875
-7.7600722103140765
-7.755664576225285
-7.751177058127243
-7.74660824896446
-7.74195671843538
-7.737221012667374
-7.7323996538894955
-7.727491140103205
-7.722493944751099
-7.717406516383789
-7.7122272783250425
-7.706954628335293
-7.701586938273662
-7.696122553758632
-7.690559793827522
-7.684896950594917
-7.679132288910202
-7.6732640460143955
-7.667290431196461
-7.661209625449289
-7.655019781125535
-7.648719021593559
-7.642305440893667
-7.6357771033949025
-7.629132043452637
-7.622368265067203
-7.615483741543885
-7.608476415154495
-7.601344196800893
-7.594084965680722
-7.586696568955712
-7.5791768214229
-7.571523505189095
-7.56373436934902
-7.5558071296674605
-7.54773946826588
-7.539529033313912
-7.531173438726186
-7.522670263864927
-7.514017053248861
-7.5052113162688965
-7.496250526911127
-7.487132123487702
-7.477853508376144
-7.468412047767709
-7.458805071425386
-7.449029872452246
-7.4390837070707185
-7.428963794413588
-7.41866731632735
-7.408191417188769
-7.397533203735319
-7.386689744910419
-7.3756580717242075
-7.364435177130829
-7.353018015923036
-7.3414035046451325
-7.329588521525178
-7.317569906427461
-7.305344460826325
-7.292908947802376
-7.280260092062215
-7.267394579982854
-7.254309059681999
-7.241000141115421
-7.22746439620275
-7.213698358982925
-7.199698525800733
-7.185461355525807
-7.170983269805553
-7.156260653353487
-7.141289854274531
-7.126067184428867
-7.110588919835994
-7.094851301120647
-7.078850534002368
-7.062582789830469
-7.046044206166285
-7.029230887414554
-7.012138905505934
-6.9947643006326174
-6.97710308203912
-6.959151228870363
-6.940904691079221
-6.922359390395733
-6.903511221360313
-6.88435605242325
-6.864889727112937
-6.8451080652752445
-6.82500686438661
-6.804581900943335
-6.783828931929807
-6.762743696368255
-6.741321916952838
-6.719559301770834
-6.69745154611378
-6.674994334381509
-6.652183342081997
-6.629014237930074
-6.605482686048037
-6.581584348271306
-6.557314886562262
-6.5326699655354785
-6.507645255097618
-6.482236433205243
-6.4564391887439365
-6.43024922453199
-6.403662260452186
-6.376674036714959
-6.349280317256492
-6.321476893275122
-6.2932595869095795
-6.264624255062544
-6.2355667933729375
-6.2060831403405325
-6.176169281606237
-6.14582125439158
-6.115035152100793
-6.083807129088859
-6.052133405598871
-6.020010272872048
-5.987434098433501
-5.954401331557074
-5.920908508912145
-5.886952260395466
-5.852529315150859
-5.817636507779463
-5.78227078474318
-5.746429210963637
-5.710108976619052
-5.673307404140942
-5.636021955412627
-5.598250239171037
-5.55999001861333
-5.521239219209335
-5.481995936720621
-5.442258445426777
-5.4020252065589665
-5.361294876940582
-5.320066317834389
-5.278338603995155
-5.236111032926207
-5.193383134338062
-5.15015467980657
-5.1064256926275835
-5.0621964578645535
-5.017467532584786
-4.97223975627959
-4.926514261462586
-4.880292484440044
-4.8335761762460985
-4.786367413734917
-4.738668610821183
-4.690482529859205
-4.641812293150006
-4.592661394564925
-4.543033711273042
-4.492933515558729
-4.4423654867144915
-4.39133472299309
-4.339846753601668
-4.287907550719295
-4.235523541518134
-4.182701620166875
-4.129449159793741
-4.075774024384889
-4.021684580592474
-3.967189709424968
-3.9122988177908695
-3.8570218498650926
-3.8013692982456506
-3.7453522148664984
-3.6889822216305683
-3.632271520725162
-3.5752329045799627
-3.5178797654260716
-3.46022610441249
-3.4022865402344085
-3.3440763172258485
-3.285611312867088
-3.226908044655202
-3.167983676284292
-3.1088560230797686
-3.0495435566290485
-2.99006540854929
-2.930441373330618
-2.870691910191585
-2.8108381438816528
-2.750901864363917
-2.690905525309489
-2.6308722413333623
-2.5708257839003235
-2.510790575828011
-2.450791684312988
-2.3908548124049744
-2.331006288853265
-2.2712730562489174
-2.211682657385974
-2.152263219764704
-2.093043438160204
-2.0340525551799615
-1.9753203397350285
-1.9168770633504133
-1.858753474241892
-1.8009807690885475
-1.7435905624325736
-1.6866148536408474
-1.6300859913662595
-1.57403663545064
-1.5184997162156506
-1.4635083910932636
-1.4090959985530933
-1.3552960092904298
-1.302141974645842
-1.2496674722353518
-1.1979060487786617
-1.146891160122479
-1.096656108466382
-1.0472339768097285
-0.9986575606502166
-0.9509592969777305
-0.9041711906209109
-0.8583247380187116
-0.813450848505048
-0.7695797632112775
-0.7267409717089564
-0.684963126533856
-0.6442739557518795
-0.6047001737477968
-0.5662673904390854
-0.5290000191393389
-0.49292118331853807
-0.45805262253111945
-0.4244145978071403
-0.3920257968265535
-0.36090323922194933
-0.33106218238080576
-0.3025160281440522
-0.2752762308237422
-0.24935220698839178
-0.22475124749017095
-0.2014784322331602
-0.179536548206225
-0.15892601132767226
-0.13964479267095697
-0.12168834966162478
-0.105049562854723
-0.08971867891890728
-0.07568326046802998
-0.06292814339289166
-0.05143540235451294
-0.04118432510550374
-0.03215139630742847
-0.024310291509008763
-0.017631881942323346
-0.012084250781176031
-0.007632721487358829
-0.004239898845988854
-0.0018657232600798324
-0.0004675388367569866
-1.757523682144324e-7
-0.0004160473310061974
-0.0016652622103334735
-0.0036957518995048844
-0.006453413956495346
-0.009882270925818837
-0.013924645082353138
-0.01852134892280244
-0.023611891233094262
-0.02913469843790395
-0.035027350807711244
-0.041226832959659454
-0.04766979794137516
-0.05429284403252943
-0.06103280323789928
-0.06782704027894138
-0.07461376071955339
-0.08133232668690749
-0.0879235784714778
-0.09433016011331308
-0.10049684690593264
-0.10637087257710665
-0.11190225373929952
-0.11704410904427931
-0.12175297032874521
-0.1259890829037822
-0.12971669202332414
-0.13290431246870238
-0.13552497811111852
-0.13755646826460044
-0.13898150762227068
-0.13978793658171362
-0.13996884881443172
-0.13952269302288567
-0.13845333595962916
-0.13677008395934465
-0.13448766045885652
-0.13162613725441208
-0.1282108175716905
-0.12427206940300373
-0.11984510799862846
-0.11496972688501828
-0.10968997732042052
-0.10405379668640524
-0.09811258694879577
-0.09192074499921343
-0.08553514740365653
-0.07901459283032342
-0.07241920619748399
-0.065809809363917
-0.0592472639687287
-0.052791792801988535
-0.04650228683904434
-0.040435605785028805
-0.034645880635908455
-0.02918382735177527
-0.02409608123923679
-0.019424562034631165
-0.015205879950090484
-0.011470793071847396
-0.00824372646719329
-0.005542363146259888
-0.0033773166222994533
-0.0017518942062482168
-0.0006619593474859187
-9.590028571349052e-5
-3.471100535890059e-5
-0.0004521889847106664
-0.0013152525136623794
-0.002584378427751055
-0.004214158990520467
-0.0061539743752137
-0.008348774782130697
-0.010739963717729673
-0.013266371401651433
-0.015865304710322548
-0.018473657569690438
-0.021029063339777387
-0.02347106855944503
-0.025742305514470765
-0.027789639531244248
-0.02956526575751628
-0.031027729544961247
-0.03214284446530691
-0.032884482535304294
-0.03323521244902494
-0.03318676355915251
-0.032740296036604555
-0.03190646107586126
-0.030705239185613742
-0.029165549470826946
-0.027324628306185872
-0.0252271818277503
-0.02292432310597725
-0.02047231155708662
-0.017931118921358014
-0.015362852781708902
-0.01283007488751764
-0.010394057244653254
-0.008113023780883744
-0.0060404291421907175
-0.004223328573879748
-0.002700893662705539
-0.0015031277643489105
-0.0006498320582322137
-0.00014986825694407457
-7.570146598467886e-7
-0.0001886420695758062
-0.0006886392476195269
-0.0014655768705029715
-0.002475120169787459
-0.0036652574267517224
-0.0049781102450729975
-0.00635201521180484
-0.007723809871919229
-0.009031243138583278
-0.010215419710529972
-0.011223180480948614
-0.012009316960893912
-0.012538517974728158
-0.012786951753534836
-0.012743396317785205
-0.012409845752126003
-0.011801539435007946
-0.010946385023449245
-0.009883773252303385
-0.008662812346660331
-0.007340040757171984
-0.005976707472935772
-0.004635737633739367
-0.003378525745911354
-0.002261717696344867
-0.00133415426142669
-0.0006341514592653752
-0.00018728579312821125
-4.834563842592843e-6
-8.299296722213967e-5
-0.00040295129971479327
-0.0009318686697525891
-0.0016247262986492927
-0.002426986643898843
-0.0032779276433378968
-0.004114468255638215
-0.004875256272279138
-0.005504756149776746
-0.005957057031671376
-0.006199122152057868
-0.006213222336001856
-0.005998338874947606
-0.005570383593031636
-0.004961163621575615
-0.004216110689525543
-0.003390893415060603
-0.002547128624466488
-0.0017474957571250727
-0.0010506283547835338
-0.0005062004347076154
-0.00015063653647739983
-3.847940632795144e-6
-6.733246720536101e-5
-0.00032387338873185456
-0.0007389401933703965
-0.0012637398735186878
-0.0018397051181944235
-0.002404050757791154
-0.002895898735419067
-0.003262380989148106
-0.0034640928342035693
-0.0034792964243290925
-0.0033063683978342695
-0.0029641443893284602
-0.002490024351520681
-0.001935947573282526
-0.0013625994630528382
-0.0008324439633327074
-0.00040235520372622346
-0.00011672178189314764
-1.8958032343974196e-6
-6.274605842371273e-5
-0.0002818536054851606
-0.0006215768022688195
-0.0010288445001718216
-0.0014421558111976651
-0.0017999250934481736
-0.002049064694809921
-0.002152591404219528
-0.002095105980686185
-0.0018852367263937353
-0.0015545391516242901
-0.001152857940777352
-0.0007407141715001231
-0.0003797937773946103
-0.00012299290491668557
-5.6440660181067415e-6
-3.945286320394814e-5
-0.00021030769535990146
-0.0004805212329870301
-0.0007953074615505429
-0.0010925153716723202
-0.0013139741464796018
-0.0014163945261449484
-0.0013797233920760377
-0.0012112105755930358
-0.000944187884539538
-0.0006315673991226234
-0.0003351561461713004
-0.00011283382286464416
-6.228964593013586e-6
-3.1589641292129045e-5
-0.0001760092449947237
-0.0004000970941779869
-0.0006467714453934903
-0.000854398469515516
-0.0009713512012838876
-0.0009685309863716185
-0.000846676931251622
-0.0006363980111752099
-0.00039059538782471037
-0.00017090626964666455
-3.149196422747025e-5
-4.421670828591573e-6
-9.073369963896738e-5
-0.00025992291233745135
-0.0004583725074738254
-0.0006246824725542055
-0.0007076779876831196
-0.0006818084265765023
-0.0005551147900142439
-0.00036695988722712514
-0.00017579238796905372
-4.0456743557015784e-5
-9.062484078725674e-7
-6.474268972755937e-5
-0.00020441831885076311
-0.00036653266728059464
-0.0004904679269079892
-0.0005300728642900765
-0.0004705975651813077
-0.00033437024780180735
-0.00017258079470838794
-4.574456499106816e-5
-3.3830345635976755e-8
-4.8762111414468734e-5
-0.00016677592937597296
-0.0003006263785829688
-0.0003909015675507277
-0.0003976497616617891
-0.00031791669201020056
-0.000187265587038965
-6.391804346783658e-5
-2.0930903881222207e-6
-2.6594697929205324e-5
-0.00012082921487444054
-0.00023463318098038144
-0.00030886409673147597
-0.0003050739791721213
-0.00022527816302364556
-0.00011110694044269565
-2.1943075347863328e-5
-2.987291392031466e-6
-6.038575227673704e-5
-0.00015761387444523933
-0.000236036817446994
-0.00024871984863938934
-0.00018810120734880087
-9.068856278648951e-5
-1.4993282886344161e-5
-5.333229536219619e-6
-6.380816480433538e-5
-0.00014878511027038854
-0.00020193101507004485
-0.00018692712339429818
-0.00011411138647687835
-3.352502466391627e-5
-8.281225483131038e-9
-3.41502910172764e-5
-0.00010725925756371879
-0.00016236589877483
-0.00015686925413582742
-9.508004953495686e-5
-2.4997637869894618e-5
-5.200988066889067e-7
-3.8168357437307066e-5
-0.00010350355137589418
-0.00013963555201090827
-0.00011526138571227307
-5.1621167066251417e-5
-4.0148929931760335e-6
-1.267893735068526e-5
-6.637520071439695e-5
-0.00011266154679567819
-0.00010689521530782287
-5.469999783969115e-5
-6.564570013800619e-6
-8.21375842541272e-6
-5.4879576309119216e-5
-9.613471404179563e-5
-8.802016010189817e-5
-3.924857470316567e-5
-1.878383772080383e-6
-1.4737087717264785e-5
-6.054698152446747e-5
-8.536898377542457e-5
-6.0197180980381404e-5
-1.4574866110450557e-5
-1.6740730304221074e-6
-3.45323947570364e-5
-7.024709805580898e-5
-6.319953771782849e-5
-2.2448872880609372e-5
-1.0677615236431848e-8
-2.3164933152131084e-5
-5.851996258421366e-5
-5.699477698950517e-5
-2.0756102952823596e-5
-2.489789263648845e-8
-2.2246012782112246e-5
-5.297097338630152e-5
-4.613822871224471e-5
-1.20366153781859e-5
-1.6093981765052945e-6
-2.875542775804263e-5
-4.9071257762101084e-5
-2.984993784949097e-5
-2.103453791590937e-6
-9.981997244778995e-6
-3.81782044689416e-5
-3.7880301886339396e-5
-9.648619704982764e-6
-2.0599119938680133e-6
-2.6578590463621765e-5
-3.757989611763435e-5
-1.4846778497279445e-5
-1.9887375124483242e-7
-1.949365995557173e-5
-3.4231164554476834e-5
-1.5589776420021906e-5
-3.53450202439376e-8
-1.7061837077392283e-5
-3.059756205114894e-5
-1.2597752291121367e-5
-3.39685356287589e-7
-1.8188150122888658e-5
-2.6487369964023344e-5
-7.099716952119195e-6
-2.3381775875463973e-6
-2.1228283048735364e-5
-1.995751953121072e-5
-1.4834316619527499e-6
-7.994606823658046e-6
-2.2563721451263063e-5
-9.910821922254343e-6
-5.927377966230551e-7
-1.6172993698937432e-5
-1.6803686427202535e-5
-9.116392050145805e-7
-8.331673461370315e-6
-1.849230592121387e-5
-4.530562466520394e-6
-3.1942791540728876e-6
-1.6735294299685677e-5
-7.763201101518291e-6
-9.136336878157181e-7
-1.4118447368538511e-5
-9.363389529504218e-6
-2.2128122800779693e-7
-1.2104035827853465e-5
-9.448961516334009e-6
-1.0944901429610354e-7
-1.1101492485288134e-5
-8.384725656895853e-6
-2.6025543231611437e-7
-1.0936651245074813e-5
-6.375015663806494e-6
-9.406102448039633e-7
-1.10257056498142e-5
-3.640843837082741e-6
-2.6893491824608873e-6
-1.0331735947666232e-5
-9.614545257718987e-7
-5.6267583357083595e-6
-7.684181409395308e-6
-6.403623142858805e-8
-8.360866865508854e-6
-3.2002572885048153e-6
-2.5653001465286707e-6
-7.88582476829447e-6
-5.59048496384662e-8
-6.736568015419664e-6
-3.176875254418121e-6
-2.2731319297975006e-6
-6.625033606155739e-6
-1.1194852156393154e-8
-6.581602883137805e-6
-1.2981339052586804e-6
-3.911792287425442e-6
-3.903376210701026e-6
-1.2394491371026106e-6
-5.5657740345438356e-6
-5.164017391479092e-8
-5.650076365881773e-6
-2.744601568238636e-7
-4.690333384793632e-6
-1.1630299923126586e-6
-3.4424050454617827e-6
-2.0727956036026285e-6
-2.382173747150773e-6
-2.6995004143159917e-6
-1.6661623680747084e-6
-2.9940901233871386e-6
-1.2738794401556675e-6
-3.011262950103344e-6
-1.1400858159760219e-6
-2.8088829733263765e-6
-1.2214025764123448e-6
-2.4124878628128954e-6
-1.5050314594589054e-6
-1.8295880437335654e-6
-1.9739353751546673e-6
-1.103127425849948e-6
-2.537696725646299e-6
-3.896220235333203e-7
-2.9588841403693777e-6
-5.302799088724441e-9
-2.867305680887e-6
-3.1293184488134784e-7
-2.0043863742102985e-6
-1.3411940766872021e-6
-6.903504443656061e-7
