0.07999666674436409
0.08073754854460866
0.08148529077795592
0.08223995693753831
0.08300161110389907
0.08377031794875563
0.0845461427422363
0.08532915135715316
0.0861194102747353
0.08691698659053038
0.08772194802016525
0.08853436290419503
0.08935430021506482
0.09018182956181699
0.09101702119699925
0.09185994602109171
0.09271067558983853
0.09356928212013993
0.09443583849513822
0.09531041827109762
0.09619309568390881
0.09708394565378996
0.09798304379382025
0.0988904664140973
0.09980629053013101
0.1007305938669619
0.10166345486808522
0.10260495270084742
0.10355516726265852
0.10451417918851508
0.10548206985732488
0.1064589213989792
0.10744481670093167
0.10843983941562216
0.10944407396667606
0.11045760555639547
0.11148052017324141
0.11251290459854342
0.1135548464139136
0.11460643400844349
0.11566775658605276
0.11673890417333425
0.11781996762670283
0.11891103863977175
0.12001220975175685
0.121123574354067
0.1222452266992444
0.1233772619078835
0.12451977597768435
0.1256728657894515
0.12683662911776938
0.12801116463659837
0.12919657192926948
0.1303929514960869
0.13160040476257703
0.13281903408815177
0.1340489427741732
0.13529023507326482
0.136543016196997
0.1378073923257259
0.1390834706163274
0.14037135921156496
0.1416711672490926
0.14298300487012675
0.14430698322924249
0.145643214502642
0.14699181189828484
0.1483528896642672
0.1497265630989306
0.15111294856066282
0.1525121634766604
0.15392432635274622
0.15534955678348272
0.15678797546214593
0.15823970419011046
0.15970486588669416
0.16118358460016946
0.1626759855171462
0.16418219497304914
0.165702340462533
0.16723655064960552
0.16878495537871824
0.17034768568477893
0.171924873804155
0.17351665318555345
0.17512315850063484
0.1767445256550305
0.1783808917994677
0.18003239534111837
0.1816991759541829
0.18338137459216255
0.1850791334985245
0.1867925962184074
0.188521907610657
0.19026721385881795
0.1920286624836178
0.19380640235445623
0.1956005837015444
0.19741135812799335
0.19923887862190467
0.20108329956883622
0.202944776764279
0.20482346742577515
0.20671953020577427
0.20863312520433452
0.21056441398175027
0.21251355957178109
0.21448072649415004
0.21646608076815926
0.21846978992546093
0.22049202302363857
0.2225329506595469
0.22459274498263498
0.22667157970908336
0.22876963013472906
0.23088707314963516
0.23302408725173993
0.23518085256067453
0.2373575508321899
0.2395543654724149
0.24177148155200914
0.24400908582079545
0.24626736672228536
0.24854651440815104
0.2508467207535372
0.2531681793714353
0.2555110856278271
0.25787563665678276
0.26026203137606674
0.26267047050181347
0.26510115656431027
0.26755429392367164
0.2700300887852456
0.27252874921538267
0.27505048515747826
0.27759550844802555
0.2801640328322262
0.2827562739804938
0.28537244950519935
0.28801277897610733
0.2906774839378533
0.2933667879260079
0.29608091648379353
0.29882009717951613
0.3015845596225967
0.30437453548153925
0.3071902585005617
0.31003196451684994
0.3128998914784097
0.31579427946082345
0.3187153706854833
0.3216634095369612
0.3246386425809467
0.32764131858184653
0.3306716885211764
0.3337300056153901
0.3368165253341333
0.3399315054186916
0.3430752058999817
0.34624788911748083
0.34944981973768974
0.3526812647725511
0.35594249359850827
0.35923377797521877
0.3625553920647251
0.36590761245002196
0.36929071815471837
0.3727049906618864
0.3761507139335282
0.37962817442979624
0.38313766112871833
0.3866794655453609
0.3902538817517227
0.39386120639637767
0.39750173872393657
0.401175780595389
0.4048836365074918
0.40862561361289873
0.41240202174031293
0.4162131734143461
0.4200593838756521
0.4239409711011893
0.427858255824498
0.43181156155571143
0.43580121460208865
0.4398275440882307
0.4438908819765271
0.4479915630875598
0.4521299251204709
0.45630630867334476
0.46052105726387893
0.46477451734981506
0.46906703834911245
0.47339897266087716
0.47777067568554715
0.4821825058455485
0.48663482460562135
0.49112799649322403
0.4956623891191841
0.5002383731978469
0.5048563225673834
0.5095166142105427
0.5142196282741542
0.5189657480900138
0.5237553601945237
0.5285888543491642
0.5334666235599771
0.5383890640978505
0.5433565755180679
0.5483695606800686
0.5534284257670403
0.5585335803052494
0.5636854371832715
0.5688844126714959
0.5741309264406561
0.5794254015809857
0.584768264620748
0.5901599455447658
0.5956008778125631
0.6010914983765111
0.6066322476997693
0.6122235697735942
0.6178659121349966
0.6235597258835848
0.6293054656985609
0.6351035898550201
0.6409545602404155
0.6468588423701689
0.6528169054034575
0.6588292221582719
0.6648962691262437
0.6710185264871621
0.6771964781228839
0.6834306116310275
0.6897214183380928
0.6960693933121268
0.7024750353749767
0.7089388471139799
0.7154613348931965
0.72204300886387
0.7286843829746946
0.7353859749811726
0.7421483064544148
0.7489719027894817
0.7558572932127493
0.7628050107889126
0.7698155924269626
0.7768895788856467
0.7840275147779928
0.7912299485750998
0.7984974326090845
0.8058305230751674
0.8132297800328012
0.8206957674058978
0.8282290529821215
0.8358302084111382
0.843499809201743
0.85123843471814
0.8590466681748059
0.8669250966305052
0.8748743109808466
0.8828949059497032
0.8909874800794539
0.8991526357197525
0.9073909790149618
0.9157031198902394
0.9240896720361043
0.9325512528914928
0.9410884836252839
0.9497019891161806
0.9583923979308695
0.9671603423007054
0.976006458096239
0.9849313848002446
0.9939357654786456
1.0030202467495806
1.0121854787504954
1.0214321151029777
1.0307608128756567
1.0401722325447704
1.0496670379524449
1.059245896262648
1.0689094779147597
1.0786584565746264
1.0884935090828831
1.0984153154008087
1.1084245585534902
1.1185219245698719
1.1287081024202004
1.1389837839502983
1.1493496638128855
1.159806439395565
1.1703548107456925
1.1809954804918064
1.1917291537615913
1.2025565380962893
1.2134783433614444
1.224495281653862
1.2356080672046974
1.2468174162785235
1.258124047068298
1.269528679586056
1.2810320355493958
1.2926348382632675
1.3043378124973404
1.3161416843586067
1.3280471811589922
1.3400550312781745
1.3521659640210657
1.3643807094701534
1.3766999983323578
1.3891245617803227
1.4016551312879886
1.4142924384601405
1.4270372148562769
1.4398901918077962
1.4528521002291952
1.4659236704224874
1.4791056318750362
1.4923987130504202
1.5058036411722133
1.5193211420005392
1.5329519396011364
1.546696756106819
1.5605563114709915
1.5745313232131808
1.5886225061562937
1.6028305721554208
1.6171562298179134
1.6316001842145245
1.6461631365815113
1.6608457840132866
1.6756488191455041
1.6905729298283212
1.70561879878954
1.7207871032875028
1.7360785147532614
1.751493698422099
1.7670333129537856
1.782698010041577
1.7984884340095366
1.8144052213979243
1.830449000536463
1.8466203911050159
1.8629200036816118
1.8793484392773419
1.895906288857912
1.9125941328514882
1.9294125406426466
1.9463620700519608
1.9634432668010116
1.980656663962459
1.9980027813948773
2.015482125161964
2.033095186935854
2.0508424433841888
2.0687243555405
2.0867413681577496
2.1048939090444603
2.1231823883833054
2.141607198031526
2.1601687108031333
2.1788672797322293
2.1977032373173557
2.216676894746211
2.235788541100689
2.2550384425415335
2.274426841472501
2.2939539556835418
2.3136199774725634
2.3334250727455434
2.353369380094494
2.3734530098529554
2.3936760431286155
2.414038530812747
2.43454049256593
2.4551819157799
2.475962754514997
2.4968829284129113
2.51794232158432
2.5391407814711315
2.560478117682958
2.581954100807407
2.6035684611939462
2.62532088771099
2.6472110264758255
2.669238479557179
2.69140280364999
2.7137035087222596
2.7361400566335425
2.758711859724956
2.7814182793803877
2.804258624558691
2.827232150296653
2.850338056182612
2.8735754848004254
2.8969435201438047
2.9204411860007444
2.9440674443081014
2.967821193476097
2.9917012666828957
3.015706430139055
3.0398353813220673
3.064086747180919
3.088459082310842
3.1129508670984225
3.1375605058371714
3.1622863248139086
3.1871265703661393
3.2120794069108385
3.237142914944982
3.2623150890182906
3.2875938356787158
3.31297697139119
3.3384622204303467
3.3640472127477987
3.3897294818149626
3.4155064624420164
3.4413754885741947
3.4673337910662454
3.493378495436296
3.519506619600259
3.545715071588081
3.572000647243336
3.598360027907517
3.6247897780908276
3.651286343131063
3.6778460468425194
3.7044650891569226
3.7311395437584745
3.7578653557152246
3.784638339109311
3.811454174668389
3.8383084074011924
3.865196444239889
3.892113551692352
3.9190548535075136
3.946015328357139
3.972989807537665
3.9999729726956934
4.026959353581237
4.053943325832701
4.080919108798089
4.107880763396873
4.134822190027344
4.161737126524506
4.188619146173634
4.215461655785086
4.242257893835995
4.269000928684898
4.295683656865428
4.322298801465695
4.3488389105999525
4.375296355979718
4.401663331591591
4.4279318524893325
4.454093753708205
4.480140689309543
4.506064131564261
4.531855370283845
4.557505512308001
4.583005481158352
4.608346016867748
4.633517675995228
4.658510831836946
4.683315674843547
4.707922213254929
4.732320273963601
4.756499503618031
4.780449369977806
4.804159163532633
4.827617999397504
4.8508148194965885
4.873738395048731
4.8963773293676125
4.918720060989912
4.940754867144955
4.962469867579625
4.983853028752382
5.0048921684105
5.025574960564619
5.0458889408750025
5.065821512463749
5.085359952167427
5.104491417244492
5.123202952551887
5.14148149820508
5.159313897735749
5.17668690676112
5.1935872021787
5.210001391900023
5.225916025136486
5.241317603250128
5.256192591181695
5.270527429467739
5.284308546857973
5.297522373543389
5.310155355004849
5.322193966491027
5.333624728133613
5.344434220706646
5.354609102035684
5.364136124061216
5.373002150559461
5.381194175522021
5.388699342194436
5.395504962771819
5.401598538747891
5.406967781911816
5.411600635984957
5.41548529888751
5.418610245622443
5.420964251761653
5.422536417516459
5.423316192371687
5.423293400259577
5.422458265246456
5.42080143770186
5.418314020916183
5.414987598129285
5.4108142599286495
5.405786631971713
5.399897902982794
5.393141852970845
5.385512881609777
5.377006036718578
5.367617042773781
5.357342329382055
5.346179059635842
5.334125158269944
5.321179339532027
5.307341134674884
5.2926109189731765
5.276989938162365
5.260480334192341
5.2430851701833285
5.224808454466596
5.205655163587719
5.185631264145418
5.164743733334441
5.143000578056718
5.120410852460975
5.096984673767223
5.072733236229294
5.047668823085591
5.021804816345766
4.995155704259172
4.967737086309532
4.939565675579631
4.9106592983298585
4.881036890635268
4.850718491927507
4.819725235290551
4.788079334362813
4.755804066702913
4.722923753482078
4.689463735373366
4.655450344516078
4.62091087244342
4.58587353387263
4.550367426269279
4.514422485111526
4.478069434795912
4.441339735143463
4.40426552348394
4.366879552316672
4.329215122568904
4.291306012496593
4.253186402298416
4.214890794541304
4.176453930524867
4.137910702742797
4.099296063631609
4.060644930830625
4.021992089211971
3.983372089975475
3.9448191471401954
3.9063670318020938
3.8680489645655367
3.829897506594846
3.7919444497705124
3.754220706472712
3.716756199552228
3.679579753084998
3.642718984541217
3.606200199032722
3.570048286332516
3.5342866213875856
3.49893696906998
3.4640193939306876
3.4295521757359753
3.3955517315755643
3.362032545336089
3.3290071053307146
3.2964858508663193
3.2644771285125946
3.232987158812066
3.2020200141360684
3.1715776083486085
3.141659698887217
3.112263901807106
3.083385720262054
3.0550185868118294
3.0271539198520796
2.999781194358012
2.972888027018527
2.946460275712569
2.9204821531452465
2.8949363543182876
2.869804197358332
2.8450657770688195
2.8207001304078783
2.79668541292724
2.7729990850374913
2.749618106795081
2.7265191397382993
2.7036787541356686
2.6810736398532145
2.6586808188998923
2.6364778575758385
2.6144430760292936
2.592555752928255
2.570796322875238
2.5491465641413487
2.527589774272444
2.5061109311283767
2.484696836959222
2.4633362432026207
2.4420199538060303
2.4207409050388
2.3994942199626466
2.3782772359762285
2.3570895041397417
2.3359327593181143
2.314810860554731
2.2937297014986835
2.2726970911537423
2.251722605691717
2.23081741257034
2.2099940687094173
2.1892662950003
2.168648729943365
2.1481566657157884
2.1278057704563227
2.1076118010027067
2.087590310718558
2.0677563573869278
2.048124216414446
2.0287071047703225
2.0095169211665267
1.9905640079582558
1.9718569400977222
1.9534023462017565
1.9352047663895287
1.9172665510081053
1.8995878036914757
1.882166371397326
1.8649978831433693
1.8480758381340185
1.8313917428453075
1.8149352954426485
1.7986946146676621
1.7826565090768758
1.7668067812799955
1.7511305606452654
1.7356126568532295
1.7202379257284286
1.7049916380016776
1.6898598410932058
1.6748297036959772
1.6598898329114593
1.6450305539738206
1.630244143211889
1.6155250058509905
1.6008697915476386
1.5862774421655386
1.5717491682146958
1.5572883525456727
1.542900382263332
1.5285924123300505
1.514373066885769
1.5002520868291278
1.4862399345793453
1.4723473690662665
1.4585850057688714
1.4449628779362613
1.431490015884266
1.4181740613834337
1.4050209335780839
1.3920345615640208
1.3792166966967943
1.3665668149298245
1.3540821160560248
1.3417576227500223
1.3295863779216215
1.3175597342713352
1.305667725293355
1.2938995025319526
1.2822438199097999
1.2706895426592986
1.2592261560373732
1.2478442478004916
1.2365359385278407
1.225295235416636
1.214118288172977
1.2030035300396786
1.1919516927030303
1.1809656905737265
1.1700503774222193
1.1592121861629756
1.1484586702583808
1.1377979722427334
1.1272382507303746
1.1167871014739599
1.1064510101466047
1.0962348742049521
1.0861416282588123
1.0761720018089898
1.0663244301956385
1.056595129508708
1.0469783346356536
1.0374666873256078
1.0280517490395833
1.0187246024208365
1.009476496453827
1.000299484702456
0.9911870041780848
0.9821343448779538
0.9731389670130469
0.9642006341774227
0.9553213455458317
0.9465050675608961
0.9377572840660984
0.9290844017765391
0.9204930635529021
0.9119894333995038
0.903578522926734
0.8952636281134473
0.88704593709013
0.8789243545855064
0.8708955676806394
0.8629543524162596
0.8550940940845949
0.8473074686418983
0.8395872116917079
0.8319268877947552
0.8243215687496956
0.816768336290784
0.8092665424435603
0.801817788227463
0.7944256157370572
0.7870949458942379
0.7798313295464556
0.7726401080515238
0.7655255964507367
0.7584904043822162
0.7515349954555446
0.744657555631088
0.7378541984361803
0.7311194851022192
0.7244471881071841
0.7178311850715916
0.7112663439049868
0.7047492551511529
0.698278686254201
0.6918556737588613
0.6854832279724801
0.6791656914214644
0.6729078561554792
0.6667139936001207
0.6605869738450861
0.6545276424101772
0.648534580677496
0.6426043068176058
0.6367318888286088
0.6309118563934448
0.6251392313970405
0.6194104638587946
0.6137240707173686
0.60808083066109
0.6024834802847149
0.5969359672670181
0.591442420849841
0.5860060734040251
0.5806283889807533
0.5753086157663356
0.570043883952068
0.5648298382932827
0.5596616567686474
0.5545351991585074
0.5494479834346909
0.5443997212436882
0.5393922537221685
0.5344288905622443
0.5295133262613517
0.5246484383910203
0.5198353210686633
0.5150728511293466
0.5103579335034161
0.5056863658440883
0.5010540622861174
0.49645824830280144
0.49189823142076333
0.48737547831434064
0.4828929549670041
0.47845394190285945
0.47406073207538935
0.46971367886899223
0.4654109526875732
0.4611491142343801
0.45692430550972574
0.4527336111451825
0.44857605642204135
0.44445283209448083
0.4403666357781495
0.4363203835943551
0.4323158238027563
0.4283526487082557
0.4244285066903146
0.420539929723439
0.41668377502658366
0.41285852434534215
0.4090648246071295
0.4053049931150728
0.4015817057788418
0.3978965026408834
0.39424886333314024
0.39063634157378835
0.3870557115420838
0.3835045364020999
0.3799823160468792
0.37649057032397654
0.37303178790017355
0.3696078182827581
0.3662186320968062
0.36286219256284236
0.35953553914101255
0.3562364433089138
0.35296461377980926
0.34972167556665446
0.34650991126207126
0.3433305678618935
0.3401828543509341
0.33706432699062905
0.33397242279453826
0.3309060821516561
0.3278662978446823
0.32485516874703235
0.32187413226639844
0.31892269544317553
0.3159986494920901
0.31309962780308626
0.31022479306374623
0.30737529082867654
0.30455307381482416
0.3017590517649121
0.29899213008849856
0.2962499853930206
0.2935309250639357
0.2908351838529817
0.28816446679959523
0.28552013251103564
0.28290170575484036
0.2803071496110765
0.277734660358156
0.2751842313596309
0.2726574072742677
0.2701554524425308
0.2676778163909581
0.2652225251118281
0.26278810519009205
0.26037495781291314
0.2579846468574057
0.2556178770118131
0.25327346752948104
0.25094953345185805
0.24864550061431934
0.24636253373250905
0.24410183296902035
0.24186289605688158
0.2396439464289316
0.23744400114445557
0.23526389268010142
0.23310487565474072
0.23096667414117575
0.22884764210183126
0.2267468339637303
0.22466507230505806
0.22260346835294878
0.2205615341964728
0.21853768391103254
0.21653138729327848
0.21454369275706264
0.21257529525308191
0.21062518187178478
0.20869202901407136
0.20677609380035722
0.20487847790875888
0.20299898554588855
0.20113621606104742
0.1992897399781754
0.19746054860773482
0.19564897158090372
0.19385381871995314
0.19207432211877157
0.19031126896078143
0.1885651856578863
0.18683505036705722
0.18512003559862422
0.18342084349773857
0.1817379644554695
0.1800703965217269
0.17841745820091331
0.17677990387739473
0.1751579855818767
0.17355063074677532
0.17195751757847066
0.17037945781466152
0.1688162429820616
0.16726684809020734
0.16573150660690317
0.16421081678346755
0.16270401241265536
0.1612105327974692
0.1597310604992469
0.15826549258760256
0.15681291463111469
0.1553736153662382
0.15394799083450342
0.152535206335952
0.15113510593464236
0.14974827828135537
0.14837413690182258
0.14701223658253026
0.14566316392013942
0.14432655030545583
0.14300182570960873
0.14168951779505917
0.1403893700511671
0.13910079898872288
0.13782429131800109
0.1365595902805254
0.13530617638756115
0.13406452232944746
0.13283427695684016
0.1316150656264214
0.1304073295292619
0.1292105720436892
0.12802465975926008
0.12684990169663754
0.12568570273934923
0.12453222912554
0.12338949071605541
0.12225699511012843
0.12113509756639389
0.12002342727451054
0.11892187037508394
0.11783061708918728
0.11674916562129076
0.11567778780660568
0.11461620370555813
0.11356428723802765
0.11252217921096035
0.11148945021544501
0.11046636329242791
0.10945255671791317
0.10844808991211181
0.10745287695588163
0.10646670390107245
0.10548971143064144
0.10452153915059065
0.10356239470526424
0.10261192628169155
0.101670281955464
0.10073720574823024
0.09981273834903714
0.09889673405028214
0.09798913603484917
0.09708988364659617
0.09619885535947402
0.09531604067193655
0.09444128673704748
0.09357460298224407
0.09271583172168328
0.09186497913796339
0.09102190320905644
0.09018658813012916
0.08935892504116848
0.08853885960142413
0.08772633120475784
0.08692123439972772
0.08612356483293034
0.08533316510098281
0.08455007763874023
0.08377411553308119
0.08300533105273826
0.08224355796147612
0.08148879995093879
0.08074096831151772
