0.13118270807002114
0.13239765166075612
0.13362384560851287
0.1348613940392691
0.13611040204332475
0.13737097568178464
0.13864322199684706
0.13992724901724024
0.14122316577387997
0.14253108230064554
0.14385110965206854
0.1451833599064343
0.14652794617786807
0.14788498262618904
0.1492545844651979
0.1506368679720365
0.15203195049959964
0.15343995048441694
0.15486098745576168
0.15629518204804851
0.15774265600941292
0.15920353221247066
0.16067793466280972
0.1621659885131621
0.1636678200702584
0.16518355680812832
0.1667133273769898
0.16825726161343652
0.16981549055475775
0.1713881464472275
0.17297536275671566
0.17457727418123595
0.17619401666188758
0.1778257273945365
0.17947254484052003
0.1811346087386372
0.18281206011682413
0.18450504130379897
0.18621369594293607
0.18793816899893415
0.1896786067766569
0.19143515692934585
0.1932079684723106
0.19499719179230598
0.1968029786653001
0.19862548226636934
0.2004648571810396
0.20232125942016402
0.2041948464330741
0.20608577712022713
0.20799421184580835
0.2099203124509384
0.21186424227017378
0.21382616614005376
0.21580625041593948
0.2178046629874949
0.21982157328734533
0.22185715231075206
0.22391157262589695
0.22598500839172464
0.2280776353671934
0.2301896309321742
0.2323211740959423
0.23447244551805047
0.23664362751760895
0.23883490409233352
0.24104646093238594
0.24327848543569267
0.24553116672382863
0.24780469565658447
0.2500992648486804
0.25241506868501135
0.25475230333837884
0.2571111667834068
0.2594918588137267
0.26189458105841146
0.2643195369998294
0.2667669319873356
0.2692369732570168
0.2717298699469061
0.274245833115767
0.2767850757596583
0.27934781282766175
0.28193426124202403
0.2845446399156194
0.28717916976793756
0.2898380737444947
0.29252157683464824
0.2952299060915169
0.297963290647195
0.3007219617340658
0.30350615270388037
0.3063160990437913
0.30915203839846134
0.31201421058803236
0.3149028576278637
0.3178182237483382
0.32076055541358295
0.32373010134250235
0.32672711252898573
0.329751842260505
0.3328045461406627
0.33588548210885005
0.33899491046049274
0.3421330938687876
0.3453002974049917
0.34849678856027994
0.3517228372677905
0.35497871592121244
0.35826469940083827
0.36158106509227017
0.3649280929109767
0.368306065321918
0.37171526736353244
0.375155986670732
0.37862851349685517
0.38213314073666316
0.38567016395025394
0.3892398813856774
0.3928425940024657
0.39647860549624114
0.4001482223215241
0.4038517537157783
0.40758951172470675
0.41136181122568344
0.4151689699527235
0.41901130852074164
0.4228891504524073
0.4268028222001274
0.43075265317423317
0.43473897576749204
0.4387621253797795
0.4428224404457374
0.4469202624594754
0.4510559360018566
0.4552298087657779
0.4594422315839563
0.46369355845520394
0.46798414657099874
0.47231435634356606
0.4766845514322492
0.4810950987723891
0.48554636860102723
0.4900387344870329
0.494572573357865
0.49914826552768593
0.5037661947270768
0.5084267481304182
0.5131303163855798
0.5178772936424031
0.5226680775817318
0.5275030694455282
0.5323826740655306
0.5373072998938645
0.5422773590327418
0.5472932672631124
0.5523554440773023
0.5574643127079506
0.5626203001585222
0.5678238372350305
0.5730753585755436
0.5783753026826214
0.5837241119544331
0.5891222327153135
0.5945701152476676
0.600068213824742
0.6056169867408794
0.6112168963446898
0.6168684090713791
0.6225719954743963
0.6283281302582201
0.634137292311138
0.6399999647376353
0.6459166348922674
0.6518877944116468
0.6579139392481963
0.6639955697035158
0.6701331904615164
0.6763273106222053
0.6825784437355087
0.6888871078344534
0.6952538254694853
0.7016791237431366
0.7081635343427651
0.7147075935757629
0.7213118424033593
0.7279768264749544
0.734703096162968
0.7414912065966996
0.7483417176980628
0.7552551942142948
0.7622322057543848
0.7692733268226033
0.776379136854216
0.7835502202494887
0.7907871664087573
0.7980905697671057
0.8054610298294335
0.812899151204758
0.8204055436415794
0.8279808220623364
0.835625606597898
0.8433405226222207
0.8511262007878577
0.8589832770590725
0.8669123927476103
0.8749141945460122
0.8829893345626052
0.8911384703550355
0.899362264965271
0.9076613869524867
0.9160365104273579
0.9244883150852354
0.9330174862397275
0.9416247148561668
0.9503106975838675
0.9590761367894155
0.9679217405892045
0.976848222880984
0.9858563033767066
0.994946707633046
1.00412016708384
1.013377419070389
1.0227192068720525
1.0321462797367467
1.0416593929104048
1.0512593076668366
1.060946791335861
1.0707226173327942
1.0805875651855747
1.0905424205624672
1.1005879752987853
1.1107250274236937
1.1209543811853069
1.131276847075843
1.1416932418560723
1.1522043885793463
1.1628111166140795
1.173514261666018
1.184314665799941
1.195213177459806
1.2062106514887871
1.217307949147825
1.2285059381340775
1.2398054925966377
1.251207493153913
1.2627128269072252
1.2743223874548908
1.2860370749052694
1.2978577958874784
1.3097854635616382
1.3218209976280721
1.3339653243347405
1.3462193764830026
1.3585840934328715
1.3710604211057782
1.3836493119865358
1.3963517251230664
1.4091686261252785
1.4221009871615542
1.435149786953382
1.4483160107687736
1.4616006504134547
1.4750047042198628
1.4885291770341182
1.5021750802017235
1.515943431549481
1.529835255366779
1.5438515823835621
1.55799344974618
1.5722619009906356
1.5866579860132182
1.6011827610390508
1.6158372885868115
1.630622637431536
1.645539882563931
1.6605901051469876
1.6757743924693955
1.6910938378952876
1.706549540811587
1.722142606570769
1.7378741464308545
1.7537452774916675
1.769757122626816
1.7859108104124615
1.8022074750513428
1.818648256293355
1.8352342993513304
1.851966754812877
1.8688467785470042
1.8858755316066762
1.9030541801263583
1.920383895214713
1.9378658528418868
1.9555012337214952
1.9732912231879618
1.9912370110672009
2.0093397915421334
2.0276007630123845
2.0460211279476517
2.064602092734747
2.083344867518343
2.102250666035102
2.121320705440764
2.1405562061305803
2.159958391551998
2.1795284880106576
2.199267724467677
2.2191773323304176
2.239258545233796
2.2595125988143145
2.2799407304750674
2.300544179142151
2.3213241850120316
2.3422819892894675
2.363418833916077
2.3847359612892096
2.406234613970562
2.4279160343844564
2.4497814645059957
2.471832145537529
2.4940693175747097
2.516494219260522
2.5391080874279206
2.5619121567301297
2.5849076592586457
2.608095824148365
2.6314778771699423
2.655055040308541
2.6788285313286764
2.702799563325229
2.7269693442600547
2.751339076483403
2.775909956240262
2.800683173161428
2.825659909738121
2.8508413407805344
2.8762286328593736
2.901822943730488
2.927625421741518
2.953637205220767
2.9798594218474155
3.006293188002803
3.0329396081025615
3.0597997739084333
3.0868747638201253
3.1141656421462898
3.1416734583540356
3.169399246296865
3.1973440234202677
3.22550878994425
3.2538945280230647
3.2825022008805274
3.311332751921445
3.3403871038176205
3.369666157568885
3.399170791537723
3.4289018604574415
3.4588601944132846
3.489046597795534
3.5194618482244975
3.5501066954465568
3.5809818602005223
3.6120880330541794
3.643425873209707
3.6749960072780765
3.706799028021291
3.738835493062168
3.7711059235607265
3.803610802856987
3.836350575078997
3.869325643715881
3.9025363701550173
3.9359830721831583
3.9696660224498355
4.003585446893869
4.037741523130865
4.072134378802122
4.106764089883755
4.14163067895566
4.176734113429523
4.2120743037354575
4.247651101466219
4.28346429747912
4.31951361995412
4.355798732408366
4.392319231665969
4.429074645782721
4.466064431925305
4.503287974204186
4.540744581459739
4.578433485001243
4.616353836298132
4.654504704623109
4.69288507464667
4.731493843982402
4.7703298206832425
4.809391720687694
4.848678165216118
4.88818767811661
4.927918683160412
4.967869501286462
5.008038347794972
5.048423329490106
5.089022441771473
5.129833565674689
5.170854464860634
5.212082782554208
5.2535160384319814
5.295151625459779
5.336986806679891
5.379018711948729
5.421244334625232
5.463660528210687
5.506264002940564
5.549051322329319
5.592018899668787
5.635162994481231
5.678479708928484
5.721964984177784
5.765614596726151
5.809424154684633
5.8533890940238855
5.89750467478317
5.941765977244374
5.9861678980732735
6.0307051464303285
6.075372240053247
6.120163501314182
6.1650730532540585
6.210094815597255
6.255222500749693
6.3004496097838505
6.345769428414188
6.391175022967065
6.436659236348985
6.482214684017822
6.527833749961445
6.5735085826887065
6.61923109123804
6.664992941209001
6.710785550822498
6.756600087016192
6.802427461580856
6.848258327344877
6.894083074413891
6.939891826472893
6.985674437158649
7.031420486510789
7.077119277509726
7.122759832710836
7.168330890984048
7.213820904368452
7.259218035052544
7.304510152490384
7.349684830665072
7.394729345510916
7.4396306725062775
7.484375484449858
7.5289501494331095
7.573340729022406
7.6175329766649265
7.661512336332702
7.705263941419782
7.748772613908079
7.79202286381783
7.834998888959221
7.8776845750022755
7.920063495882436
7.96211891456007
8.003833784152318
8.045190749456559
8.08617214888498
8.126760016830277
8.166936086483275
8.206681793123266
8.245978277902637
8.284806392147818
8.323146702198695
8.360979494809328
8.398284783133033
8.435042313315215
8.471231571717695
8.506831792798442
8.541821967670941
8.576180853367559
8.609886982831256
8.642918675660386
8.675254049630897
8.706871033020574
8.737747377759584
8.767860673431489
8.797188362148527
8.825707754324743
8.85339604536981
8.880230333326034
8.906187637470364
8.931244917902172
8.95537909613701
8.978567076725184
9.000785769913053
9.022012115363452
9.042223106950264
9.06139581864049
9.079507431475374
9.096535261660128
9.112456789769707
9.127249691075592
9.140891866996181
9.153361477670378
9.164636975651268
9.174697140713247
9.183521115762863
9.191088443839657
9.197379106189643
9.202373561389669
9.206052785496643
9.20839831319086
9.209392279877726
9.209017464706951
9.207257334462895
9.204096088273815
9.199518703081978
9.193510979810112
9.186059590153254
9.177152123918152
9.1667771368254
9.154924198682115
9.141583941825418
9.126748109729302
9.110409605659385
9.092562541252033
9.07320228488588
9.05232550970544
9.02993024114785
9.006015903815207
8.98058336752617
8.95363499237192
8.925174672592792
8.895207879083326
8.863741700325093
8.830784881538312
8.796347861835246
8.760442809150721
8.723083652717746
8.684286112849264
8.644067727780923
8.602447877323803
8.559447803071217
8.515090624899361
8.469401353498402
8.422406898668196
8.374136073111654
8.324619591458868
8.273890064256404
8.221981986658948
8.168931721565011
8.114777476944372
8.059559277112756
8.003318927719272
7.946099974223858
7.887947653655958
7.82890883946226
7.769031979269753
7.708367025411825
7.646965358088753
7.584879701060691
7.522164029800326
7.4588734720645355
7.3950642008794265
7.330793319970909
7.266118741713663
7.20109905771519
7.135793402198016
7.070261308392291
7.004562558203289
6.938757025472488
6.87290451320805
6.807064585219379
6.741296392651615
6.675658495978431
6.610208683075325
6.545003784060688
6.480099483656945
6.4155501318894395
6.351408554005551
6.287725860559946
6.224551258673669
6.161931865534182
6.099912525259271
6.038535630299924
5.977840948604161
5.917865457805359
5.8586431877329925
5.800205072570732
5.742578814005286
5.685788756717905
5.629855777568597
5.574797189809699
5.52062666363925
5.467354164365054
5.414985909396526
5.363524345212126
5.312968145365407
5.263312230490992
5.214547811153621
5.166662454247478
5.11964017349986
5.073461544462826
5.0281038441886565
4.983541215580722
4.939744856191417
4.896683231003984
4.854322308486944
4.812625818950376
4.771555533963943
4.73107156532046
4.69113268174811
4.651696641292841
4.612720537012989
4.574161153355001
4.535975330316385
4.498120332253916
4.460554217966704
4.423236208479811
4.38612704877969
4.34918935961301
4.312387975360857
4.275690263945423
4.239066424721587
4.202489760355357
4.165936918799563
4.129388101647692
4.092827235382489
4.056242102339083
4.019624428573685
3.982969926268675
3.946278288811857
3.9095531372589316
3.872801917519874
3.836035748296341
3.7992692205305754
3.762520149897954
3.725809284674293
3.6891599721226274
3.6525977873586113
3.616150129453012
3.5798457902973566
3.5437145024763197
3.507786473039309
3.4720919106247843
3.436660553844593
3.4015212091635094
3.366701306693536
3.3322264823467713
3.298120194641152
3.2644033841187374
3.231094182808493
3.1982076804412642
3.1657557532043934
3.1337469597136423
3.1021865075919854
3.071076292596319
3.0404150106479033
3.010198341430064
2.98041920045331
2.9510680546951216
2.922133295145211
2.893601657877756
2.865458683683347
2.8376892048796694
2.8102778467365117
2.7832095300499615
2.756469960831813
2.73004609288576
2.7039265492564533
2.6781019891850595
2.652565408296742
2.627312361278867
2.6023410982650135
2.577652608483187
2.5532505674044432
2.5291411865701083
2.505332968395692
2.4818363714468474
2.4586633948446717
2.4358270934637547
2.4133410383117666
2.3912187388006774
2.3694730454203228
2.3481155525009583
2.3271560212181654
2.306601842691413
2.286457559927405
2.266724465467393
2.247400288958246
2.228478985564554
2.209950632297531
2.1918014351165827
2.1740138452536115
2.156566778834611
2.1394359297579566
2.1225941621657247
2.1060119659323955
2.0896579565866635
2.073499400126635
2.057502743379954
2.041634131923912
2.025859900064566
2.0101470208448893
1.9944635082959334
1.978778768873662
1.9630639038889943
1.947291969350148
1.9314382035903392
1.915480235961402
1.8993982913945968
1.8831754055064838
1.866797663017081
1.850254468547067
1.8335388535265114
1.8166478163000341
1.7995826850295162
1.7823494852864332
1.764959286996673
1.7474284993976714
1.7297790786127838
1.7120386109672237
1.694240236721243
1.6764223837029997
1.6586282883251802
1.6409052922934
1.6233039162789578
1.6058767259798616
1.588677020178755
1.5717573833771323
1.5551681561323767
1.5389558833198766
1.5231618034822465
1.507820440949798
1.4929583567777929
1.4785931055384864
1.4647324338961396
1.4513737452836792
1.4385038446132627
1.4260989693599568
1.4141251096759324
1.402538620802596
1.3912871353738974
1.380310789611886
1.369543783275336
1.358916295163604
1.3483567703459982
1.3377945787704657
1.327163015274585
1.3164025678750464
1.3054643266042938
1.2943133439737113
1.2829316980452075
1.2713209600295794
1.2595037414486343
1.2475240019991722
1.2354458468982066
1.2233506359948678
1.2113323646452239
1.1994914494754085
1.1879272446148013
1.1767298034145006
1.1659715608267318
1.1556997158884297
1.1459301194332359
1.1366434048890701
1.1277839374650083
1.1192619109838353
1.1109586177984967
1.1027345924012582
1.0944400258272826
1.0859266063869628
1.0770597937455164
1.0677304929600295
1.0578651582864504
1.0474335003160167
1.0364531586774346
1.0249908983180038
1.0131600626953552
1.001114166018002
0.9890366503863145
0.9771270183082535
0.9655838335406552
0.9545855080143736
0.9442703631743568
0.9347181071047422
0.9259354616608999
0.9178489947239509
0.9103080198462441
0.9030995139318957
0.8959752884174945
0.888689245683299
0.8810398228208565
0.8729102681079925
0.8642979558394581
0.8553242423658253
0.8462188713940096
0.8372776456138119
0.8287983582021012
0.8210065405764502
0.8139876905750661
0.8076444842453301
0.8016946895438237
0.7957177419457695
0.7892462543059149
0.7818856069665105
0.7734337371020072
0.7639680550996062
0.7538698555895652
0.7437693918253587
0.7344148913090872
0.7264914119329533
0.7204340115664504
0.7162877110953006
0.7136598833393455
0.7117888220293318
0.7097200976486943
0.706548831253078
0.7016619414665728
0.69490879531674
0.6866454522511042
0.6776335261025002
0.6688192980170409
0.6610576816845656
0.6548652632827369
0.6502790314213559
0.6468639593400416
0.6438641238585445
0.640445296657097
0.6359485033927144
0.6300739235672752
0.622942097605662
0.615023665376076
0.6069727504790804
0.5994265925460596
0.592836551655229
0.5873751749461663
0.582931592052581
0.5791775292372228
0.575669923879952
0.5719567956651642
0.5676655338468578
0.5625671063710288
0.5566169337264274
0.5499704496539088
0.5429636063701263
0.5360456476897001
0.5296619828303731
0.5241095697737209
0.5194151072313257
0.5152985770395444
0.5112642938755494
0.5068068346898211
0.501651600689628
0.495908755292343
0.49004095131306946
0.48463463391587513
0.48008086994769994
0.47634294236702895
0.4729564529473862
0.4692768367806715
0.4648356222145853
0.4595954875078403
0.453960422208535
0.4485556305852643
0.44392417704547277
0.44029978203950054
0.4375220827924242
0.43507036898206713
0.43219169351883574
0.4281512670974535
0.42260660254106774
0.41594654961484634
0.4092890218276621
0.40394348048625334
0.4005663694181832
0.3986427170555729
0.3968381631676548
0.394078457232699
0.3904727942156441
0.38718622910707445
0.38527238092101457
0.3845193559170401
0.38345786159902095
0.38061190311262966
0.3758509719476799
0.37057335083897947
0.3665430607820554
0.36440023109914893
0.3630633630069915
0.3604633369642785
0.35510608382732894
0.3474085361127567
0.33970680855104063
0.3345451087054416
0.3323924835934179
0.3310710859240219
0.3279805442336369
0.32302315756019206
0.3187141271840838
0.3170371072420682
0.3169252218300045
0.31567490608849813
0.3122287100257583
0.3077399613582877
0.3032133547010137
0.298463029313303
0.29377371527998225
0.29049729499871335
0.2888917213085222
0.28732393917623444
0.285046511488352
0.28361354791509513
0.2836755920296939
0.28287957284765064
0.2795346176677173
0.27574780227404655
0.27386134005839285
0.27258632006120365
0.26994315849398914
0.2667790459302059
0.26408885870795473
0.2607407036598175
0.2568084475177399
0.2544674795135508
0.2533645116789505
0.25061875885835694
0.246536789271385
0.2442371489222086
0.24378661573651939
0.2426646943495884
0.24052794342226783
0.23855545063875613
0.2365540153211156
0.23397135274349762
0.23111624414770437
0.22811339770349745
0.22498719150110347
0.22264439863638383
0.22160556462396214
0.22030247459041424
0.21732110942663532
0.21441546194076924
0.2136657192543898
0.21387044793637253
0.2125803964094032
0.20845799271705484
0.20343910019435604
0.20259421281634685
0.2046641036123509
0.2026253521884462
0.19829920954084934
0.19656345360180774
0.1942259226364517
0.191054498429093
0.19058105886994706
0.1909450773322068
0.18950892701267463
0.18569510242170256
0.18213703686968816
0.18175224059564288
0.18010530524330756
0.17575852817725304
0.1741934224503866
0.17519690911210228
0.17618805893772127
0.1747044429054328
0.16851328528242948
0.1643333511522263
0.16494091553620976
0.1667991960383684
0.16822318326847
0.16575110685565522
0.16442210566271445
0.16162820669793218
0.15768437393100587
0.15953297530378863
0.15657989848064252
0.1527445942135899
0.1530175065297101
0.15194605519052545
0.15081013286479195
0.15093365620836477
0.1484133887385217
0.14768070350569112
0.1458008360145275
0.14325107000774648
0.1435857398240108
0.14072333790535135
0.14012665318790424
0.13946333008814016
0.13886840332696196
0.13634853856568477
