-13.9986881729193
-13.998663760560033
-13.998638893918878
-13.998613564542952
-13.998587763822092
-13.99856148298596
-13.998534713101039
-13.998507445067649
-13.998479669616776
-13.99845137730702
-13.998422558521296
-13.998393203463634
-13.998363302155822
-13.998332844434017
-13.998301819945308
-13.998270218144198
-13.998238028288998
-13.998205239438203
-13.99817184044678
-13.998137819962361
-13.998103166421405
-13.998067868045265
-13.99803191283621
-13.997995288573305
-13.99795798280831
-13.997919982861417
-13.997881275816964
-13.997841848519064
-13.997801687567094
-13.997760779311175
-13.99771910984755
-13.997676665013842
-13.997633430384253
-13.997589391264665
-13.997544532687657
-13.997498839407426
-13.997452295894606
-13.997404886331005
-13.997356594604204
-13.997307404302168
-13.997257298707577
-13.997206260792213
-13.997154273211159
-13.99710131829696
-13.99704737805355
-13.996992434150188
-13.99693646791526
-13.996879460329911
-13.996821392021593
-13.996762243257498
-13.996701993937876
-13.996640623589215
-13.996578111357252
-13.996514435999975
-13.996449575880373
-13.996383508959065
-13.996316212786915
-13.996247664497327
-13.99617784079855
-13.996106717965727
-13.996034271832933
-13.995960477784875
-13.995885310748653
-13.995808745185153
-13.995730755080489
-13.995651313937113
-13.99557039476486
-13.995487970071794
-13.99540401185489
-13.995318491590552
-13.995231380224942
-13.995142648164132
-13.995052265264052
-13.994960200820316
-13.9948664235578
-13.99477090162005
-13.99467360255846
-13.994574493321343
-13.994473540242675
-13.994370709030731
-13.994265964756437
-13.994159271841554
-13.994050594046666
-13.993939894458858
-13.993827135479222
-13.993712278810166
-13.993595285442424
-13.993476115641856
-13.993354728935966
-13.993231084100275
-13.993105139144314
-13.992976851297405
-13.992846176994258
-13.992713071860162
-13.992577490696007
-13.992439387462982
-13.992298715267001
-13.99215542634287
-13.992009472038108
-13.991860802796486
-13.991709368141324
-13.991555116658365
-13.991397995978422
-13.991237952759693
-13.991074932669708
-13.990908880366993
-13.990739739482356
-13.990567452599826
-13.990391961237341
-13.990213205826876
-13.990031125694419
-13.98984565903941
-13.989656742913958
-13.98946431320154
-13.989268304595353
-13.9890686505763
-13.988865283390542
-13.988658134026615
-13.988447132192173
-13.988232206290277
-13.988013283395226
-13.987790289227993
-13.987563148131189
-13.987331783043524
-13.98709611547387
-13.986856065474793
-13.986611551615642
-13.986362490955052
-13.986108799013115
-13.985850389742836
-13.9855871755012
-13.985319067019699
-13.985045973374232
-13.984767801954558
-13.984484458433098
-13.984195846733254
-13.983901868997055
-13.983602425552276
-13.983297414878944
-13.982986733575194
-13.982670276322555
-13.982347935850525
-13.982019602900618
-13.981685166189594
-13.981344512372155
-13.980997526002907
-13.980644089497579
-13.980284083093625
-13.979917384810031
-13.979543870406433
-13.97916341334148
-13.978775884730403
-13.978381153301871
-13.97797908535399
-13.977569544709544
-13.977152392670474
-13.976727487971367
-13.976294686732258
-13.97585384241052
-13.975404805751833
-13.974947424740353
-13.97448154454788
-13.974007007482138
-13.973523652934173
-13.973031317324727
-13.972529834049618
-13.972019033424244
-13.971498742626958
-13.970968785641462
-13.970428983198202
-13.969879152714647
-13.969319108234503
-13.96874866036585
-13.968167616218102
-13.967575779337913
-13.96697294964387
-13.966358923360007
-13.965733492948162
-13.965096447039077
-13.964447570362259
-13.963786643674629
-13.96311344368783
-13.96242774299421
-13.961729309991597
-13.961017908806584
-13.960293299216529
-13.95955523657013
-13.958803471706556
-13.958037750873185
-13.957257815641778
-13.956463402823328
-13.955654244381176
-13.954830067342755
-13.953990593709632
-13.953135540366052
-13.952264618985796
-13.951377535937404
-13.9504739921877
-13.949553683203645
-13.94861629885239
-13.947661523299612
-13.946689034906052
-13.945698506122211
-13.944689603381125
-13.94366198698941
-13.942615311016203
-13.94154922318031
-13.940463364735251
-13.939357370352381
-13.93823086800185
-13.937083478831623
-13.935914817044262
-13.934724489771643
-13.93351209694743
-13.93227723117733
-13.931019477607164
-13.929738413788545
-13.928433609542282
-13.92710462681945
-13.925751019559957
-13.924372333548813
-13.922968106269751
-13.921537866756466
-13.92008113544125
-13.918597424001005
-13.917086235200664
-13.915547062733877
-13.913979391061075
-13.912382695244624
-13.910756440781332
-13.90910008343202
-13.90741306904824
-13.905694833396
-13.903944801976627
-13.902162389844529
-13.900347001421915
-13.898498030310375
-13.896614859099378
-13.89469685917153
-13.892743390504561
-13.89075380147009
-13.888727428628982
-13.886663596523377
-13.884561617465206
-13.882420791321396
-13.880240405295293
-13.878019733704768
-13.87575803775655
-13.87345456531687
-13.871108550678505
-13.868719214323969
-13.86628576268486
-13.86380738789739
-13.861283267554013
-13.858712564451002
-13.856094426332106
-13.853427985628063
-13.85071235919206
-13.847946648030952
-13.845129937032315
-13.842261294687264
-13.839339772808872
-13.836364406246267
-13.833334212594332
-13.830248191898951
-13.827105326357637
-13.823904580015792
-13.820644898458168
-13.817325208495786
-13.813944417848125
-13.81050141482057
-13.806995067977072
-13.803424225807907
-13.799787716392675
-13.796084347058263
-13.792312904031913
-13.788472152089234
-13.784560834197178
-13.780577671151981
-13.776521361211861
-13.772390579724696
-13.768183978750411
-13.763900186678134
-13.759537807838164
-13.755095422108552
-13.750571584516452
-13.745964824834045
-13.74127364716915
-13.736496529550381
-13.731631923506994
-13.726678253643207
-13.721633917207118
-13.716497283654133
-13.71126669420499
-13.70594046139831
-13.70051686863756
-13.694994169732718
-13.689370588436368
-13.683644317974341
-13.677813520570936
-13.671876326968732
-13.66583083594297
-13.65967511381055
-13.653407193933726
-13.647025076218416
-13.640526726607346
-13.63391007656784
-13.627173022574626
-13.620313425587309
-13.613329110523042
-13.606217865724048
-13.598977442420347
-13.591605554187648
-13.584099876400545
-13.576458045681147
-13.568677659343189
-13.56075627483177
-13.552691409158882
-13.544480538334865
-13.53612109679581
-13.527610476827348
-13.518946027984672
-13.510125056509237
-13.501144824742159
-13.49200255053463
-13.48269540665551
-13.473220520196373
-13.463574971974166
-13.453755795931862
-13.443759978537337
-13.433584458180718
-13.423226124570528
-13.412681818129041
-13.401948329387109
-13.391022398378755
-13.379900714036106
-13.368579913584876
-13.357056581940952
-13.345327251108406
-13.333388399579531
-13.321236451737263
-13.308867777260584
-13.296278690533404
-13.283465450057433
-13.27042425786978
-13.257151258965713
-13.2436425407273
-13.229894132358659
-13.215902004328383
-13.20166206781997
-13.187170174191051
-13.172422114442014
-13.157413618695147
-13.142140355684868
-13.126597932260223
-13.110781892900313
-13.094687719243863
-13.07831082963382
-13.061646578678031
-13.044690256827229
-13.027437089971308
-13.00988223905517
-12.992020799715414
-12.973847801939009
-12.955358209745494
-12.936546920893887
-12.917408766615877
-12.897938511376712
-12.87813085266541
-12.857980420815775
-12.837481778860024
-12.816629422416655
-12.79541777961438
-12.77384121105385
-12.751894009809389
-12.72957040147227
-12.706864544238032
-12.68377052903963
-12.66028237972877
-12.636394053307606
-12.61209944021322
-12.587392364657171
-12.562266585022808
-12.536715794322621
-12.510733620718623
-12.484313628108193
-12.457449316778408
-12.430134124131683
-12.402361425485676
-12.374124534950615
-12.345416706387228
-12.316231134448449
-12.286560955708337
-12.256399249881625
-12.225739041137441
-12.194573299510948
-12.162894942416427
-12.130696836265889
-12.09797179819699
-12.06471259791439
-12.030911959648593
-11.99656256423663
-11.961657051328874
-11.926188021726402
-11.89014803985351
-11.85352963636996
-11.81632531092786
-11.778527535077782
-11.740128755329343
-11.701121396371036
-11.661497864454663
-11.621250550949476
-11.580371836071413
-11.538854092792818
-11.496689690938195
-11.45387100147149
-11.41039040098067
-11.366240276365346
-11.321413029733051
-11.275901083510377
-11.229696885774636
-11.18279291581214
-11.13518168990919
-11.0868557673817
-11.037807756849714
-10.988030322762874
-10.937516192182944
-10.886258161829636
-10.834249105395733
-10.781481981137743
-10.727949839748085
-10.673645832514843
-10.618563219775057
-10.562695379667453
-10.506035817190318
-10.448578173570334
-10.390316235947715
-10.331243947383186
-10.271355417191904
-10.210644931609345
-10.149106964793944
-10.086736190171086
-10.023527492122367
-9.95947597802451
-9.894576990641209
-9.82882612087115
-9.76221922085514
-9.694752417444642
-9.62642212603347
-9.557225064754302
-9.487158269040501
-9.416219106553521
-9.344405292475638
-9.271714905166498
-9.198146402181886
-9.12369863665172
-9.048370874013887
-8.972162809099428
-8.895074583563405
-8.817106803655212
-8.7382605583206
-8.658537437626636
-8.577939551499686
-8.496469548765146
-8.41413063647615
-8.330926599517294
-8.246861820467688
-8.16194129970609
-8.076170675739283
-7.989556245732968
-7.902104986222786
-7.813824573980831
-7.724723407011386
-7.634810625647327
-7.544096133716212
-7.452590619743348
-7.360305578156278
-7.2672533304527045
-7.1734470462917
-7.078900764464994
-6.983629413702518
-6.887648833263734
-6.790975793263159
-6.693628014675666
-6.595624188963916
-6.496983997267298
-6.397728129088567
-6.2978783004107
-6.197457271173781
-6.096488862037772
-5.994997970353769
-5.8930105852629975
-5.790553801839108
-5.687655834185627
-5.5843460273974035
-5.480654868290738
-5.376613994803684
-5.2722562039644
-5.167615458322027
-5.062726890731172
-4.957626807377549
-4.852352688929535
-4.7469431896969745
-4.641438134675681
-4.535878514353573
-4.430306477151554
-4.324765319369991
-4.219299472509878
-4.113954487835517
-4.00877701804473
-3.903814795910934
-3.799116609761473
-3.694732275655836
-3.5907126061280223
-3.4871093753581235
-3.3839752806396906
-3.281363900011291
-3.179329645923872
-3.0779277148186868
-2.97721403249499
-2.8772451951519535
-2.7780784059952257
-2.6797714073056387
-2.582382407875521
-2.4859700057274967
-2.3905931060406473
-2.2963108342204244
-2.2031824440617243
-2.1112672209682906
-2.0206243802070514
-1.931312960193166
-1.8433917108195033
-1.7569189768642435
-1.671952576531881
-1.5885496752056376
-1.5067666545141556
-1.4266589768414075
-1.348281045437007
-1.2716860603135398
-1.196925870148874
-1.1240508204445483
-1.053109598225852
-0.9841490736053746
-0.9172141385698129
-0.8523475433888841
-0.7895897310858526
-0.7289786704512178
-0.6705496881240745
-0.6143353003097829
-0.5603650447474209
-0.5086653135860857
-0.45925918787501807
-0.4121662744184267
-0.36740254579204645
-0.32498018436373677
-0.2849074312049993
-0.24718844082397418
-0.21182314269211133
-0.17880711057648746
-0.1481314407271821
-0.11978264000305217
-0.09374252505004677
-0.06998813367244061
-0.048491649559061045
-0.02922034154265063
-0.012136518580499356
0.0028024983522545455
0.015644386269709543
0.02644181090837172
0.035252397033715965
0.04213867719899156
0.04716801787711411
0.05041252193973733
0.05194890652297879
0.05185835539720074
0.05022634504974732
0.04714244379481691
0.04270008334468045
0.03699630241127139
0.030131462057649827
0.022208932684723237
0.013334752720499665
0.0036172592768455303
-0.006833308748040778
-0.01790523441440328
-0.029485772382455977
-0.041461623242549095
-0.05371943105512855
-0.06614630233907093
-0.07863034445407457
-0.09106122102123138
-0.1033307217180841
-0.11533334347243418
-0.12696687976597865
-0.13813301444757897
-0.14873791614967757
-0.15869282910454174
-0.1679146558729272
-0.1763265272316641
-0.18385835422252583
-0.1904473571483596
-0.19603856611840698
-0.20058528759905947
-0.20404953132420367
-0.20640239186689513
-0.2076243791768153
-0.20770569245176418
-0.20664643184171005
-0.2044567426861139
-0.20115688726405345
-0.19677723939703462
-0.19135819768935036
-0.1849500137243556
-0.17761253215856954
-0.16941484037027799
-0.1604348261254902
-0.15075864261947913
-0.14048008123420708
-0.12969985341541523
-0.11852478421153911
-0.10706692122115768
-0.09544256395566464
-0.08377121992618619
-0.07217449509328944
-0.06077492765745873
-0.049694775497515664
-0.03905476886180104
-0.028972841158637408
-0.019562851852995777
-0.0109333165276837
-0.003186160081629197
0.003584490214995739
0.009293454538342516
0.013865575606262226
0.017236701387153275
0.019354557970689967
0.020179495668411818
0.019685092260464998
0.01785859849897342
0.014701212531095464
0.010228171822232568
0.00446865344119729
-0.002534523793832122
-0.010725398834622979
-0.02003556982698207
-0.030385094118290823
-0.04168357973950165
-0.05383145729667049
-0.06672141715203495
-0.0802399927002373
-0.09426926654088952
-0.1086886725126881
-0.12337686299215633
-0.13821360768262636
-0.15308168744058648
-0.1678687446208471
-0.18246905008091296
-0.19678514647317513
-0.21072932786561438
-0.2242249171477333
-0.23720730515934108
-0.2496247190636982
-0.2614386921837628
-0.27262421330990705
-0.2831695403139243
-0.2930756706740105
-0.3023554700957245
-0.31103246963214737
-0.3191393513494898
-0.32671615240237983
-0.33380822709230173
-0.34046401577108476
-0.3467326779869815
-0.35266165471017885
-0.358294230474522
-0.3636671705027972
-0.3688085100411822
-0.373735572954347
-0.3784532939235383
-0.3829529132171192
-0.38721110492482147
-0.3911895888224972
-0.3948352628326859
-0.3980808776530651
-0.4008462579440053
-0.40304005601640824
-0.4045620048659302
-0.4053056183725996
-0.4051612683059034
-0.40401955126204037
-0.40177484463184854
-0.398328939936885
-0.39359463507629755
-0.3874991647712047
-0.3799873511748757
-0.3710243644219311
-0.3605979957536114
-0.3487203634413252
-0.335428993411913
-0.3207872413484516
-0.30488404993075413
-0.28783306240250006
-0.2697711402612768
-0.2508563569421298
-0.231265559304493
-0.21119160306975182
-0.19084037587520442
-0.17042772146081298
-0.15017637031308162
-0.13031296604246023
-0.11106525367390319
-0.0926594673285468
-0.07531792251959324
-0.05925678505280452
-0.044683957270127195
-0.031796996252335674
-0.020780960698971285
-0.01180607630075059
-0.005025115663011448
-0.000570409481428058
0.001449559177943982
0.0009539771989306445
-0.002106119070935719
-0.007743432301797526
-0.015929953101640137
-0.02659272446826222
-0.03961012840862921
-0.054809035445069654
-0.07196316879953102
-0.09079301901702053
-0.11096759964472369
-0.13210826086918104
-0.1537946791031164
-0.17557302259376684
-0.1969661648562937
-0.21748568956063252
-0.23664531362494046
-0.2539752604000576
-0.2690370507791755
-0.2814381524004155
-0.29084593703689166
-0.2970004399895494
-0.2997254840012573
-0.29893781086238214
-0.29465394085864993
-0.28699453773054806
-0.2761860818906108
-0.2625596403030901
-0.246546469597142
-0.22867011252950853
-0.20953457122231534
-0.18980809817961486
-0.17020217886284428
-0.1514454289525613
-0.13425242927080028
-0.11928798924812867
-0.10712795830979616
-0.09821845430021625
-0.09283617473955452
-0.09105319310314108
-0.09271018686308174
-0.09740225601237995
-0.10448124137259285
-0.11307764888926286
-0.12214389842632478
-0.1305186941844827
-0.13701000276605235
-0.14049165878458503
-0.1400063033210035
-0.13486554010437324
-0.12473719703281994
-0.10970966460587483
-0.09032457997185794
-0.06757159989607864
-0.042842437980466386
-0.017845343149454962
0.005514735013477434
0.025281447098326026
0.03960629401422011
0.04690886893448365
0.046024985642144856
0.036330547831147086
0.017830701954133943
-0.008794221573117156
-0.04219259951375243
-0.08040017407524047
-0.12095664059702216
-0.16108081545677422
-0.19790090928567672
-0.22872990942551397
-0.25136690297809494
-0.2643940571403114
-0.2674278869775737
-0.26127559585730253
-0.24794666317575143
-0.23048030036390266
-0.21257322587431737
-0.1980288315814427
-0.19009363112868982
-0.19079104055488116
-0.20039392857650995
-0.21718304171086622
-0.2376082038084526
-0.25689984816644085
-0.27007701034492904
-0.27318311744812007
-0.2644812969272099
-0.24528922812827858
-0.22015787023435784
-0.19621199851084548
-0.18166323265035444
-0.18374100067700638
-0.2065036821034152
-0.24912119355051665
-0.3052017987345632
-0.36354243877529235
-0.41033529865267226
-0.4324398384298789
-0.4209470165519811
-0.3740503575445082
-0.2982964177189764
-0.20764423974237367
-0.12035382968878316
-0.05439122083534542
-0.022573407161024406
-0.02888357387792695
-0.06715340827473781
-0.12266104788873378
-0.1763060235778937
-0.210177516232255
-0.21282533294523276
-0.1825762225685672
-0.1278337158900289
-0.06427517412392447
-0.0098819238424106
0.020557826522120237
0.01970429322335221
-0.010601800696219854
-0.060500437172555266
-0.1155540689396819
-0.16117016658313155
-0.18654428137515566
-0.18703349309223505
-0.16456023317383384
-0.12633884459379807
-0.08263800472083105
-0.04433255952518067
-0.020748511511127887
-0.017986068662807497
-0.037737011917402086
-0.07668147841478934
-0.12675269196384953
-0.17665377681618466
-0.21476362227025092
-0.23293036795942434
-0.22987126635466382
-0.2124731685003063
-0.1937130801650202
-0.18732165660793676
-0.2011897765436199
-0.23281275255108547
-0.2697064722046072
-0.2954146866354215
-0.2984450686114375
-0.27920756647301026
-0.2505723920473475
-0.23118433501965896
-0.2351693101517256
-0.264286255889024
-0.30703586196107757
-0.34474558244299125
-0.360567975025484
-0.34662678078688636
-0.3070988396416521
-0.25771327445097114
-0.22219863463696043
-0.22458342005565335
-0.27704025356444184
-0.3682051510386337
-0.4621525669070792
-0.5152118894218933
-0.5040950253245757
-0.4445054803880151
-0.38088251598497536
-0.3503274225546509
-0.34994743527573036
-0.3394731235706807
-0.2810956438746377
-0.181090847079858
-0.0915989343601904
-0.06695853157974518
-0.11380546066771657
-0.18198193517471672
-0.2056710706775
-0.1592946465977061
-0.08234682618087596
-0.0540312911827332
-0.13404761646989805
-0.30897130143074136
-0.48849112375986437
-0.5705480964590084
-0.5333739006527942
-0.4626747043345656
-0.464830530716263
-0.5459425545701748
-0.6024638402134279
-0.5495218189400042
-0.42973168868880585
-0.3580738057456596
-0.3820268234698556
-0.4534863620213425
-0.529119824988598
-0.6173477074912288
-0.7056045998489822
-0.7321133557179085
-0.6832342524864501
-0.6328297454803771
-0.615954573783922
-0.5598954074547304
-0.4324431632810217
-0.34520227144874127
-0.3816877917809265
-0.44174644475674185
-0.40978195846636467
-0.3477649668214404
-0.35492180542260066
-0.3899593362811071
-0.40241471454650046
-0.45046007635853513
-0.5311962452840095
-0.530359277343603
-0.4645246691673517
-0.4872013158211921
-0.5841723158385896
-0.5862112842658096
-0.48694320054687346
-0.4245466242036251
-0.41945216143603403
-0.40606779341749366
-0.3952650867251766
-0.4191657198972525
-0.46063678695694854
-0.5127761677029383
-0.574404126925323
-0.5911493593766313
-0.5300977118680432
-0.48527654850151336
-0.5446900864049802
-0.6016321897067325
-0.524817711777894
-0.38697685732879705
-0.343763781386329
-0.48455457016827985
-0.6877874827402444
-0.6202852291522092
-0.35839401478523314
-0.36919168419693094
-0.5366599579110378
-0.5308989894432266
-0.56780360757074
-0.6647515471100505
-0.5745892002294894
-0.4243598263758219
-0.4016714953818088
-0.5519192083483571
-0.6874230610203842
-0.5925050732001704
-0.590938655772975
-0.7933617209350992
-0.7897318922522665
-0.5905698058888333
-0.3898046471735306
-0.3794124672742534
-0.7404116488635282
-0.9495462599830002
-0.7799741373030606
-0.5072068984215914
-0.26597736762789914
-0.3424640253601421
-0.32648644215318257
-0.43433530627854466
-0.642764407358694
-0.36100416272992675
-0.48948378319323105
-0.6983416464838417
-0.5511526355009799
-0.5216299003718667
-0.49848589335555715
-0.3622712426012207
-0.4657859289925437
-0.40786383861580155
-0.45659136878860096
-0.5701906774174752
-0.4141352685835926
-0.5616450548925478
-0.49468452886604375
-0.4341185033685786
-0.36687445348227676
-0.49027578925378457
