0.13999416680263715
0.14129070995308715
0.14259925886144467
0.14391992464075684
0.14525281943184476
0.14659805641034354
0.14795574979889253
0.14932601487505967
0.15070896798078678
0.15210472653348944
0.15351340903537017
0.1549351350824015
0.1563700253764032
0.15781820173314035
0.15927978709470966
0.16075490553687183
0.1622436822822749
0.16374624371028285
0.1652627173665295
0.1667932319743463
0.1683379174468035
0.1698969048940958
0.1714703266392217
0.17305831622465231
0.17466100842767587
0.1762785392671128
0.1779110460191666
0.17955866722648298
0.18122154270965243
0.18289981357993537
0.18459362225031853
0.18630311244823028
0.18802842922664695
0.18976971897737152
0.1915271294416831
0.193300809723676
0.1950909103031884
0.19689758304746677
0.19872098122439574
0.2005612595148381
0.20241857402560767
0.2042930823032741
0.20618494334668472
0.20809431761958563
0.21002136706557448
0.21196625511958792
0.2139291467236777
0.21591020833883934
0.2179096079609904
0.21992751513154013
0.22196410095608243
0.2240195381140194
0.22609400087626283
0.22818766511815208
0.2303007083345503
0.2324333096542656
0.2345856498547501
0.23675791137817404
0.23895027834478375
0.241162936570059
0.24339607357853463
0.24564987862021337
0.24792454268593714
0.2502202585227218
0.252537220651162
0.2548756253796357
0.25723567082202264
0.25961755691251553
0.2620214854231404
0.26444765998120695
0.26689628608419064
0.26936757111730586
0.27186172437114053
0.2743789570587214
0.2769194823326821
0.2794835153017259
0.2820712730503076
0.2846829746550386
0.28731884120285767
0.28997909580938985
0.2926639636367884
0.2953736719127569
0.2981084499483214
0.3008685291573022
0.30365414307472877
0.30646552737610083
0.3093029198962833
0.3121665606490585
0.3150566918469374
0.3179735579198396
0.32091740553631354
0.3238884836223987
0.32688704338218444
0.3299133383186215
0.33296762425294074
0.33605015934633115
0.3391612041202984
0.3423010214776755
0.3454698767239614
0.3486680375883153
0.3518957742454987
0.355153359337497
0.3584410679951065
0.36175917786008777
0.3651079691075514
0.368487724468063
0.3718987292505918
0.3753412713647543
0.37881564134426227
0.3823221323695729
0.3858610402913514
0.3894326636541991
0.39303730371962703
0.39667526449089585
0.40034685273575255
0.4040523780118692
0.40779215269053726
0.41156649198118794
0.4153757139563099
0.41922013957671866
0.4231000927160087
0.42701590018642116
0.4309678917639849
0.43495640021425
0.43898176131869715
0.44304431389999777
0.44714439984869736
0.451282364149356
0.45545855490813725
0.4596733233781735
0.463927023987543
0.468220014366432
0.472552655374193
0.4769253111269457
0.4813383490255999
0.48579213978402547
0.4902870574564022
0.49482347946585165
0.49940178663412377
0.5040223632082063
0.5086855968912188
0.5133918788705198
0.5181416038466268
0.5229351700641472
0.5277729793395619
0.5326554370926879
0.5375829523759887
0.5425559379044703
0.5475748100872
0.552639989056458
0.5577518986995846
0.5629109666896656
0.5681176245166568
0.5733723075182314
0.5786754549120747
0.5840275098269327
0.5894289193347438
0.5948801344827207
0.6003816103249835
0.6059338059555761
0.611537184540952
0.6171922133519543
0.6228993637973795
0.6286591114566328
0.6344719361132689
0.6403383217875432
0.6462587567707619
0.6522337336583012
0.6582637493836697
0.6643493052521388
0.6704909069752756
0.6766890647043816
0.6829442930655147
0.689257111193643
0.6956280427668979
0.7020576160419175
0.7085463638881107
0.715094823822577
0.7217035380455605
0.7283730534751185
0.735103921782387
0.7418966994270728
0.7487519476928798
0.7556702327225032
0.7626521255536673
0.7696982021543957
0.7768090434589064
0.7839852354032296
0.791227368960824
0.7985360401783572
0.805911850211792
0.8133554053621725
0.8208673171109505
0.82844820215655
0.8360986824497039
0.843819385229721
0.8516109430598301
0.8594739938631385
0.8674091809585829
0.8754171530962427
0.8834985644929351
0.8916540748684603
0.8998843494797735
0.9081900591575207
0.9165718803404029
0.9250304951110374
0.9335665912299499
0.9421808621712383
0.9508740071566156
0.9596467311901232
0.96849974509233
0.9774337655341926
0.9864495150707187
0.9955477221751303
1.004729121271139
1.013994452766728
1.0233444630863213
1.0327799047033401
1.0423015361719825
1.0519101221588885
1.0616064334745845
1.0713912471037954
1.0812653462362527
1.0912295202962847
1.10128456497249
1.1114312822462824
1.12167048042073
1.1320029741477982
1.142429584456048
1.1529511387769678
1.1635684709709158
1.1742824213525416
1.1850938367150547
1.1960035703543057
1.2070124820916648
1.2181214382962295
1.2293313119062168
1.240642982449465
1.252057336063089
1.2635752655117676
1.275197670205718
1.2869254562170498
1.2987595362952211
1.310700829881588
1.3227502631223043
1.3349087688805925
1.3471772867471823
1.359556763049877
1.3720481508614786
1.384652410006418
1.3973705070658935
1.4102034153815453
1.4231521150574022
1.4362175929603234
1.4494008427187188
1.4627028647194984
1.4761246661030416
1.4896672607567407
1.503331669305904
1.517118919103384
1.5310300442164855
1.5450660854119826
1.5592280901390463
1.5735171125095746
1.587934213276189
1.6024804598079228
1.6171569260631786
1.6319646925601143
1.6469048463442542
1.6619784809533107
1.6771866963790198
1.692530599026238
1.7080113016684182
1.7236299234004298
1.739387589587628
1.7552854318117694
1.7713245878133634
1.7875062014302143
1.8038314225324061
1.8203014069533499
1.8369173164167851
1.8536803184596375
1.8705915863508311
1.8876522990055948
1.9048636408950503
1.922226801951417
1.9397429774686046
1.957413367997279
1.9752391792353554
1.993221621913028
2.0113619116725467
2.029661268942245
2.0481209188049587
2.0667420908606657
2.0855260190827836
2.1044739416685108
2.1235871008825264
2.1428667428942614
2.1623141176082235
2.181930478487419
2.2017170823695182
2.2216751892755995
2.2418060622114413
2.262110966960722
2.2825911718703455
2.3032479476275616
2.3240825670282366
2.3450963047368094
2.366290437036861
2.3876662415727647
2.409224997081629
2.430967983115566
2.452896479753976
2.4750117673052507
2.497315125998488
2.519807835663647
2.54249117540109
2.5653664232393516
2.5884348557813155
2.6116977478382366
2.6351563720513766
2.658811998500948
2.682665894301991
2.706719323186937
2.7309735450742383
2.755429815623069
2.780089385773516
2.8049535012719864
2.8300234021813506
2.8553003223754168
2.8807854890176405
2.9064801220232495
2.93238543350463
2.95850262719956
2.984832897881693
3.011377430753129
3.0381374008182056
3.0651139722386773
3.0923082976691267
3.1197215175727595
3.1473547595166864
3.1752091374463656
3.203285750938807
3.2315856844337785
3.2601100064428166
3.288859768735349
3.317836005501345
3.3470397324901033
3.376471946124629
3.4061336225909344
3.436025716901772
3.466149161934302
3.496504867441038
3.5270937190334353
3.5579165771377426
3.5889742759223324
3.6202676221958723
3.651797394276065
3.6835643408278083
3.7155691796707853
3.7478125965551685
3.780295243905485
3.813017739531402
3.8459806653053743
3.8791845658058697
3.912629946926204
3.9463172744476807
3.9802469725768796
4.014419422446196
4.048834960576986
4.083493877304699
4.118396415165363
4.153542767242674
4.188933075475079
4.224567428922308
4.260445861990376
4.296568352614824
4.3329348204012454
4.369545124722597
4.406399062772561
4.443496367574478
4.480836705945178
4.5184196764129645
4.556244807089404
4.594311553494234
4.632619296332696
4.6711673392250646
4.709954906387484
4.748981140263956
4.7882450991087
4.8277457545186735
4.86748198891568
4.907452592977708
4.94765626301914
4.988091598319572
5.028757098400743
5.0696511602516585
5.110772075501304
5.152118027539175
5.193687088583169
5.235477216695067
5.277486252743344
5.319711917313617
5.362151807566611
5.404803394043975
5.447664017422241
5.49073088521505
5.53400106842434
5.577471498140743
5.6211389620939665
5.665000101153718
5.709051405782008
5.7532892124377515
5.797709699934581
5.842308885753107
5.887082622308648
5.932026593176185
5.977136309273529
6.0224071050048416
6.06783413436593
6.113412367013516
6.159136584300453
6.205001375279141
6.251001132675839
6.297130048838155
6.343382111658948
6.3897511004793595
6.436230581974409
6.4828139060246155
6.5294942015773305
6.576264372501644
6.623117093441295
6.67004480566968
6.717039712952088
6.764093777419807
6.811198715461617
6.858345993638148
6.905526824624994
6.952732163190915
6.999952702217464
7.047178868767165
7.094400820207226
7.141608440396656
7.188791335944528
7.235938832547851
7.283039971417887
7.3300835058038585
7.377057897623901
7.423951314212991
7.470751625198571
7.5174463995144984
7.564022902564965
7.610468093549917
7.656768622964507
7.702910830285283
7.748880741856332
7.794664068989359
7.840246206291701
7.885612230237457
7.930746897996728
7.975634646539002
8.020259592027116
8.064605529518557
8.108655932991649
8.152393955714654
8.195802430976208
8.238863873196125
8.281560479436301
8.323874131331554
8.36578639746116
8.407278536182108
8.448331498945633
8.488925934119031
8.529042191335279
8.56866032639332
8.607760106732346
8.646321017503672
8.684322268264342
8.721742800316669
8.758561294718373
8.794756180988083
8.830305646531254
8.865187646811561
8.899379916292999
8.93285998017786
8.965605166965801
8.997592621858889
9.028799321037562
9.059202086831958
9.088777603812726
9.11750243582504
9.14535304398885
9.172305805687722
9.198337034567967
9.223423001568543
9.247539957001454
9.27066415370093
9.292771871258486
9.313839441359297
9.333843274233823
9.352759886236631
9.370565928562446
9.387238217107127
9.402753763479057
9.417089807163535
9.430223848840262
9.442133684850683
9.452797442808809
9.462193618345678
9.470301112973674
9.47709927305314
9.482567929839275
9.486687440582893
9.489438730653802
9.490803336650451
9.490763450454258
9.489301964181298
9.486402515978254
9.48204953660332
9.47622829672625
9.468924954875138
9.460126605950498
9.44982133021989
9.43799824269898
9.42464754281711
9.409760564257512
9.393329824854117
9.375349076418596
9.355813354362725
9.334719026972403
9.312063844181049
9.287846985681048
9.262069108203061
9.234732391784139
9.205840584836595
9.175399047820825
9.143414795316543
9.109896536278509
9.074854712254483
9.038301533335272
9.000251011599257
8.960718991806708
8.91972317909264
8.877283163401264
8.833420440399783
8.78815842860509
8.74152248245355
8.69353990104168
8.644239932264355
8.593653772077252
8.54181455861172
8.488757360873137
8.434519161758463
8.379138835134922
8.322657116730097
8.265116568593637
8.20656153690339
8.147038102903135
8.086594026775984
8.025278684277103
7.963142995971238
7.90023934894517
7.836621510892845
7.77234453650106
7.707464666096895
7.642039216554178
7.576126464495582
7.509785521869038
7.443076204022229
7.376058890447283
7.308794378418518
7.241343729799895
7.173768111355316
7.106128628953594
7.03848615612095
6.9709011574570825
6.903433507495342
6.836142305653664
6.76908568798969
6.70232063654098
6.635902787098396
6.569886236327246
6.504323349216398
6.439264567898746
6.37475822294713
6.310850348307263
6.247584501081903
6.185001587428275
6.123139695872465
6.062033939378704
6.001716307537956
5.942215530257237
5.883556954338156
5.82576243432875
5.768850239016059
5.71283497489704
5.657727527921115
5.60353502473812
5.550260814610065
5.49790447305263
5.446461828162435
5.395925010458593
5.346282526920701
5.297519359741139
5.249617090126522
5.202554047282423
5.156305482496996
5.110843768004182
5.0661386200570035
5.022157345377082
4.9788651098704335
4.936225228213786
4.894199472622669
4.85274839881561
4.811831686891392
4.771408494542023
4.73143781973742
4.691878869743125
4.6526914330748115
4.613836250757718
4.575275383051264
4.536972567624447
4.4988935650316675
4.461006487247361
4.423282104976777
4.385694129474659
4.348219464678639
4.310838425604586
4.273534919160553
4.236296583817899
4.199114884934631
4.1619851629584
4.124906632244548
4.0878823288067
4.05091900597078
4.014026977622696
3.977219909519049
3.940514559960504
3.903930471998095
3.8674896202414795
3.8312160162505253
3.7951352774008886
3.7592741650026293
3.7236600982985646
3.688320651754737
3.6532830437574764
3.618573625427124
3.58421737872528
3.5502374333480646
3.516654612041422
3.4834870139269474
3.450749645171014
3.4184541058530735
3.3866083411816748
3.3552164642641844
3.3242786564600824
3.2937911499453203
3.263746295500896
3.2341327167345324
3.204935549979288
3.176136767024635
3.1477155756684088
3.1196488908845326
3.091911867239992
3.0644784811292145
3.0373221494931517
3.0104163700247497
2.983735366502936
2.95725472191311
2.93095198146796
2.9048072075950535
2.878803469454186
2.852927250620806
2.8271687602392332
2.801522135208368
2.7759855237896924
2.7505610443757176
2.725254616954927
2.700075668960831
2.675036721577588
2.6501528670500956
2.6254411519509735
2.600919885513854
2.576607895865966
2.552523760095525
2.5286850363884574
2.5051075277974655
2.481804607421009
2.4587866337616466
2.436060482737037
2.4136292192193896
2.391491926127193
2.3696437030980437
2.348075839812539
2.3267761613628375
2.305729534974837
2.284918519263371
2.2643241294309173
2.2439266848421497
2.2237066996537727
2.2036457730654035
2.1837274336508603
2.1639378924237214
2.144266661979113
2.12470700430271
2.1052561775694376
2.085915462230303
2.0666899585040213
2.047588160488884
2.0286213257852075
2.0098026729521665
1.9911464514247836
1.9726669387781557
1.95437742757943
1.9362892677565586
1.9184110298586663
1.9007478494529215
1.883301003165732
1.866067752842367
1.849041476640239
1.8322120856123936
1.8155667028198137
1.7990905608192704
1.7827680542364637
1.7665838687941973
1.750524098229298
1.7345772573116485
1.7187351035364191
1.702993192272832
1.6873511098104899
1.6718123547052055
1.6563838682315684
1.6410752471156722
1.6258977031089434
1.6108628612175786
1.5959815084491316
1.5812624151217847
1.5667113491985327
1.5523303899077274
1.5381176205246363
1.5240672434411189
1.5101701167284542
1.4964146646480412
1.482788070123322
1.469277620460489
1.4558720536408216
1.4425627453119674
1.429344588508872
1.4162164492762306
1.4031811293980603
1.3902448275398502
1.3774161553149162
1.3647048267062973
1.3521201890901666
1.3396697937887891
1.3273582076688781
1.315186242047203
1.303150722354404
1.2912448472633156
1.2794590989288839
1.2677825791875723
1.2562045738752854
1.244716101833727
1.2333111965145176
1.2219877009448519
1.2107474290780071
1.19959564895184
1.1885399599875628
1.1775887482720886
1.1667494888002112
1.1560272042289008
1.1454233742178102
1.1349355161856178
1.12455753693081
1.1142808054500652
1.1040957486885286
1.0939936549448208
1.0839683117528907
1.074017123755395
1.0641414536569074
1.054346090498251
1.0446379427172818
1.0350242364872217
1.0255106284570439
1.0160996807163183
1.0067900775910874
0.997576796916119
0.9884522170132446
0.9794078993451331
0.9704365985273878
0.961533971010709
0.9526995121764542
0.9439364440137948
0.9352505584839276
0.9266483209573656
0.9181347671842854
0.9097118118701606
0.9013774894763567
0.8931263836309782
0.8849511402271546
0.8768446090007055
0.8688019345299026
0.8608219049863359
0.8529070870500962
0.8450626711922571
0.8372943983300041
0.8296062811319314
0.8219989380207364
0.8144691672032532
0.8070109499101651
0.79961753464202
0.7922838195040692
0.7850080987385722
0.7777924561653415
0.7706416126117616
0.7635606712901214
0.7565526916548236
0.7496171352394475
0.7427498867080506
0.7359448770160183
0.7291966062965214
0.7225024176043487
0.7158634430624766
0.7092837379513773
0.7027679851129731
0.696318879621546
0.6899355108329955
0.6836135977541296
0.6773474951986467
0.671132938703675
0.6649690530820387
0.658858498066959
0.6528056288253037
0.6468136819948267
0.6408826061694108
0.6350088369849741
0.6291871934967719
0.6234137757905992
0.6176880741146662
0.6120129322416452
0.6063923447086247
0.6008284937583136
0.5953199951141347
0.5898625722336008
0.584451739890442
0.5790856437653982
0.573766021228194
0.5684965453073065
0.5632797314661973
0.5581147170255571
0.5529976366111578
0.5479243486554011
0.5428933878615559
0.537906758950184
0.5329678791759422
0.5280783405885962
0.5232362276548725
0.5184374744377861
0.5136791188618874
0.5089615717427179
0.5042878168992917
0.4996602318943124
0.49507798507097056
0.49053751181938393
0.4860356556267731
0.481572404879354
0.4771504627299684
0.4727720417744289
0.4684361786841767
0.4641394189456992
0.4598791840826611
0.455656176172598
0.45147313200046
0.4473312847706729
0.44322856817659184
0.43916168354075164
0.43512962607505884
0.4311344340318909
0.42717820769578563
0.4232600680995427
0.4193769062506303
0.41552700200279724
0.4117118121901775
0.40793353239579627
0.40419167974705755
0.4004833736782047
0.396806959436528
0.3931638765338516
0.38955606961766037
0.3859826848438274
0.3824409468443069
0.37892992776323736
0.3754514623248596
0.37200676669289334
0.36859406827562335
0.36521105077462485
0.36185816415062516
0.3585373363403281
0.3552482247053049
0.351988378106833
0.3487570449618069
0.3455559600635359
0.3423857002665815
0.339244182759918
0.3361300637078502
0.33304472068136753
0.32998907490130097
0.3269613381423502
0.3239600622975924
0.3209864761210425
0.3180414377970716
0.31512319391302207
0.3122305518515983
0.3093648317854408
0.30652647476828426
0.3037136038068568
0.30092565576232366
0.29816405117565764
0.29542842521860785
0.29271698415786285
0.29003013656208054
0.2873689293710682
0.2847320217221469
0.2821184323955711
0.2795293558736821
0.27696461202830447
0.27442260060445073
0.2719038268909168
0.269408983960381
0.266936611087916
0.2644864353856241
0.26205948699237186
0.25965473957818946
0.25727141401942794
0.25491053686024395
0.2525714630345477
0.2502531949918153
0.24795665614135354
0.24568139758954244
0.24342639823026502
0.2411925098065019
0.23897928299091942
0.236785808678232
0.23461291407653304
0.2324599846744703
0.23032636484623745
0.2282128266762083
0.22611850107645606
0.2240431545787051
0.22198732796911566
0.21994997979386116
0.21793140096969502
0.21593160875309694
0.21394974144272474
0.2119864207411893
0.21004099773039347
0.20811327315639688
0.20620357990607774
0.20431103983725885
0.2024361286615599
0.20057835648472674
0.19873750266654838
0.19691381361918062
0.19510653787702878
0.19331613576174883
0.19154197425634806
0.18978415734619566
0.18804253467279283
0.18631673182687677
0.18460699500362254
0.18291269351353365
0.1812341907342124
0.1795708709929602
0.177922993422062
0.17629011005940293
0.174672292110815
0.17306928458799375
0.17148098806098605
0.16990729638154328
0.16834799687907956
0.16680307117588897
0.1652722517898331
0.16375555521892712
0.16225270551294574
0.16076371349143592
0.1592883306158488
0.15782652922772603
0.15637811882204483
0.15494300430249222
0.15352107960832623
0.1521121601995235
0.1507162384576281
0.1493330389267199
0.14796263586779543
0.14660470218289207
0.14525932934229197
0.1439262264325832
0.14260539991414287
0.141296694545156
