-13.998600058331974
-13.998574006285066
-13.99854746944667
-13.998520438796298
-13.998492905145637
-13.998464859135455
-13.99843629123239
-13.998407191725732
-13.998377550724133
-13.998347358152222
-13.998316603747199
-13.998285277055357
-13.99825336742851
-13.9982208640204
-13.998187755782986
-13.998154031462732
-13.998119679596751
-13.99808468850892
-13.998049046305926
-13.998012740873225
-13.997975759870908
-13.997938090729555
-13.997899720645913
-13.9978606365786
-13.99782082524363
-13.997780273109957
-13.997738966394824
-13.997696891059121
-13.997654032802616
-13.99761037705909
-13.997565908991398
-13.997520613486428
-13.99747447514998
-13.997427478301528
-13.997379606968916
-13.997330844882928
-13.997281175471755
-13.99723058185539
-13.997179046839888
-13.997126552911535
-13.997073082230912
-13.997018616626825
-13.996963137590148
-13.996906626267556
-13.996849063455102
-13.996790429591732
-13.996730704752618
-13.996669868642428
-13.996607900588405
-13.99654477953341
-13.99648048402871
-13.996414992226772
-13.996348281873798
-13.996280330302211
-13.99621111442295
-13.996140610717651
-13.996068795230673
-13.995995643560958
-13.995921130853784
-13.995845231792309
-13.995767920589014
-13.995689170976943
-13.995608956200808
-13.995527249007923
-13.995444021638942
-13.995359245818486
-13.995272892745529
-13.995184933083667
-13.99509533695116
-13.995004073910785
-13.994911112959565
-13.99481642251825
-13.994719970420604
-13.994621723902517
-13.994521649590904
-13.994419713492427
-13.994315880981935
-13.994210116790772
-13.994102384994823
-13.993992649002351
-13.993880871541608
-13.993767014648208
-13.993651039652292
-13.993532907165418
-13.993412577067243
-13.993290008491934
-13.99316515981435
-13.993037988635946
-13.992908451770425
-13.992776505229148
-13.992642104206219
-13.992505203063354
-13.99236575531444
-13.992223713609796
-13.992079029720191
-13.991931654520508
-13.991781537973148
-13.991628629111114
-13.991472876020776
-13.991314225824336
-13.991152624661947
-13.99098801767351
-13.990820348980153
-13.99064956166534
-13.990475597755648
-13.99029839820119
-13.990117902855665
-13.989934050456059
-13.989746778601946
-13.989556023734439
-13.989361721114728
-13.989163804802224
-13.98896220763233
-13.988756861193744
-13.988547695805424
-13.988334640493045
-13.988117622965083
-13.98789656958844
-13.987671405363614
-13.987442053899407
-13.987208437387201
-13.986970476574715
-13.98672809073932
-13.986481197660838
-13.986229713593842
-13.985973553239468
-13.985712629716692
-13.98544685453309
-13.985176137555017
-13.984900386977337
-13.984619509292493
-13.984333409259062
-13.984041989869732
-13.98374515231869
-13.983442795968392
-13.983134818315737
-13.98282111495765
-13.982501579556
-13.982176103801844
-13.98184457737913
-13.981506887927594
-13.981162921005085
-13.980812560049175
-13.980455686338006
-13.980092178950539
-13.979721914725951
-13.979344768222381
-13.978960611674898
-13.97856931495266
-13.97817074551538
-13.977764768368907
-13.977351246020048
-13.976930038430554
-13.976501002970295
-13.97606399436952
-13.975618864670317
-13.975165463177145
-13.974703636406485
-13.97423322803559
-13.973754078850268
-13.973266026691732
-13.972768906402527
-13.972262549771406
-13.971746785477261
-13.971221439032002
-13.97068633272245
-13.970141285551112
-13.969586113175948
-13.969020627849009
-13.968444638353988
-13.96785794994262
-13.967260364269976
-13.966651679328539
-13.966031689381126
-13.965400184892607
-13.964756952460352
-13.96410177474348
-13.96343443039081
-13.962754693967504
-13.962062335880423
-13.961357122302134
-13.960638815093537
-13.959907171725119
-13.959161945196824
-13.958402883956438
-13.957629731816562
-13.956842227870066
-13.95604010640406
-13.95522309681233
-13.954390923506207
-13.95354330582383
-13.952679957937827
-13.951800588761365
-13.950904901852478
-13.949992595316756
-13.94906336170826
-13.948116887928743
-13.947152855125035
-13.946170938584629
-13.94517080762945
-13.944152125507735
-13.943114549283957
-13.942057729726947
-13.940981311195891
-13.93988493152445
-13.938768221902754
-13.937630806757438
-13.936472303629463
-13.935292323049893
-13.934090468413455
-13.932866335849914
-13.931619514093219
-13.930349584348376
-13.929056120155952
-13.927738687254356
-13.926396843439601
-13.925030138422741
-13.923638113684799
-13.922220302329224
-13.9207762289318
-13.919305409387956
-13.917807350757524
-13.916281551106763
-13.914727499347748
-13.913144675074973
-13.911532548399226
-13.909890579778576
-13.908218219846576
-13.906514909237476
-13.904780078408544
-13.903013147459376
-13.901213525948148
-13.899380612704826
-13.897513795641204
-13.895612451557797
-13.893675945947509
-13.891703632796032
-13.889694854378938
-13.887648941055398
-13.885565211058541
-13.883442970282298
-13.881281512064792
-13.879080116968174
-13.876838052554834
-13.87455457316002
-13.872228919660703
-13.869860319240756
-13.867447985152305
-13.864991116473263
-13.862488897860963
-13.85994049930186
-13.857345075857234
-13.854701767404874
-13.852009698376666
-13.849267977492037
-13.846475697487229
-13.843631934840342
-13.840735749492056
-13.837786184562084
-13.834782266061168
-13.831723002598714
-13.828607385085915
-13.825434386434333
-13.822202961249939
-13.818912045522524
-13.815560556310421
-13.812147391420542
-13.808671429083631
-13.805131527624738
-13.801526525128823
-13.79785523910149
-13.794116466124752
-13.790308981507874
-13.786431538933149
-13.782482870096665
-13.778461684343945
-13.774366668300472
-13.77019648549706
-13.765949775990016
-13.761625155976072
-13.757221217402062
-13.752736527569327
-13.748169628732766
-13.74351903769457
-13.738783245392625
-13.733960716483494
-13.729049888919981
-13.724049173523355
-13.718956953550085
-13.713771584253173
-13.708491392438017
-13.703114676012866
-13.69763970353382
-13.692064713744363
-13.68638791510952
-13.680607485344545
-13.674721570938244
-13.66872828667089
-13.662625715126799
-13.656411906201576
-13.65008487660407
-13.643642609353089
-13.637083053268878
-13.6304041224595
-13.623603695802089
-13.616679616419056
-13.609629691149408
-13.60245169001511
-13.595143345682722
-13.587702352920282
-13.580126368049633
-13.572413008394248
-13.564559851722676
-13.556564435687804
-13.548424257261914
-13.540136772167903
-13.531699394306617
-13.52310949518061
-13.514364403314422
-13.50546140367163
-13.496397737068824
-13.487170599586761
-13.477777141978908
-13.468214469077605
-13.458479639198163
-13.448569663541104
-13.438481505592852
-13.428212080525192
-13.417758254593807
-13.407116844536256
-13.396284616969687
-13.385258287788728
-13.374034521563917
-13.36260993094108
-13.350981076042116
-13.339144463867605
-13.3270965477018
-13.314833726520366
-13.302352344401562
-13.289648689941263
-13.276718995672496
-13.263559437490075
-13.250166134080917
-13.236535146360785
-13.222662476918057
-13.20854406946529
-13.194175808299347
-13.179553517770826
-13.164672961763623
-13.149529843185507
-13.134119803470568
-13.118438422094473
-13.102481216103477
-13.086243639658253
-13.06972108359349
-13.052908874994426
-13.035802276791431
-13.018396487373757
-13.000686640223778
-12.982667803572863
-12.964334980080347
-12.945683106536809
-12.926707053593233
-12.907401625517362
-12.887761559978951
-12.867781527865313
-12.847456133128983
-12.82677991266906
-12.805747336248057
-12.78435280644607
-12.762590658654158
-12.740455161108876
-12.717940514969994
-12.695040854443498
-12.671750246951987
-12.648062693354813
-12.62397212822012
-12.599472420151283
-12.574557372170162
-12.549220722159717
-12.523456143368604
-12.497257244980428
-12.470617572750516
-12.44353060971299
-12.415989776961132
-12.387988434504143
-12.35951988220332
-12.330577360790999
-12.30115405297547
-12.271243084635385
-12.24083752610708
-12.20993039356846
-12.178514650523136
-12.146583209388638
-12.114128933192532
-12.081144637380548
-12.047623091740688
-12.013557022447639
-11.978939114231679
-11.943762012676569
-11.908018326650836
-11.871700630877163
-11.834801468644446
-11.797313354667466
-11.75922877809896
-11.720540205699114
-11.68124008516764
-11.641320848643495
-11.60077491637763
-11.559594700584066
-11.517772609474786
-11.475301051483958
-11.432172439687088
-11.388379196420832
-11.343913758109174
-11.29876858030189
-11.252936142930983
-11.206408955791325
-11.159179564251177
-11.11124055519886
-11.062584563231464
-11.013204277091765
-10.963092446359452
-10.91224188840264
-10.860645495595932
-10.808296242810915
-10.755187195185265
-10.701311516176387
-10.646662475905503
-10.591233459798024
-10.535017977526083
-10.478009672258626
-10.42020233022488
-10.361589890596253
-10.302166455692065
-10.241926301514003
-10.180863888614061
-10.118973873300565
-10.056251119186363
-9.992690709083341
-9.92828795724665
-9.863038421972096
-9.796937918549315
-9.729982532573327
-9.662168633616336
-9.593492889261086
-9.52395227949686
-9.453544111478191
-9.382266034646019
-9.31011605621018
-9.237092556991522
-9.163194307620863
-9.088420485091609
-9.012770689661497
-8.936244962098272
-8.858843801262969
-8.780568182023375
-8.701419573489282
-8.621399957559525
-8.540511847770077
-8.458758308430673
-8.376142974036105
-8.29267006893707
-8.208344427253609
-8.123171513012512
-8.037157440488617
-7.950308994727823
-7.8626336522277755
-7.77413960175036
-7.684835765237907
-7.594731818802918
-7.503838213758767
-7.412166197656735
-7.319727835292031
-7.226536029639047
-7.132604542673555
-7.037948016036829
-6.942581991493694
-6.846522931134021
-6.749788237263913
-6.652396271929888
-6.554366376016372
-6.455718887853495
-6.356475161269033
-6.256657583014936
-6.156289589495627
-6.055395682721858
-5.9540014454102135
-5.852133555145237
-5.749819797517404
-5.647089078146603
-5.543971433497511
-5.4404980403895955
-5.336701224100835
-5.232614464961257
-5.128272403328582
-5.023710842835275
-4.918966751792892
-4.814078262636855
-4.709084669291606
-4.6040264223333836
-4.498945121825567
-4.3938835076990195
-4.288885447547729
-4.183995921708705
-4.0792610054932155
-3.974727848435604
-3.870444650425455
-3.766460634588231
-3.6628260167803575
-3.5595919715649345
-3.4568105945363
-3.3545348608632235
-3.2528185799233107
-3.15171634590496
-3.051283484257004
-2.951575993871483
-2.8526504848909546
-2.7545641120386204
-2.657374503377387
-2.5611396844132095
-2.4659179974679137
-2.3717680162582493
-2.2787484556302218
-2.186918076411864
-2.0963355853626577
-2.007059530214338
-1.9191481898161697
-1.8326594594170231
-1.7476507311378793
-1.664178769711027
-1.5822995835865932
-1.5020682915327424
-1.4235389848838356
-1.3467645856197379
-1.2717967004906718
-1.1986854714342474
-1.1274794225657878
-1.0582253040586416
-0.9909679332683989
-0.9257500334938413
-0.8626120708074385
-0.8015920894294606
-0.7427255461624966
-0.686045144446469
-0.63158066863841
-0.5793588191664121
-0.5294030492520925
-0.48173340394154884
-0.4363663622296876
-0.39331468310779805
-0.35258725640803235
-0.3141889593608962
-0.27812051982342645
-0.24437838717417648
-0.21295461190784337
-0.18383673499576503
-0.15700768810809151
-0.13244570581905535
-0.11012425093755951
-0.09001195412039742
-0.0720725689346331
-0.05626494353800027
-0.04254301014076489
-0.0308557933990663
-0.021147438867055612
-0.013357262602877285
-0.007419822980478941
-0.003265015705137486
-0.0008181929643260588
-3.075666441532121e-7
-0.0007280828292621777
-0.002914208868084245
-0.0064675658241331035
-0.011293474423865746
-0.0172939741201823
-0.024368128894117547
-0.032412360614904046
-0.04132080965791474
-0.050985722266331024
-0.0612978639134969
-0.07214695767940427
-0.08342214639740675
-0.09501247705692606
-0.10680740566632352
-0.11869732048814718
-0.1305740812592191
-0.14233157170208877
-0.15386626232508682
-0.16507778019829544
-0.17586948208538367
-0.18614902700993596
-0.19582894404377527
-0.20482719082749057
-0.213067698075303
-0.22048089508161972
-0.2270042110408177
-0.23258254682022717
-0.23716871169445675
-0.24072381946305121
-0.24321763833897592
-0.24462888901800284
-0.24494548542525685
-0.2441647127900488
-0.24229333792934682
-0.23934764692885224
-0.23535340580299824
-0.2303457401952187
-0.22436893075045816
-0.2174761214552543
-0.2097289389976016
-0.20119702204878465
-0.19195746031073924
-0.1820941442012085
-0.17169702716039126
-0.16086130374862329
-0.1496865079563996
-0.1382755374530671
-0.1267336108455961
-0.11516716638685409
-0.10368271194527523
-0.09238563740347772
-0.08137900196832426
-0.07076231012379708
-0.060630291112838464
-0.05107169786560739
-0.042168142168662825
-0.033992983560604983
-0.026610289912659013
-0.020073887875735608
-0.014426521317590257
-0.00969913550595436
-0.005910304089026042
-0.0030658148609354896
-0.0011584288580976931
-0.00016782550000016272
-6.0744259378964216e-5
-0.0007913307232456646
-0.002301691898908942
-0.004522662248566789
-0.007374778233410595
-0.010769455156625085
-0.014610355868731162
-0.01879493650602626
-0.023216149952890675
-0.02776428324306579
-0.0323289007469576
-0.03680086084461287
-0.041074369979027026
-0.045049034650322284
-0.04863186917967788
-0.05173921507565282
-0.054298526703682626
-0.05624997781428753
-0.057547844436781403
-0.05816162178579454
-0.05807683622851734
-0.05729551806405908
-0.05583630688275676
-0.053734168574823826
-0.0510397115739476
-0.047818099535826164
-0.04414756819856258
-0.040117565435460634
-0.03582654522490181
-0.03137945811237586
-0.026884992367991245
-0.02245263105315587
-0.018189600178143195
-0.014197791616547661
-0.0105707509988342
-0.0073908250042897805
-0.004726563909734693
-0.0026304735876099272
-0.0011372061019052637
-0.0002622694496530187
-1.3247756545098355e-6
-0.00033012362175810495
-0.00120511868333395
-0.002564759523384197
-0.004331460297127165
-0.00641420049681507
-0.008711692928878634
-0.01111602662066069
-0.013516667275856875
-0.01580467549251985
-0.01787698449342834
-0.019640565841660518
-0.02101630468156479
-0.02194240645577139
-0.022377165568688184
-0.022300943556121666
-0.021717230066217397
-0.020652694011262795
-0.01915617379103729
-0.01729660319153048
-0.015159921606656468
-0.012845071325049418
-0.010459238077638489
-0.008112540859043449
-0.0059124200553419826
-0.003958005968602407
-0.0023347699574962633
-0.001109765053715961
-0.00032775013797170516
-8.460486725425653e-6
-0.00014523769264052078
-0.0007051647745015543
-0.0016307701720634782
-0.002843271022635818
-0.004247226626821643
-0.005736373375839321
-0.0072003194473673204
-0.008531698476486937
-0.009633323262107751
-0.010424849805424685
-0.010848463766102157
-0.01087313908800347
-0.010497093031160531
-0.009748171287803586
-0.008682036337757992
-0.007378193706669478
-0.005934063476358276
-0.004457475092818797
-0.003058117574967767
-0.0018385996208714062
-0.0008858507607367727
-0.00026361393883611584
-6.7338961073915016e-6
-0.00011783181760982586
-0.0005667784302811896
-0.0012931453383977498
-0.0022115447786568154
-0.003219483956840463
-0.004207088826134964
-0.005067822786983811
-0.005709166731008963
-0.006062162459857134
-0.006088768742577244
-0.005786144696211082
-0.005187252681324139
-0.004357542615162302
-0.0033879082532433102
-0.002384549060343133
-0.001456776935832238
-0.0007041216065211131
-0.00020426311831300836
-3.3176556595293505e-6
-0.00010980560224105318
-0.0004932438095970326
-0.0010877594039691019
-0.001800477875301354
-0.002523772669595914
-0.003149868913535414
-0.003585863215917584
-0.0037670349573861728
-0.0036664354662026
-0.0032991642711888147
-0.0027204435153418416
-0.002017501396359478
-0.001296249800123661
-0.0006646391104396798
-0.00021523758360331158
-9.877115532574976e-6
-6.904251060646516e-5
-0.00036803846687938346
-0.000840912157729079
-0.001391788057713228
-0.0019119019004261162
-0.002299454756339969
-0.0024786904207516613
-0.002414515936132844
-0.0021196185072920315
-0.0016523287979453016
-0.0011052429484657011
-0.0005865232557979994
-0.00019745919001401546
-1.0900688037551731e-5
-5.528187226033765e-5
-0.0003080161787423208
-0.0007001699148130314
-0.0011318500294361655
-0.0014951973216525971
-0.0016998646022479136
-0.0016949292261507765
-0.0014816846296898945
-0.001113696519555063
-0.0006835419286943534
-0.0002990859718803307
-5.5110937397628845e-5
-7.73792395136752e-6
-0.00015878397436885905
-0.000454865096591206
-0.0008021518880791945
-0.0010931943269696376
-0.0012384364784452373
-0.0011931647465104334
-0.000971450882525815
-0.0006421798026465808
-0.0003076366789453999
-7.079930122344535e-5
-1.5859347133329038e-6
-0.00011329970702256276
-0.00035773205798683705
-0.0006414321677414847
-0.0008583188720887591
-0.0009276275125067457
-0.0008235457390686207
-0.0005851479336520526
-0.0003020163907425655
-8.005298873392519e-5
-5.9203106417271556e-8
-8.533369497598642e-5
-0.0002918578764070645
-0.0005260961625204175
-0.0006840777432142175
-0.0006958870829052444
-0.0005563542110174069
-0.0003277147773168565
-0.00011185657606915811
-3.662908179435931e-6
-4.654072137633136e-5
-0.00021145112603093708
-0.0004106080667156675
-0.0005405121692785286
-0.00053387946354988
-0.0003942367852882711
-0.00019443714577604965
-3.840038185920491e-5
-5.22775993339053e-6
-0.00010567506648406777
-0.0002758242802780586
-0.00041306443053201747
-0.0004352597351182652
-0.00032917711286195583
-0.0001587049848765787
-2.6238245052212505e-5
-9.333151687940244e-6
-0.00011166428840780895
-0.00026037394297517835
-0.00035337927637435484
-0.0003271224659400218
-0.00019969492633364894
-5.8668793160521204e-5
-1.4492144373434712e-8
-5.976300928089984e-5
-0.00018770370073717402
-0.0002841403228579509
-0.00027452119473814207
-0.0001663900866866186
-4.374586626987309e-5
-9.101729077087839e-7
-6.679462551417714e-5
-0.00018113121490515027
-0.0002443622160210879
-0.0002017074249955897
-9.033704236394158e-5
-7.026062737836014e-6
-2.2188140363255116e-5
-0.00011615660124952853
-0.00019715770689110457
-0.00018706662678624753
-9.572499622123587e-5
-1.1487997522152682e-5
-1.4374077242251815e-5
-9.60392585422909e-5
-0.00016823574957314236
-0.00015403528017898793
-6.868500573098402e-5
-3.287171599808403e-6
-2.5789903505213374e-5
-0.00010595721766826216
-0.00014939572160521664
-0.00010534506671611155
-2.5506015692400297e-5
-2.929627802572554e-6
-6.04316908248137e-5
-0.00012293242159699957
-0.00011059919100553373
-3.9285527542176624e-5
-1.8685827996023363e-8
-4.053863301578531e-5
-0.00010240993452192981
-9.9740859731412e-5
-3.632318016677516e-5
-4.357131189181018e-8
-3.8930522368474385e-5
-9.269920342624971e-5
-8.074190024665029e-5
-2.1064076912935548e-5
-2.816446810882667e-6
-5.032199857524233e-5
-8.587470108523121e-5
-5.223739123749738e-5
-3.681044136172318e-6
-1.746849517836324e-5
-6.681185782042576e-5
-6.629052829865145e-5
-1.688508448438597e-5
-3.6048459897131124e-6
-4.65125333128924e-5
-6.576481820808056e-5
-2.598186237179334e-5
-3.480290633461891e-7
-3.411390492402688e-5
-5.9904537970112415e-5
-2.728210873570447e-5
-6.185378431666777e-8
-2.9858214885436496e-5
-5.354573359106496e-5
-2.2046066510128526e-5
-5.944493732812361e-7
-3.1829262715277196e-5
-4.635289743681881e-5
-1.242450466421019e-5
-4.091810778206195e-6
-3.714949533417666e-5
-3.492565917895263e-5
-2.5960054070850447e-6
-1.3990561940957491e-5
-3.948651253971036e-5
-1.7343938361946698e-5
-1.0372911418699005e-6
-2.8302738972030284e-5
-2.9406451245606036e-5
-1.595368608775516e-6
-1.4580428556953962e-5
-3.236153536434472e-5
-7.928484317076823e-6
-5.589988520071643e-6
-2.92867650237838e-5
-1.358560193054359e-5
-1.5988589563420419e-6
-2.470728289516444e-5
-1.638593167996305e-5
-3.87242147681377e-7
-2.1182062695856985e-5
-1.653568265425065e-5
-1.91535775684315e-7
-1.9427611849920368e-5
-1.467326990045592e-5
-4.554470081075124e-7
-1.9139139677548656e-5
-1.1156277412993632e-5
-1.6460679272967127e-6
-1.929498488628667e-5
-6.3714767168931985e-6
-4.706361069750642e-6
-1.808053790952613e-5
-1.6825454220992242e-6
-9.84682708704554e-6
-1.3447317465775654e-5
-1.1206340566616291e-7
-1.4631517014862538e-5
-5.600450254661382e-6
-4.489275255536995e-6
-1.38001933454035e-5
-9.783348708936046e-8
-1.1788994026318278e-5
-5.559531695453757e-6
-3.9779808762574476e-6
-1.1593808810772543e-5
-1.9590990163464994e-8
-1.1517805045713203e-5
-2.2717343348688246e-6
-6.845636502106345e-6
-6.830908368726796e-6
-2.169035990817747e-6
-9.740104561117846e-6
-9.037030324066109e-8
-9.887633639849014e-6
-4.803052746638059e-7
-8.208083423610901e-6
-2.0353024865471525e-6
-6.02420882955812e-6
-3.6273923065266445e-6
-4.168804057513853e-6
-4.724125723498673e-6
-2.915784143908695e-6
-5.239657713929091e-6
-2.2292890200503734e-6
-5.269710161570629e-6
-1.9951501784021275e-6
-4.91554520287707e-6
-2.137454508499559e-6
-4.221853757258032e-6
-2.633805054941263e-6
-3.2017790765337395e-6
-3.45438690807498e-6
-1.930472995681498e-6
-4.440969270547157e-6
-6.818385394069537e-7
-5.1780472460905e-6
-9.279895962777118e-9
-5.017784943106562e-6
-5.476307283203141e-7
-3.5076761548680224e-6
-2.3470896355348714e-6
-1.2081132787500337e-6
