-14.9960432750256
-14.995969651212215
-14.995894657679395
-14.995818268952641
-14.995740459083999
-14.995661201643262
-14.995580469709001
-14.99549823585944
-14.995414472163185
-14.995329150169797
-14.995242240900103
-14.995153714836418
-14.995063541912547
-14.994971691503602
-14.994878132415659
-14.99478283287516
-14.994685760518209
-14.994586882379576
-14.994486164881566
-14.994383573822677
-14.994279074365982
-14.994172631027393
-14.994064207663635
-14.993953767460024
-14.99384127291803
-14.993726685842569
-14.993609967329148
-14.993491077750653
-14.993369976743972
-14.993246623196391
-14.993120975231633
-14.99299299019578
-14.992862624642799
-14.9927298343199
-14.9925945741526
-14.992456798229457
-14.992316459786622
-14.99217351119198
-14.992027903929145
-14.991879588581028
-14.991728514813184
-14.991574631356807
-14.991417885991451
-14.991258225527403
-14.991095595787746
-14.990929941590073
-14.9907612067279
-14.990589333951698
-14.990414264949596
-14.990235940327729
-14.990054299590218
-14.989869281118816
-14.989680822152092
-14.989488858764334
-14.989293325844017
-14.98909415707187
-14.988891284898529
-14.988684640521846
-14.988474153863702
-14.98825975354644
-14.988041366868853
-14.987818919781727
-14.987592336862946
-14.987361541292136
-14.987126454824846
-14.98688699776625
-14.986643088944373
-14.986394645682829
-14.986141583773048
-14.985883817446014
-14.985621259343473
-14.98535382048862
-14.985081410256212
-14.984803936342242
-14.98452130473293
-14.984233419673215
-14.983940183634674
-14.983641497282845
-14.983337259443937
-14.98302736707097
-14.98271171520925
-14.982390196961285
-14.98206270345096
-14.981729123787172
-14.981389345026715
-14.981043252136566
-14.980690727955391
-14.980331653154451
-14.979965906197734
-14.979593363301387
-14.97921389839238
-14.978827383066504
-14.97843368654549
-14.978032675633461
-14.9776242146725
-14.977208165497512
-14.976784387390163
-14.976352737032085
-14.975913068457167
-14.975465233003028
-14.975009079261572
-14.974544453028683
-14.97407119725302
-14.973589151983854
-14.973098154317983
-14.972598038345723
-14.972088635095867
-14.971569772479699
-14.971041275233993
-14.970502964863003
-14.969954659579368
-14.969396174244004
-14.968827320304888
-14.968247905734794
-14.967657734967842
-14.967056608834989
-14.966444324498312
-14.96582067538415
-14.96518545111506
-14.964538437440503
-14.963879416166403
-14.963208165083346
-14.96252445789355
-14.961828064136597
-14.9611187491137
-14.960396273810794
-14.959660394820148
-14.958910864260675
-14.958147429696762
-14.95736983405571
-14.956577815543735
-14.955771107560425
-14.954949438611775
-14.95411253222163
-14.953260106841613
-14.952391875759465
-14.951507547005772
-14.950606823259061
-14.949689401749255
-14.948754974159458
-14.947803226525945
-14.946833839136563
-14.945846486427216
-14.94484083687665
-14.94381655289939
-14.942773290736818
-14.941710700346368
-14.940628425288839
-14.93952610261373
-14.938403362742653
-14.937259829350692
-14.936095119245756
-14.934908842245909
-14.933700601054507
-14.932469991133324
-14.931216600573448
-14.92994000996397
-14.928639792258522
-14.927315512639527
-14.925966728380107
-14.924592988703735
-14.923193834641491
-14.921768798886948
-14.92031740564861
-14.918839170499899
-14.917333600226623
-14.915800192671945
-14.914238436578747
-14.912647811429409
-14.911027787282935
-14.909377824609395
-14.90769737412168
-14.905985876604461
-14.90424276274037
-14.902467452933385
-14.90065935712931
-14.898817874633355
-14.896942393924801
-14.895032292468649
-14.893086936524284
-14.89110568095105
-14.889087869010767
-14.887032832167089
-14.884939889881652
-14.882808349407139
-14.880637505576948
-14.878426640591645
-14.876175023802109
-14.873881911489267
-14.87154654664047
-14.86916815872238
-14.866745963450446
-14.864279162554785
-14.861766943542618
-14.859208479456992
-14.856602928631986
-14.85394943444421
-14.851247125060581
-14.848495113182471
-14.845692495785931
-14.842838353858255
-14.839931752130678
-14.83697173880717
-14.833957345289349
-14.830887585897512
-14.827761457587648
-14.824577939664522
-14.821335993490685
-14.818034562191512
-14.81467257035613
-14.811248923734267
-14.807762508928995
-14.804212193085327
-14.800596823574702
-14.796915227675234
-14.793166212247828
-14.789348563408064
-14.785461046193905
-14.781502404229096
-14.777471359382444
-14.773366611422789
-14.7691868376697
-14.764930692640043
-14.760596807690154
-14.756183790653933
-14.751690225476569
-14.747114671844136
-14.742455664808938
-14.737711714410684
-14.732881305293487
-14.727962896318719
-14.72295492017376
-14.71785578297665
-14.7126638638767
-14.707377514651121
-14.701995059297651
-14.69651479362331
-14.690934984829331
-14.685253871092216
-14.679469661141152
-14.67358053383176
-14.667584637716265
-14.661480090610175
-14.65526497915562
-14.64893735838133
-14.642495251259502
-14.635936648259548
-14.629259506898938
-14.622461751291196
-14.61554127169122
-14.608495924038118
-14.601323529495634
-14.594021873990359
-14.586588707747952
-14.579021744827514
-14.571318662654296
-14.563477101550975
-14.555494664267753
-14.547368915511447
-14.539097381473816
-14.530677549359462
-14.522106866913493
-14.513382741949272
-14.504502541876507
-14.495463593230092
-14.486263181199915
-14.476898549162051
-14.467366898211655
-14.457665386697995
-14.447791129761958
-14.437741198876457
-14.427512621390226
-14.417102380075338
-14.406507412679085
-14.395724611480547
-14.384750822852444
-14.37358284682883
-14.362217436679147
-14.350651298489186
-14.338881090749682
-14.326903423953006
-14.314714860198787
-14.302311912808994
-14.289691045953274
-14.276848674285285
-14.263781162590707
-14.250484825447842
-14.23695592690155
-14.223190680151395
-14.20918524725487
-14.194935738846691
-14.180438213875036
-14.165688679355728
-14.15068309014545
-14.135417348734979
-14.119887305063548
-14.10408875635551
-14.088017446980444
-14.071669068337917
-14.055039258768158
-14.038123603489943
-14.02091763456701
-14.003416830904404
-13.985616618276161
-13.96751236938581
-13.949099403961176
-13.930372988885061
-13.91132833836341
-13.891960614132623
-13.872264925707677
-13.852236330672817
-13.831869835016668
-13.811160393513532
-13.790102910152827
-13.768692238618573
-13.74692318282099
-13.724790497482184
-13.702288888778059
-13.679413015038673
-13.65615748750908
-13.632516871173143
-13.608485685642423
-13.584058406112629
-13.559229464390079
-13.533993249990452
-13.508344111312633
-13.482276356889953
-13.455784256721607
-13.42886204368693
-13.401503915045096
-13.37370403402318
-13.345456531495334
-13.316755507755873
-13.287595034389243
-13.257969156239783
-13.227871893484274
-13.197297243810258
-13.166239184703171
-13.134691675845467
-13.102648661630612
-13.070104073795369
-13.037051834173234
-13.00348585757242
-12.969400054781445
-12.93478833570546
-12.899644612636633
-12.863962803661673
-12.827736836209697
-12.790960650743575
-12.753628204597899
-12.715733475966678
-12.677270468043822
-12.638233213319408
-12.598615778034754
-12.558412266799099
-12.51761682737088
-12.476223655606116
-12.434227000576856
-12.391621169861914
-12.34840053501258
-12.304559537195514
-12.26009269301488
-12.21499460051597
-12.169259945371879
-12.12288350725509
-12.075860166395307
-12.028184910324764
-11.979852840812105
-11.930859180985449
-11.881199282645197
-11.830868633766775
-11.779862866193085
-11.728177763516376
-11.675809269148505
-11.622753494578644
-11.569006727816705
-11.514565442020475
-11.459426304304163
-11.403586184725295
-11.34704216544664
-11.289791550069245
-11.231831873132093
-11.173160909773378
-11.11377668554772
-11.05367748639313
-10.992861868740768
-10.931328669759903
-10.869077017729799
-10.806106342529493
-10.742416386235627
-10.678007213817773
-10.61287922391984
-10.547033159715262
-10.480470119822844
-10.413191569269301
-10.345199350483345
-10.276495694305622
-10.207083230997418
-10.136965001230372
-10.066144467038242
-9.99462552271072
-9.922412505608472
-9.849510206877127
-9.77592388203723
-9.701659261425858
-9.626722560464575
-9.551120489727321
-9.47486026478067
-9.397949615767779
-9.320396796706502
-9.242210594470627
-9.163400337422539
-9.083975903664355
-9.003947728873642
-8.923326813688838
-8.842124730608521
-8.760353630367815
-8.678026247754458
-8.595155906826012
-8.511756525489389
-8.427842619402785
-8.34342930515992
-8.258532302715807
-8.173167937012973
-8.08735313876685
-8.00110544436878
-7.9144429948652455
-7.827384533971956
-7.739949405081713
-7.652157547225412
-7.564029489946284
-7.475586347047902
-7.386849809178031
-7.297842135210903
-7.208586142392425
-7.1191051952141695
-7.029423192983801
-6.939564556061846
-6.849554210736766
-6.759417572713119
-6.669180529190175
-6.578869419511673
-6.488511014370474
-6.398132493555831
-6.307761422234712
-6.217425725762666
-6.127153663024643
-6.036973798310477
-5.9469149717349215
-5.857006268217608
-5.767276985043601
-5.677756598031124
-5.588474726339271
-5.499461095954485
-5.4107455019014665
-5.322357769230498
-5.2343277128404
-5.146685096203182
-5.059459589063481
-4.972680724193491
-4.886377853291011
-4.8005801021156955
-4.715316324966018
-4.630615058606512
-4.54650447576204
-4.463012338302915
-4.38016595025136
-4.297992110746382
-4.216517067110239
-4.135766468165674
-4.055765317958336
-3.9765379300437207
-3.8981078825024653
-3.8204979738513956
-3.7437301800207816
-3.6678256125707325
-3.5928044783210407
-3.5186860405693423
-3.4454885820724677
-3.37322936996439
-3.301924622781879
-3.231589479765942
-3.1622379726023393
-3.0938829997591775
-3.026536303572632
-2.9602084502241546
-2.8949088127432994
-2.830645557159958
-2.7674256319185258
-2.7052547606537924
-2.64413743841453
-2.584076931406175
-2.5250752803080605
-2.4671333072037793
-2.4102506261459915
-2.354425657358286
-2.299655645057964
-2.2459366788638615
-2.193263718733771
-2.1416306233555726
-2.0910301818961976
-2.0414541489924485
-1.9928932828479091
-1.9453373862807641
-1.8987753505488296
-1.8531952017602435
-1.8085841496613586
-1.7649286385781213
-1.7222144002728434
-1.680426508466006
-1.6395494347617916
-1.5995671057075143
-1.5604629607101206
-1.5222200105286063
-1.4848208960588654
-1.448247947127694
-1.4124832410150798
-1.3775086604290898
-1.3433059506649059
-1.3098567756893722
-1.2771427729045932
-1.2451456063582071
-1.2138470181843886
-1.1832288780776477
-1.1532732306213784
-1.1239623403142058
-1.095278734159356
-1.0672052417056328
-1.0397250324518748
-1.0128216505507428
-0.9864790467712137
-0.9606816077022611
-0.9354141822023685
-0.9106621051206769
-0.8864112183350183
-0.862647889169839
-0.8393590262727368
-0.8165320930417383
-0.7941551187063887
-0.7722167071740671
-0.7507060437587327
-0.7296128999122438
-0.7089276360788492
-0.6886412027912332
-0.6687451401221445
-0.649231575598753
-0.6300932206785514
-0.6113233658754496
-0.5929158746134782
-0.5748651758734802
-0.5571662556857717
-0.5398146475095125
-0.5228064215275054
-0.5061381728744827
-0.48980700880704475
-0.4738105348155557
-0.45814683967204317
-0.4428144794041309
-0.4278124601830662
-0.4131402201142915
-0.39879760992140234
-0.38478487251865445
-0.37110262147339945
-0.35775181836678804
-0.34473374906962206
-0.3320499989580963
-0.3197024271026212
-0.3076931394697002
-0.29602446118239634
-0.2846989078883819
-0.2737191562851553
-0.26308801384990943
-0.2528083878160867
-0.24288325343021455
-0.23331562151127905
-0.22410850532139648
-0.21526488674176036
-0.20678768173299922
-0.1986797050458744
-0.1909436341385451
-0.18358197225259154
-0.17659701060411237
-0.16999078966065895
-0.16376505950232456
-0.15792123930745383
-0.15246037606231155
-0.14738310267004628
-0.14268959572734197
-0.13837953334575204
-0.13445205351567147
-0.13090571363945713
-0.1277384519894369
-0.12494755196785157
-0.12252961014836394
-0.1204805091506298
-0.1187953964272559
-0.1174686700127534
-0.11649397218390156
-0.11586419179946184
-0.11557147581655514
-0.11560725011879924
-0.11596224934101329
-0.11662655484896867
-0.11758963945110246
-0.11884041681355839
-0.12036729296114501
-0.12215821672509541
-0.12420072560115614
-0.12648198326962934
-0.128988805063182
-0.13170766800299738
-0.13462470269991833
-0.1377256654563599
-0.14099589029984116
-0.14442022239039076
-0.14798293619319658
-0.1516676438764506
-0.155457201426362
-0.15933362177913324
-0.1632780056468981
-0.16727050145201794
-0.1712903056912758
-0.1753157139820516
-0.1793242309194678
-0.18329274371118487
-0.18719776048260073
-0.19101570940504686
-0.19472328975588837
-0.19829786113110437
-0.20171785281668697
-0.2049631723124019
-0.2080155906576877
-0.21085908287498611
-0.21348010465848333
-0.2158677912803455
-0.21801407115826876
-0.21991369394452676
-0.2215641804446129
-0.2229657081113281
-0.2241209502578272
-0.22503488864777133
-0.22571461727253528
-0.2261691499569931
-0.2264092366053223
-0.22644718368778172
-0.2262966657679737
-0.22597250853450213
-0.22549042190245494
-0.22486666574741676
-0.22411764124617584
-0.22325941685883954
-0.22230721749058446
-0.22127492478229804
-0.22017465136675618
-0.2190164577122875
-0.21780827311628315
-0.21655606065709598
-0.21526423041878218
-0.21393626033183288
-0.2125754369687698
-0.2111855893146135
-0.20977166721180218
-0.20834002151397613
-0.20689827955090756
-0.20545477576802718
-0.20401758465562025
-0.20259329592055408
-0.20118575040050146
-0.19979499898034447
-0.19841673949750493
-0.197042421177283
-0.19566008804936175
-0.19425588130013516
-0.1928159662659361
-0.19132852913033638
-0.18978543516063162
-0.18818317668519313
-0.1865228679790345
-0.1848092459203574
-0.18304886879051807
-0.1812479166825689
-0.179410130508737
-0.17753544077568684
-0.1756197162096207
-0.17365582290693915
-0.17163587572911965
-0.16955425609099883
-0.16741074074861473
-0.16521299760404595
-0.16297778876451652
-0.16073046839406757
-0.158502721616415
-0.1563288778927916
-0.1542414532489893
-0.15226674829776243
-0.1504213062584352
-0.14870982042662995
-0.14712472968165713
-0.14564734953618164
-0.14425006518057693
-0.14289895402014174
-0.14155625251669335
-0.14018231560667793
-0.13873705644352086
-0.13718118481937758
-0.13547777255612736
-0.13359469036256222
-0.13150826783276415
-0.12920816494217569
-0.12670298180619
-0.12402565969441426
-0.1212373358883152
-0.11842812378693601
-0.11571343882045504
-0.11322511424087622
-0.11109769053094887
-0.10945175698565102
-0.10837764796310267
-0.10792353098788432
-0.10809140052787569
-0.1088425286318273
-0.11011098225692884
-0.1118209680906741
-0.1139022876154474
-0.11629892420850929
-0.1189686116815043
-0.12187496408656173
-0.1249766570381432
-0.12821887796973286
-0.13153056416439668
-0.13482784064227005
-0.13802123565078794
-0.14102307355001997
-0.14375230527839555
-0.14613626895995147
-0.14811126848871048
-0.14962524505892816
-0.15064536189944988
-0.15117066993498973
-0.15124565732598327
-0.1509662868544126
-0.15046927597477477
-0.14990070020906465
-0.14937108047081615
-0.14891548023531342
-0.14848031261469963
-0.14794808881211274
-0.1471907296379591
-0.14612373346179908
-0.14473079086794627
-0.14304496720788684
-0.14109814507326135
-0.13886818445829796
-0.13625262337867916
-0.13308170690507914
-0.12916428145788927
-0.12434803364087088
-0.11857285718304666
-0.11189972160207162
-0.1045054942147754
-0.09664716659770178
-0.08861399978350981
-0.08069378004503491
-0.07317009814572728
-0.06634347501984905
-0.06054751832303751
-0.056131563203299706
-0.053405856566159926
-0.05257469651888158
-0.05369281694812145
-0.05666468164168137
-0.06128068444651902
-0.06726694728707727
-0.07432179148815088
-0.08211913922407277
-0.09027799581615525
-0.09832727191612278
-0.10571796115951848
-0.11191786676294058
-0.11655820771721004
-0.11953268836074216
-0.12095835293335
-0.12102253048180067
-0.11986320965030295
-0.11760116303292456
-0.11444886634198781
-0.11069171437736891
-0.1064806771419704
-0.10165401209608937
-0.09585971259221715
-0.08897171655813096
-0.08146359914189105
-0.07436419308798037
-0.06876232017248007
-0.06529179202455104
-0.06409512119710392
-0.06522391254206283
-0.06889903818153265
-0.07526619879648422
-0.08393812222470132
-0.09380703181161465
-0.10326374920312098
-0.11068138271253858
-0.11492828702710156
-0.1156016565220579
-0.11286049456765213
-0.10713438500709316
-0.09899526744369425
-0.08916805091276103
-0.07857433657043522
-0.06826520964444782
-0.05902182640454612
-0.050858634846678186
-0.04316967988443743
-0.03564357333959833
-0.028909719937791678
-0.024008078890920714
-0.02142372434810369
-0.0211260881583879
-0.02327996998748816
-0.028141435028368633
-0.03535818928276413
-0.04386088662050902
-0.05220283280421256
-0.059005091072320326
-0.06363929286018077
-0.06634625704732322
-0.06751575764030981
-0.0675579113921767
-0.06709648684519287
-0.06605263857152721
-0.0637933479897459
-0.061186992197036716
-0.05984649003402254
-0.05943861945575435
-0.05923669519455821
-0.060470050922367236
-0.06401012584914945
-0.06848679293440973
-0.07207169487060305
-0.07375427667105505
-0.07358407878522932
-0.07333736962544712
-0.07578892014095118
-0.08249522365039397
-0.09197048538473673
-0.09951717466380039
-0.09966939494204397
-0.09041797865485535
-0.07571063752254048
-0.061182551464423085
-0.047945178332632565
-0.03513730584758079
-0.02415730410065109
-0.01672049182709401
-0.014446692334360023
-0.019003748397700804
-0.03063684600414085
-0.047641972746911065
-0.0663848412192376
-0.08387518986837605
-0.09998146841434163
-0.11420481942625393
-0.12281626133704293
-0.12002392872080492
-0.10616204658566986
-0.08820997118336571
-0.07114668549526293
-0.06082670777590593
-0.057731731914124396
-0.05681754655381255
-0.05864256607357987
-0.06470484784914454
-0.0736531896239132
-0.08187073655010835
-0.08371267937637406
-0.07930167396628462
-0.074000791890807
-0.0693140244464967
-0.06693591979096603
-0.06825625975823613
-0.0727028309072626
-0.07811522199999921
-0.083207157209225
-0.08975105862848665
-0.09461613370586974
-0.09554937479398795
-0.09136724742006841
-0.08539170894764503
-0.0779156248685755
-0.0675168715799348
-0.06101594067660443
-0.0632893922594242
-0.0706157280335038
-0.0814212794678415
-0.09181915062987045
-0.09387459854161406
-0.0886031922581001
-0.07463350875745967
-0.0572783192231352
-0.04984839870854074
-0.05400284955330115
-0.05944704477761675
-0.06895929333197337
-0.08106546091446454
-0.0849812030465884
-0.08749558296489823
-0.10739414725632379
-0.13250396545308796
-0.14587565112766399
-0.1473953780852959
-0.13075100559007424
-0.09466521610081813
-0.06293079935718993
-0.052854132423300726
-0.0584554491616327
-0.06714257926363132
-0.08046919693446242
-0.0989104087747048
-0.09725095556649244
-0.08192276460940917
-0.07697457541261876
-0.07254445774318086
-0.06822350963633461
-0.06327666534294174
-0.05510480624738712
-0.05001169498521918
-0.053310175241657376
-0.04394553257356648
-0.012394602678035938
-0.010597729892994678
-0.03426037614505084
-0.0389989317805437
-0.03253311946684079
-0.033857649357216246
-0.038677096068878924
-0.07060557956755176
-0.10166287359697712
-0.09982891823929663
-0.06742293632244944
-0.014631241340500978
0.0010974392713016812
-0.036450121733649254
-0.08198007296615017
-0.12940969862498442
-0.1492412730588537
-0.12132391894109773
-0.10561357966968643
-0.09665076574787967
-0.08901296698823558
-0.08183406842556806
-0.06534761359114327
-0.07364779707964786
-0.08628310511726944
-0.06994703123736556
-0.040881627360551676
-0.02856907393864816
-0.0435827152761572
-0.04749748541220811
-0.07121593593534925
-0.07467653329615764
-0.06152766418782818
-0.05238249300480824
-0.05662792843600961
-0.06745260013990517
-0.10632482554203193
-0.11712466715988867
-0.10315392514402966
-0.04324646720146852
0.018048984272379442
0.05316971482955246
0.05954326430193646
-0.006999473837927539
-0.06255917403729327
-0.07932385663634456
-0.0778288717582516
-0.06525469281822538
-0.06461079493683641
-0.03541287631061252
-0.014098247780642836
-0.03539032819759491
-0.04599722649224525
-0.019535597487195133
-0.034936077952435696
-0.0534209245563364
-0.06272179437553405
-0.08586400469354061
-0.07070115526018661
-0.043075051626090044
-0.03136653548958357
-0.0673111368606758
-0.06360044158486566
-0.03522892784679854
-0.07632183216164456
-0.11351659040340678
-0.08085227220677105
-0.035698859560589824
-0.04947103482809112
-0.06321834811605598
