0.3376127160718666
0.34073870379759474
0.3438936176867111
0.34707772493041433
0.3502912951724859
0.3535346005364147
0.3568079156443424
0.3601115176416046
0.3634456862162276
0.3668107036258903
0.3702068547203098
0.37363442696006044
0.3770937104470929
0.3805849979451691
0.38410858490090716
0.3876647694729019
0.39125385255298334
0.3948761377950461
0.39853193163266815
0.40222154330953197
0.40594528490282134
0.40970347134944346
0.4134964204708643
0.4173244529991174
0.4211878926046386
0.4250870659180736
0.42902230256098717
0.4329939351721699
0.43700229943161123
0.44104773409111847
0.44513058099915803
0.44925118513068957
0.4534098946117336
0.457607060750906
0.4618430380660285
0.4661181843125221
0.47043286051215377
0.47478743098245685
0.47918226336760344
0.48361772866277414
0.4880942012494514
0.49261205892141213
0.4971716829174937
0.5017734579499917
0.5064177722359997
0.5111050175293059
0.5158355891492319
0.5206098860142364
0.5254283106732627
0.5302912693348683
0.5351991719021223
0.5401524320051372
0.5451514670312643
0.5501966981595093
0.5552885503930628
0.5604274525940952
0.565613837515232
0.570848141833456
0.5761308061849866
0.5814622752017418
0.5868429975418754
0.5922734259256336
0.597754017172512
0.6032852322353902
0.6088675362349001
0.6145013984969492
0.6201872925894418
0.6259256963547934
0.6317170919507354
0.6375619658862787
0.6434608090564611
0.6494141167812916
0.6554223888459315
0.6614861295337421
0.667605847667063
0.6737820566464514
0.6800152744872716
0.686306023859848
0.6926548321280287
0.6990622313891814
0.7055287585132305
0.7120549551833059
0.7186413679347137
0.7252885481966043
0.7319970523322824
0.7387674416790924
0.7456002825909117
0.7524961464799248
0.7594556098560741
0.7664792543705187
0.7735676668585898
0.7807214393795666
0.7879411692608363
0.7952274591424473
0.8025809170163086
0.8100021562723221
0.8174917957412849
0.8250504597385467
0.8326787781072369
0.8403773862636402
0.8481469252408412
0.8559880417335111
0.8639013881427722
0.8718876226208895
0.879947409117655
0.8880814174241868
0.8962903232188594
0.9045748081145563
0.9129355597025501
0.9213732716006828
0.9298886434983167
0.9384823812026231
0.9471551966861411
0.9559078081333915
0.964740939988707
0.9736553230002652
0.9826516942707196
0.9917307973029187
1.0008933820473782
1.0101402049507575
1.0194720290026156
1.0288896237836875
1.0383937655133135
1.0479852370984375
1.0576648281802283
1.0674333351837642
1.0772915613647294
1.0872403168578693
1.0972804187268963
1.1074126910097748
1.1176379647694246
1.127957078141375
1.1383708763813905
1.148880211914077
1.159485944380724
1.1701889406881703
1.180990075055993
1.191890229064954
1.202890291704727
1.2139911594209472
1.2251937361640706
1.2364989334359051
1.2479076703372918
1.2594208736145986
1.2710394777075982
1.282764424795193
1.2945966648418186
1.3065371556447387
1.3185868628784572
1.330746760140923
1.3430178289991594
1.3554010590333718
1.3678974478815937
1.3805080012840534
1.393233733126829
1.4060756654847353
1.4190348286640282
1.4321122612448527
1.4453090101229442
1.4586261305498032
1.4720646861747029
1.48562574908317
1.4993103998372337
1.5131197275120911
1.527054829736258
1.5411168127262451
1.5553067913246406
1.5696258890338475
1.5840752380511067
1.5986559793018074
1.6133692624717981
1.6282162460396459
1.6431980973060079
1.6583159924233097
1.6735711164238916
1.6889646632466568
1.7044978357625107
1.7201718458001962
1.7359879141668109
1.7519472706718384
1.7680511541449888
1.7843008124564685
1.800697502532766
1.8172424903725501
1.8339370510602364
1.8507824687773382
1.8677800368125579
1.8849310575697482
1.9022368425742693
1.919698712476761
1.9373179970542265
1.955096035210544
1.9730341749734681
1.9911337734894006
2.0093961970155663
2.027822820910432
2.046415029620178
2.0651742166641434
2.0841017846159646
2.1031991450820064
2.122467718677716
2.141908935000069
2.1615242325964648
2.181315058931158
2.2012828703478644
2.2214291320290487
2.2417553179502248
2.2622629108327983
2.282953402090682
2.3038282917749235
2.3248890885120588
2.3461373094395865
2.3675744801372343
2.389202134552464
2.411021814921534
2.433035071687039
2.4552434634081877
2.4776485566681044
2.5002519259742293
2.523055153653682
2.5460598297437405
2.569267551875053
2.5926799251499233
2.616298562014208
2.6401250821224136
2.6641611121968354
2.688408285879084
2.7128682435758043
2.7375426322965795
2.762433105483749
2.78754132283641
2.81286895012516
2.838417658999034
2.864189126784834
2.890185036277471
2.9164070755217253
2.942856937584697
2.969536320319811
2.996446926120109
3.0235904616635683
3.050968637646641
3.0785831685082705
3.106435772143763
3.1345281696069924
3.1628620848020934
3.1914392441630515
3.220261376322049
3.2493302117659817
3.2786474824794776
3.308214921576524
3.3380342629180757
3.3681072407168346
3.3984355891277005
3.429021041824716
3.4598653315631243
3.490970189727031
3.5223373458611245
3.5539685271873576
3.5858654581057
3.618029859678012
3.6504634490951684
3.6831679391275647
3.7161450375573164
3.749396446592257
3.7829238622622903
3.816728973795682
3.850813462976744
3.885179003482955
3.919827260202219
3.9547598885292556
3.989978533639826
4.025484829744284
4.061280399317925
4.0973668523088955
4.133745785322419
4.17041878078134
4.207387406062081
4.24465321260561
4.282217735003044
4.320082490054563
4.358248975802472
4.3967186705364645
4.435493031771058
4.474573495194846
4.513961473590577
4.553658355725745
4.593665505212689
4.633984259338299
4.674615927861724
4.715561791780607
4.756823102064205
4.798401078353227
4.840296907625973
4.882511742829398
4.9250467014757655
4.96790286420229
5.011081273295288
5.054582931176498
5.098408798852012
5.1425597943223265
5.18703679095393
5.231840615810276
5.276972047943247
5.322431816642912
5.3682205996459835
5.414339021302019
5.460787650696821
5.507566999731806
5.554677521159803
5.602119606576067
5.649893584363926
5.697999717594396
5.746438201879748
5.795209163180084
5.844312655562289
5.893748658910948
5.943517076591293
5.993617733062841
6.044050371443807
6.094814651025881
6.145910144738782
6.197336336564529
6.249092618900885
6.301178289873689
6.353592550597921
6.4063345023875655
6.459403143913408
6.512797368309534
6.566515960227831
6.6205575928409255
6.674920824792692
6.729604097098241
6.7846057299915925
6.839923919722646
6.895556735302737
6.951502115200298
7.007757863986064
7.064321648928953
7.121190996542937
7.178363289085854
7.235835761010829
7.293605495371449
7.351669420181328
7.410024304729433
7.468666755852466
7.527593214165619
7.586799950252981
7.646283060819635
7.706038464806653
7.766061899471535
7.826348916435581
7.886894877700646
7.947694951637761
8.008744108949655
8.070037118610681
8.13156854378621
8.193332737735044
8.255323839697917
8.317535770775828
8.379962229801238
8.442596689206855
8.50543239089541
8.568462342115039
8.631679311344834
8.695075824195321
8.758644159328902
8.822376344405557
8.886264152059486
8.950299095912257
9.014472426628954
9.078775128023237
9.143197913218492
9.207731220871546
9.272365211466761
9.337089763687496
9.4018944708732
9.466768637570349
9.53170127618557
9.596681103749722
9.661696538802493
9.726735698406655
9.79178639530196
9.856836135208724
9.921872114291919
9.986881216796286
10.051850012863785
10.116764756544955
10.181611384016046
10.24637551201399
10.311042436501829
10.375597131577518
10.440024248639103
10.504308115819784
10.568432737706855
10.63238179535821
10.696138646630981
10.759686326836997
10.823007549739668
10.88608470890768
10.94889987944035
11.011434820080739
11.073670975731714
11.13558948039093
11.197171160520638
11.258396538868451
11.319245838754926
11.379698988844188
11.43973562841373
11.499335113139276
11.558476521410654
11.61713866119457
11.67530007745984
11.732939060180243
11.790033652930438
11.84656166208925
11.902500666664846
11.957828028755605
12.012520904659882
12.0665562566474
12.119910865404284
12.172561343162817
12.224484147526557
12.275655596000119
12.326051881232106
12.375649086978814
12.424423204794548
12.472350151453968
12.51940578710968
12.565565934187498
12.610806397019891
12.65510298221642
12.698431519768802
12.740767884885415
12.782088020549068
12.82236796078936
12.86158385465849
12.899711990898028
12.936728823280838
12.972610996610493
13.007335373357815
13.04087906091147
13.073219439417006
13.104334190175713
13.13420132457195
13.162799213494527
13.190106617214939
13.216102715681759
13.240767139187815
13.264079999363268
13.286021920444798
13.306574070767535
13.325718194423605
13.343436643027472
13.359712407525388
13.374529149982928
13.387871235281567
13.399723762652133
13.410072596969993
13.418904399734066
13.42620665964888
13.43196772272642
13.436176821821782
13.438824105514998
13.439900666248427
13.43939856762823
13.437310870796123
13.433631659776738
13.428356065704614
13.421480289834433
13.413001625237362
13.402918477086812
13.391230381436868
13.377938022397768
13.363043247613787
13.346549081950624
13.328459739301529
13.308780632423876
13.287518380721023
13.264680815887909
13.240276985342815
13.214317153372358
13.186812799921967
13.15777661696957
13.127222502426568
13.095165551516677
13.06162204559057
13.026609438341753
12.99014633939744
12.95225249526669
12.912948767637205
12.872257109021584
12.830200535763744
12.786803098426404
12.742089849590863
12.696086809111335
12.648820926876738
12.600320043144176
12.550612846519448
12.499728829671174
12.447698242876465
12.394552045507023
12.340321855575791
12.285039897474883
12.22873894804605
12.17145228113521
12.113213610792133
12.0540570332856
11.994016968113149
11.933128098192336
11.871425309427913
11.808943629855676
11.74571816856965
11.681784054643975
11.61717637626461
11.551930120289176
11.486080112454808
11.419660958454655
11.352706986103582
11.285252188811867
11.217330170583079
11.14897409274869
11.080216622646706
11.01108988444559
10.941625412307229
10.871854106074284
10.801806189657444
10.73151117228719
10.660997812782918
10.590294086979059
10.519427158433695
10.448423352530346
10.3773081340673
10.306106088411983
10.23484090628018
10.163535372181201
10.0922113565508
10.020889811573563
9.949590770676082
9.87833335165085
9.807135763349248
9.736015315860158
9.664988434068333
9.594070674464088
9.523276745053675
9.452620528196865
9.382115106176132
9.311772789279877
9.241605146160689
9.171623036208898
9.101836643661892
9.032255513151346
8.962888586373206
8.893744239550221
8.82483032134383
8.756154190861666
8.687722755399431
8.619542507552014
8.551619561328462
8.483959686909463
8.416568343695397
8.349450711306963
8.282611718220586
8.21605606774705
8.14978826109408
8.083812617293074
8.018133289815692
7.952754279758858
7.8876794455354
7.822912509072393
7.75845705858963
7.694316548105011
7.630494293891318
7.56699346818867
7.503817090556306
7.440968017325238
7.378448929687291
7.316262321023362
7.254410484132673
7.1928954990722165
7.131719222349362
7.070883278228163
7.010389052908846
6.950237692318953
6.890430104211131
6.830966965196199
6.771848733250129
6.713075666119495
6.654647845912918
6.596565210007261
6.538827588218356
6.481434745990348
6.42438643314799
6.3676824375372085
6.311322642655105
6.255307088147213
6.199636031833388
6.144310011720453
6.089329906277613
6.034696991097589
5.9804129899506275
5.926480118169636
5.872901116291943
5.819679271935724
5.766818428016666
5.714322975620636
5.662197830148064
5.610448389738889
5.559080475474216
5.508100253427855
5.45751413929743
5.407328687064166
5.3575504638884315
5.30818591421239
5.259241216772422
5.210722138877074
5.162633892831001
5.114980999731709
5.067767165985731
5.020995177744402
4.974666818018577
4.928782810486601
4.8833427929723765
4.838345322276374
4.793787910554864
4.749667091848295
4.705978515765665
4.662717063858611
4.619876982990368
4.5774520291350385
4.535435614624892
4.493820951955283
4.452601187871303
4.411769522557629
4.371319310240223
4.33124413924387
4.291537891353496
4.2521947820024275
4.213209384163289
4.174576639682412
4.136291862066625
4.098350734366061
4.060749304848846
4.023483981772202
3.9865515269353784
3.949949046121119
3.913673973280952
3.877724044657866
3.842097259163129
3.806791822320811
3.771806072919299
3.737138393975765
3.7027871124063334
3.668750394483352
3.6350261462892335
3.6016119295062374
3.568504902677224
3.5357017963679476
3.503198927514402
3.470992253954131
3.4390774652551386
3.4074501011826595
3.3761056852716593
3.345039858740121
3.3142484999299096
3.2837278168198547
3.253474404726573
3.2234852674586145
3.193757806902511
3.164289792044641
3.1350793225071434
3.106124802783772
3.077424940982595
3.0489787801629284
3.020785762149841
2.9928458144680676
2.9651594425268195
2.937727803126336
2.9105527330324525
2.8836367083479586
2.856982716459406
2.830594031542257
2.8044738957128663
2.7786251197399015
2.753049628976545
2.72774799150302
2.702718976191936
2.677959197926927
2.6534629138612917
2.6292220353338167
2.6052264106939385
2.581464410720463
2.5579238084311453
2.534592890930768
2.511461680341842
2.488523087380534
2.4657737918683877
2.4432146554560896
2.420850532160598
2.398689448620373
2.3767412597218787
2.355016014695973
2.3335223562670993
2.312266288726599
2.291250575130089
2.270474870195278
2.2499365012377597
2.229631629419243
2.2095564134725025
2.1897077958657905
2.1700836430050003
2.150682166651424
2.1315007761613325
2.112534694228668
2.093775758076452
2.0752117969556467
2.0568268333867445
2.0386021389051687
2.0205179444680934
2.002555426049035
1.9846985115435918
1.9669351131505126
1.9492575666368166
1.9316622979599152
1.9141489510423693
1.896719313958816
1.8793763359619151
1.8621233692588772
1.8449635941516707
1.8278995005518555
1.8109323512921043
1.7940616970634529
1.7772851379386396
1.7605985380044635
1.7439967952154827
1.7274751376529143
1.7110308528525495
1.6946653481784675
1.6783863572388302
1.6622098260577989
1.6461606009910164
1.6302708249595896
1.6145753355705401
1.599104480119184
1.5838762213824522
1.5688903922437036
1.5541277282889365
1.5395547378993666
1.5251332001907085
1.510831157661408
1.4966315445340566
1.4825353497469163
1.4685582015147807
1.454721860030228
1.4410443781184394
1.4275334466806364
1.4141857845099126
1.4009917481976086
1.3879407861508568
1.3750227562679234
1.3622235478213716
1.3495186832771346
1.336871423244306
1.3242396884788399
1.311590210977603
1.2989130260578055
1.286228347393548
1.2735815075971495
1.2610278102426102
1.2486147332392443
1.2363709330478663
1.224307885040434
1.2124318227371982
1.2007562607246949
1.189305030699442
1.1781033057884278
1.167163412205655
1.1564760971584922
1.1460143591622631
1.1357488261160034
1.12566506715722
1.115769259272945
1.1060749601778013
1.0965791496962731
1.0872467666814472
1.0780158767397807
1.0688157777282281
1.0595805333553747
1.0502528790349583
1.0407913563226379
1.0311900757410282
1.0214956078077722
1.0117927972923977
1.002157395299617
0.9926143362577325
0.9831425718900287
0.9737214107622265
0.9643749738882875
0.9551824345139748
0.9462524613672747
0.9376712246439705
0.9294417135727313
0.9214555631466707
0.913532663302288
0.905502858676591
0.8972625531252687
0.8887824536856176
0.8801020083041373
0.8713305034154094
0.8626294336455516
0.8541611496373193
0.8460306039852079
0.8382581371372149
0.8308006210855222
0.8236034751675023
0.8166394340148749
0.8099083207159448
0.803415585827561
0.7971547831941863
0.791094431488716
0.7851601821882712
0.7792259288705906
0.7731519647744115
0.766869041662496
0.7604291462258014
0.7539547893137024
0.7475226644934637
0.7410926357925893
0.7345530043508808
0.727819597630225
0.7208735886468809
0.7137220101945619
0.7063566006001334
0.6987793464614533
0.691076635072868
0.6834359709056193
0.6760317045978119
0.668893401811723
0.6619784810754706
0.6553905171587635
0.6493959183373985
0.6441392871142457
0.639406960022538
0.6347868931059036
0.6300076714361635
0.6249679373039437
0.6195343413586806
0.6135431094606648
0.6070094668033912
0.6002213027860815
0.5935857712333916
0.5874531780934414
0.5820519526907527
0.5773460454882153
0.5729624337475822
0.5684760726600337
0.5637440634268377
0.5588478983911519
0.5538484656227772
0.5488103437950798
0.5439075462817603
0.539162272018199
0.5344093031797402
0.5295904043377339
0.5247585361415571
0.5199843690785597
0.5152679301550303
0.5104341497765058
0.5052051930503403
0.4995277271632541
0.4937103012148268
0.48803100019035034
0.4827279788512575
0.47792297482399965
0.4734284238490993
0.46917156105832186
0.4651275007405411
0.4614201114546735
0.4583626648569665
0.4558579567068432
0.4533219621833202
0.4503200349269931
0.4466326810460276
0.4420806322779412
0.4367960052551027
0.4311468536489037
0.4254700015714945
0.4202787386633474
0.4160500706444143
0.41283702009526047
0.4103106697076229
0.40810215010904033
0.4056731935561312
0.40240525808934163
0.39810478746960726
0.3933455784156806
0.3887990216017628
0.38498729169402274
0.38191562786015987
0.37898901483280595
0.3759593912691057
0.3729038638451408
0.3696049129627324
0.3660994833334169
0.3623089050619415
0.3583398995691904
0.3545279500048672
0.351266887068691
0.3484671048234648
0.34590466164019673
0.3429328640843299
0.33916801574189687
0.33503087348896604
0.33127000481157337
0.3284362457245367
0.32623132907728797
0.32393688960929534
0.32117526217045206
0.31772434831611746
0.31389243216891494
0.3105761547727451
0.30807604452418225
0.3060032454987686
0.3036902904926967
0.30052821684844455
0.29664602318650657
0.29254458027795754
0.2893352987281029
0.28766534978437047
0.2865472779006036
0.2844733575366325
0.2812393761759653
0.2783465983445565
0.2758442371842206
0.2732140748423216
0.27069873579896586
0.26818815666301354
0.26558762782509715
0.26304296413760814
0.2605569259320352
0.2584126945178139
0.25719387584787046
0.2564670973672428
0.2556331606634859
0.2535259348306826
0.2501950840983495
0.246448491985285
0.24333719238112483
0.24083630956042648
0.2386291189040741
0.23681457827055805
0.23529414306277813
0.23354381047105033
0.23127784753158204
0.22926032423449405
0.22761055608079775
0.22498530827145577
0.22205784880266585
0.21942261943934405
0.21824272942385994
0.2174297719367893
0.21528985043038515
0.21326936036315544
0.21142011191121934
0.21016982154288708
0.20753962937168094
0.2030841755667114
0.20025995323395118
0.1991584231154489
0.19824782971593918
0.19676577808852697
0.19449603011569436
0.19328999783979142
0.19234441460408144
0.19073607746398116
0.1879096920067296
0.18522271940526805
0.18484887799901442
0.18515518225361569
0.18311796947204637
0.17979393725839884
0.17783909761739997
0.17722372976301623
0.17520443303293287
0.1724014742531551
0.17129545474474925
0.17075878876592213
0.16930112380145176
0.16707148742063663
0.16534342883057246
0.1637869341623613
0.16245440486857057
0.16059752556218188
0.15920932361513543
0.15801467742841654
0.15642421096145434
0.1552295354388524
0.15410316769642998
0.1522038901042704
0.1505839556092932
