-14.996623872839281
-14.996561053092512
-14.996497064635726
-14.996431885732584
-14.996365494242745
-14.996297867614322
-14.99622898287627
-14.996158816630588
-14.996087345044431
-14.99601454384199
-14.995940388296283
-14.995864853220827
-14.995787912961035
-14.995709541385567
-14.995629711877514
-14.995548397325331
-14.995465570113694
-14.995381202114105
-14.995295264675452
-14.99520772861425
-14.99511856420479
-14.99502774116906
-14.994935228666526
-14.994840995283678
-14.994745009023394
-14.994647237294165
-14.994547646899024
-14.994446204024317
-14.994342874228312
-14.994237622429505
-14.994130412894792
-14.99402120922736
-14.993909974354429
-14.993796670514667
-14.993681259245463
-14.993563701369919
-14.993443956983619
-14.99332198544114
-14.993197745342298
-14.993071194518235
-14.992942290017096
-14.992810988089584
-14.992677244174148
-14.992541012881968
-14.992402247981625
-14.992260902383476
-14.992116928123805
-14.991970276348596
-14.99182089729706
-14.99166874028489
-14.99151375368712
-14.991355884920711
-14.991195080426866
-14.991031285652939
-14.99086444503406
-14.990694501974382
-14.990521398828045
-14.990345076879755
-14.990165476324988
-14.98998253624981
-14.98979619461044
-14.989606388212335
-14.989413052688889
-14.989216122479782
-14.989015530808947
-14.988811209662073
-14.98860308976371
-14.98839110055405
-14.988175170165118
-14.987955225396629
-14.987731191691434
-14.987502993110436
-14.987270552307024
-14.987033790501192
-14.986792627453031
-14.986546981435774
-14.986296769208403
-14.986041905987692
-14.985782305419775
-14.98551787955117
-14.985248538799295
-14.98497419192243
-14.984694745989149
-14.984410106347168
-14.984120176591638
-14.983824858532886
-14.983524052163512
-14.983217655624909
-14.98290556517323
-14.98258767514465
-14.982263877920015
-14.981934063888923
-14.981598121413057
-14.98125593678885
-14.980907394209598
-14.980552375726734
-14.980190761210473
-14.979822428309733
-14.979447252411351
-14.979065106598503
-14.978675861608425
-14.978279385789342
-14.977875545056627
-14.977464202848163
-14.977045220078876
-14.97661845509451
-14.976183763624512
-14.975740998734048
-14.975290010775241
-14.974830647337418
-14.974362753196557
-14.973886170263789
-14.973400737532947
-14.972906291027194
-14.97240266374467
-14.971889685603275
-14.971367183384263
-14.970834980674992
-14.970292897810578
-14.969740751814497
-14.96917835633816
-14.968605521599384
-14.968022054319777
-14.967427757660964
-14.966822431159757
-14.966205870662067
-14.965577868255739
-14.964938212202137
-14.964286686866467
-14.963623072647014
-14.962947145902941
-14.962258678880916
-14.961557439640433
-14.960843191977782
-14.960115695348694
-14.959374704789592
-14.958619970837498
-14.957851239448486
-14.957068251914722
-14.956270744780063
-14.955458449754108
-14.954631093624808
-14.953788398169513
-14.952930080064482
-14.952055850792764
-14.951165416550538
-14.950258478151781
-14.94933473093124
-14.948393864645803
-14.947435563374093
-14.946459505414309
-14.94546536318036
-14.944452803096155
-14.943421485488072
-14.94237106447557
-14.94130118785994
-14.940211497011132
-14.939101626752619
-14.9379712052443
-14.936819853863451
-14.935647187083514
-14.93445281235097
-14.933236329959993
-14.931997332925102
-14.930735406851477
-14.92945012980328
-14.928141072169561
-14.926807796528067
-14.925449857506656
-14.924066801642425
-14.92265816723847
-14.921223484218215
-14.91976227397739
-14.918274049233485
-14.916758313872714
-14.915214562794468
-14.913642281753186
-14.912040947197541
-14.910410026107181
-14.908748975826537
-14.907057243896162
-14.905334267881111
-14.903579475196683
-14.901792282931241
-14.89997209766621
-14.898118315293178
-14.896230320828055
-14.894307488222237
-14.89234918017076
-14.89035474791741
-14.888323531056795
-14.886254857333178
-14.884148042436227
-14.882002389793545
-14.879817190359974
-14.877591722403569
-14.875325251288334
-14.873017029253509
-14.870666295189544
-14.868272274410645
-14.865834178423789
-14.863351204694293
-14.860822536407861
-14.858247342229006
-14.855624776055892
-14.852953976771508
-14.850234067991257
-14.847464157806685
-14.844643338525605
-14.841770686408317
-14.838845261400158
-14.835866106860113
-14.832832249285545
-14.829742698033098
-14.826596445035658
-14.823392464515267
-14.820129712692202
-14.8168071274899
-14.813423628235963
-14.80997811535907
-14.806469470081767
-14.802896554109255
-14.799258209313999
-14.795553257416215
-14.791780499660245
-14.787938716486737
-14.784026667200719
-14.780043089635408
-14.775986699811895
-14.7718561915947
-14.767650236342998
-14.763367482557777
-14.759006555524806
-14.754566056953365
-14.750044564610864
-14.745440631953288
-14.74075278775155
-14.73597953571365
-14.731119354102862
-14.7261706953517
-14.721131985672002
-14.716001624660969
-14.710777984903189
-14.705459411568844
-14.70004422200799
-14.694530705341094
-14.688917122045776
-14.683201703539856
-14.677382651760892
-14.671458138742064
-14.665426306184704
-14.659285265027412
-14.653033095011974
-14.646667844246064
-14.640187528762944
-14.633590132078194
-14.62687360474372
-14.620035863899043
-14.613074792820058
-14.605988240465482
-14.598774021021095
-14.591429913441877
-14.583953660992375
-14.576342970785424
-14.568595513319314
-14.560708922013845
-14.552680792745269
-14.544508683380542
-14.536190113310987
-14.5277225629857
-14.519103473445071
-14.510330245854476
-14.501400241038679
-14.492310779017124
-14.48305913854053
-14.473642556629073
-14.464058228112593
-14.45430330517315
-14.444374896890354
-14.434270068789958
-14.42398584239599
-14.413519194787044
-14.402867058157161
-14.392026319381744
-14.380993819589095
-14.369766353738083
-14.358340670202542
-14.346713470362921
-14.3348814082059
-14.322841089932485
-14.310589073575358
-14.298121868626126
-14.285435935673146
-14.27252768605077
-14.25939348150061
-14.246029633845883
-14.232432404679386
-14.218598005066179
-14.20452259526172
-14.19020228444652
-14.175633130478092
-14.160811139661424
-14.145732266538758
-14.130392413699939
-14.114787431614314
-14.098913118485338
-14.082765220129067
-14.066339429877845
-14.049631388510269
-14.03263668420883
-14.015350852546554
-13.997769376504047
-13.979887686518278
-13.961701160564612
-13.943205124273637
-13.924394851084326
-13.905265562435009
-13.885812427993992
-13.866030565931391
-13.845915043233934
-13.825460876064557
-13.804663030168573
-13.783516421328327
-13.762015915868302
-13.740156331212605
-13.717932436496847
-13.695338953236615
-13.6723705560545
-13.649021873468
-13.625287488740428
-13.601161940797303
-13.57663972521018
-13.551715295250709
-13.526383063017066
-13.500637400635448
-13.474472641538908
-13.44788308182634
-13.420862981704078
-13.393406567012853
-13.36550803084277
-13.337161535239055
-13.30836121300134
-13.279101169579368
-13.249375485067937
-13.219178216303959
-13.18850339906857
-13.157345050397282
-13.125697171001079
-13.09355374780154
-13.060908756582908
-13.027756164764213
-12.99408993429447
-12.959904024673936
-12.92519239610461
-12.889949012772817
-12.854167846267092
-12.817842879134272
-12.780968108576824
-12.743537550294294
-12.705545242471972
-12.666985249919417
-12.627851668361844
-12.588138628887085
-12.54784030255078
-12.50695090514244
-12.4654647021149
-12.423376013679567
-12.380679220069766
-12.337368766974404
-12.293439171143905
-12.24888502617045
-12.203701008444074
-12.157881883286366
-12.11142251126292
-12.06431785467588
-12.016562984237423
-11.968153085924794
-11.919083468017435
-11.869349568316357
-11.818946961545471
-11.767871366934584
-11.716118655983163
-11.6636848604038
-11.610566180243747
-11.556758992182695
-11.50225985800444
-11.44706553323961
-11.391172975976234
-11.334579355834448
-11.27728206310103
-11.219278718018996
-11.160567180226934
-11.101145558342111
-11.041012219680768
-10.980165800108496
-10.918605214012779
-10.856329664389133
-10.793338653031649
-10.72963199081785
-10.665209808077242
-10.600072565031766
-10.534221062295991
-10.467656451423707
-10.40038024548692
-10.33239432967218
-10.263700971878494
-10.194302833299984
-10.124202978975523
-10.053404888286702
-9.981912465384505
-9.909730049523947
-9.83686242528508
-9.763314832657793
-9.689092976966567
-9.614203038610738
-9.538651682594448
-9.462446067819618
-9.385593856114344
-9.308103220967956
-9.229982855943181
-9.15124198273482
-9.0718903588434
-8.99193828483148
-8.911396611129359
-8.830276744356059
-8.748590653120965
-8.666350873270362
-8.583570512542959
-8.500263254597506
-8.416443362375299
-8.33212568076011
-8.247325638497209
-8.162059249333744
-8.076343112341819
-7.990194411386046
-7.903630913697631
-7.816670967516637
-7.729333498765301
-7.641638006715133
-7.553604558611722
-7.465253783221718
-7.376606863267717
-7.287685526717819
-7.198512036898336
-7.109109181399482
-7.019500259745713
-6.929709069804749
-6.839759892911232
-6.74967747768356
-6.659487022515293
-6.569214156725417
-6.478884920354753
-6.388525742599665
-6.29816341887749
-6.207825086522348
-6.1175381991138735
-6.027330499446123
-5.937229991148401
-5.847264908974488
-5.7574636877821845
-5.6678549302300745
-5.578467373224122
-5.489329853152212
-5.400471269950998
-5.311920550054822
-5.2237066082833365
-5.135858308730153
-5.048404424721628
-4.961373597920884
-4.874794296659179
-4.7886947735826695
-4.703103022709335
-4.618046735997183
-4.533553259531065
-4.4496495494414905
-4.366362127674957
-4.283717037740912
-4.201739800565786
-4.120455370589992
-4.039888092248255
-3.9600616569780573
-3.8809990609050242
-3.8027225633573245
-3.7252536463640435
-3.6486129752946432
-3.57282036079841
-3.497894722203487
-3.4238540525352334
-3.350715385313226
-3.2784947632846
-3.2072072092490878
-3.136866699128161
-3.0674861374263855
-2.9990773352280726
-2.931650990866494
-2.865216673395807
-2.7997828089880397
-2.73535667036842
-2.671944369392767
-2.6095508528595737
-2.548179901637731
-2.4878341331783513
-2.4285150074654513
-2.3702228364459312
-2.3129567969642792
-2.2567149472114885
-2.201494246681163
-2.1472905796088213
-2.0940987818527574
-2.041912671156842
-1.990725080717322
-1.9405278959572918
-1.8913120943936832
-1.8430677884630988
-1.7957842711542913
-1.749450064276763
-1.7040529691770203
-1.659580119696562
-1.6160180371488782
-1.5733526870764383
-1.53156953753364
-1.4906536186271655
-1.4505895830322455
-1.4113617671911918
-1.372954252890322
-1.3353509289021375
-1.2985355523722575
-1.2624918096250823
-1.227203376058208
-1.1926539747938705
-1.1588274337560485
-1.125707740844236
-1.0932790968797779
-1.0615259660079097
-1.0304331232483168
-0.999985698899506
-0.9701692195172775
-0.9409696452054384
-0.9123734029777939
-0.884367415973875
-0.8569391283377428
-0.830076525598745
-0.8037681504258583
-0.7780031136629777
-0.7527711005912643
-0.7280623724061996
-0.703867762941579
-0.68017867071943
-0.656987046454498
-0.634285376193171
-0.6120666603198242
-0.5903243887179421
-0.5690525124279198
-0.5482454121983675
-0.5278978643812593
-0.5080050046730307
-0.48856229025257747
-0.4695654609114275
-0.4510104998104474
-0.43289359452919207
-0.4152110990974993
-0.397959497711847
-0.38113537084050186
-0.36473536440933074
-0.3487561627327693
-0.33319446581110057
-0.3180469715536933
-0.30331036340778184
-0.28898130377324804
-0.2750564334649379
-0.26153237734625456
-0.24840575610182114
-0.23567320394451308
-0.22333139186572026
-0.21137705584027522
-0.199807029193245
-0.18861827812945364
-0.17780793922363536
-0.16737335747587778
-0.15731212336029543
-0.1476221071416628
-0.1383014886128624
-0.12934878032276842
-0.12076284232685808
-0.11254288650863664
-0.10468846859475889
-0.09719946612608865
-0.09007604085476473
-0.08331858431659356
-0.076927645679568
-0.07090384139242545
-0.0652477466491792
-0.05995976924134361
-0.05504000698197231
-0.0504880905445777
-0.046303014252886854
-0.0424829580684154
-0.039025104733072524
-0.0359254567109506
-0.03317865821097854
-0.030777828130357676
-0.02871441020445431
-0.026978046945275835
-0.0255564840596314
-0.02443551191946547
-0.023598950273120423
-0.0230286817025398
-0.02270473832091291
-0.02260544485293181
-0.022707619544974023
-0.022986832336659546
-0.023417717432844043
-0.02397433491879042
-0.024630573463342742
-0.025360583585730012
-0.02613922857718798
-0.026942538143218897
-0.027748148348393897
-0.028535710679328474
-0.02928725314718328
-0.02998747744131336
-0.030623978274263663
-0.03118737420269646
-0.03167134325865639
-0.0320725614773103
-0.03239054756808102
-0.03262742217878234
-0.03278759502999051
-0.03287739722082961
-0.03290467882916026
-0.03287839323035513
-0.03280818914689121
-0.032704029287813796
-0.03257585070446112
-0.03243327703077803
-0.032285387120301934
-0.03214053888963164
-0.03200624213705083
-0.03188907039803901
-0.031794600068089096
-0.03172736538637366
-0.03169082045283922
-0.031687303933141564
-0.03171800784499368
-0.03178295789728658
-0.031881018182541965
-0.03200993649725703
-0.03216644723215012
-0.032346446013459484
-0.0325452439464744
-0.03275789984847499
-0.03297961729096954
-0.03320618115036922
-0.03343439758949884
-0.03366249394615295
-0.033890432648126634
-0.03412009720499043
-0.03435531888608345
-0.03460172916236992
-0.03486644353207069
-0.03515760414935798
-0.03548382826836871
-0.035853623311185245
-0.03627483429745304
-0.03675418355501492
-0.03729694594528432
-0.03790677724877689
-0.03858568287017228
-0.03933408420141049
-0.04015091703507068
-0.0410336859888254
-0.04197840475786663
-0.042979374979951857
-0.04402879389532899
-0.04511622682054828
-0.04622802644512625
-0.04734681819319242
-0.048451191774020685
-0.04951573896655859
-0.05051155588721379
-0.05140728729976907
-0.05217073596864985
-0.05277099687740616
-0.053181008061574886
-0.05338033852387447
-0.05335796019050676
-0.05311467853731955
-0.052664835069739624
-0.05203686296503918
-0.051272301750422855
-0.05042298699552994
-0.04954634680135861
-0.04869905556923193
-0.0479296793141053
-0.04727131886873437
-0.04673551154573019
-0.046308677669772536
-0.04595211772725705
-0.04560597128941524
-0.04519672909057881
-0.044647027828121466
-0.043885794060511074
-0.04285656920782266
-0.04152218064186641
-0.039864804929433006
-0.03788169944377273
-0.03557811880788542
-0.032959801258551025
-0.030027608362685143
-0.02677632338599878
-0.02319839472504448
-0.019291895575317852
-0.015070606461062397
-0.0105733231333911
-0.005869497515680777
-0.0010591532511909918
0.0037335312220250216
0.00837189721707432
0.012721221620989098
0.01666259591834951
0.020103184606259816
0.022980918653436433
0.0252634044381157
0.02694250082553218
0.028026958536342406
0.02853534519124601
0.028490369245876224
0.02791436961886795
0.026825013133020548
0.025230602708628425
0.0231255635412424
0.020487774800978187
0.01727963594186832
0.0134539932234361
0.008964988811747787
0.003783322063217298
-0.002084713658350168
-0.008575853752020635
-0.015550230283560396
-0.02278162408275186
-0.029968316087852997
-0.036772435869472986
-0.04288575141244699
-0.048105851731707006
-0.05239604671146125
-0.05590251099089727
-0.058915512421314986
-0.06178292172504207
-0.06480395680745055
-0.06814054132820146
-0.0717788381100597
-0.0755556805876445
-0.07923892795518483
-0.08262626686994601
-0.08561631643159728
-0.0882199081636994
-0.09051630709705805
-0.09259778764366544
-0.09455588008603755
-0.0965291523952061
-0.09877595520945626
-0.10170096686433361
-0.10578389301691082
-0.11142195834086799
-0.11875964829078889
-0.12759717713140972
-0.13743347455049282
-0.14763082922805104
-0.1576205512201465
-0.16703864045061678
-0.1757158934937273
-0.18354133121075478
-0.190310581307239
-0.19568384888719947
-0.19929257508351483
-0.20091828828870462
-0.20061160299682612
-0.1986553832173108
-0.1953749827513871
-0.19091220157518762
-0.1851412524586724
-0.1778334881873267
-0.16897677136690525
-0.15899675837910543
-0.14870597823341924
-0.13906963000266437
-0.13102203090807762
-0.12540903693086136
-0.1228811691582905
-0.12359874676011451
-0.12696271144620397
-0.13178780447573324
-0.13697847270616315
-0.14215858617624733
-0.14763267864224439
-0.1537112570530894
-0.1600267248793532
-0.1653426821822066
-0.16791460009503645
-0.16628988173906656
-0.16029174083235986
-0.15153349691233053
-0.14285741433132593
-0.13704917388434268
-0.13589507750065088
-0.1400039010632348
-0.14884471148082667
-0.16067490711939314
-0.17278763703839672
-0.18235951372644266
-0.1874674886699541
-0.18761385580303802
-0.18341680983855468
-0.17572626760897592
-0.16492976989630215
-0.15093446260153343
-0.133541603749892
-0.11276898608589647
-0.08910874885155273
-0.06388852127725109
-0.03948035995229837
-0.018608574789581667
-0.0027200969730376556
0.009079214994486051
0.019124024206034207
0.02891638037609212
0.03764420328448281
0.0429998325185057
0.04315951634899484
0.03759671220411498
0.026312388210117277
0.008985399921032311
-0.014494701629717
-0.04241273414435476
-0.07077812832734409
-0.09574036842598765
-0.1165278448675604
-0.13396251958350724
-0.14558651685468327
-0.14512799974925983
-0.12889802647929471
-0.10142516720451411
-0.07207919657225581
-0.047245149123400054
-0.02947204017524463
-0.022174444893058975
-0.029632201379607537
-0.05187035958513597
-0.08213060735657152
-0.11040512465286767
-0.12775055412583924
-0.12800749245861276
-0.11161444595946435
-0.0878053535904808
-0.06753143271444628
-0.05467357775822457
-0.04725078407518346
-0.043761283357419245
-0.04254435517362687
-0.03886561922614895
-0.03202882300646159
-0.026564459600217916
-0.024147327767007454
-0.023340110507058753
-0.02214064230199142
-0.02052554687456798
-0.023608312744350712
-0.039735309356748516
-0.07085022795447316
-0.10804660850032377
-0.14300787494567935
-0.16833325475619176
-0.17995917444433296
-0.18335675105676508
-0.18058094688896809
-0.1722409040431181
-0.15418558318618558
-0.1159627860053849
-0.060190661880664464
-0.005697111777909214
0.03297007202295177
0.04797377457540897
0.03256257215111624
-0.009566457436529063
-0.06639153424149669
-0.12652360882064606
-0.17191838577822338
-0.18515364925658417
-0.16340676257266473
-0.11762066369522373
-0.0606243937197366
-0.011993301704666948
0.004973004859467167
-0.01789019009949655
-0.05988803439113077
-0.09579735020153812
-0.10522382533120123
-0.08720590377159709
-0.06441569750505671
-0.04657980243240267
-0.03073464881460808
-0.0257409146497114
-0.030381669763594132
-0.048160580065657044
-0.0749846227508506
-0.09698621830525056
-0.09730409368507864
-0.07915500440448575
-0.05169155567535988
-0.0428535413486113
-0.0700437780826686
-0.11556077023879929
-0.14633018524617647
-0.1369912034445555
-0.10003236336463672
-0.0677906020774337
-0.05796480696616513
-0.08160268766669176
-0.1250155355004523
-0.14585057579514427
-0.12895070279445342
-0.09219441692139618
-0.06784124185564266
-0.08645289717482818
-0.14275687316000685
-0.2124658555425416
-0.2392260891099074
-0.18849243962835693
-0.1094066732652017
-0.08025782196519948
-0.11325155813265297
-0.12990832714582012
-0.12710037253082795
-0.13247065557692217
-0.13291010950913673
-0.1343693213874353
-0.1421630641751328
-0.14822225126240163
-0.15232757167533073
-0.1381249970855727
-0.0712176307476522
0.02447911549997528
0.11433213277296694
0.128580083473409
0.0681020238554364
-0.02006431231867367
-0.07218374823429663
-0.0887601663196751
-0.0885720815870723
-0.0648965971706783
-0.023341720397413113
0.0029329940920561626
-0.0050214592404991265
0.0018465234547448972
0.031842602314481994
-0.003911903796767646
-0.06194837241443096
-0.10250572718891249
-0.04537179437029337
0.036918649024540784
0.026830922487855347
0.023679639819450315
0.031355638357464244
0.08086357803089328
0.03006631225839307
-0.15637588715473782
-0.22722857101472016
-0.17241061185337436
-0.10349737323919683
-0.07791714282799056
-0.11343064163690109
-0.06871211245440279
-0.004136746746041808
0.008204644779839398
-0.07724253390883185
-0.15438614526699723
-0.04712417603084518
0.11637940838299698
0.08852823435699086
-0.04814891639680319
-0.07373423860112105
0.012388685304806302
-0.021199985413387523
-0.12431712946472295
-0.08285266489568244
0.008144743318784009
0.017850920957741323
-0.0426625759281869
-0.060264947821167425
-0.06383118242191799
-0.0481319591956435
-0.08213002541818071
-0.07410200556979518
-0.04889109634356181
-0.06229243707802645
-0.03907858465691483
-0.010071752165433878
-0.05768992263605277
-0.0797981977285982
