-14.997460230110809
-14.99741296782694
-14.997364826121439
-14.997315788633697
-14.997265838698874
-14.997214959342191
-14.997163133273226
-14.99711034288002
-14.997056570223114
-14.99700179702946
-14.996946004686228
-14.996889174234479
-14.99683128636276
-14.9967723214005
-14.996712259311453
-14.996651079686758
-14.99658876173815
-14.996525284290799
-14.996460625776239
-14.996394764224979
-14.996327677259082
-14.996259342084551
-14.996189735483677
-14.996118833807094
-14.996046612965799
-14.995973048422986
-14.9958981151857
-14.995821787796428
-14.995744040324437
-14.99566484635697
-14.995584178990354
-14.995502010820806
-14.995418313935266
-14.995333059901789
-14.99524621976009
-14.995157764011577
-14.995067662609463
-14.994975884948564
-14.994882399854951
-14.994787175575343
-14.99469017976642
-14.994591379483856
-14.994490741171159
-14.99438823064831
-14.994283813100223
-14.994177453064944
-14.994069114421661
-14.993958760378465
-14.993846353459954
-14.993731855494504
-14.993615227601392
-14.993496430177618
-14.99337542288455
-14.993252164634296
-14.993126613575745
-14.992998727080481
-14.992868461728376
-14.992735773292877
-14.99260061672611
-14.992462946143606
-14.992322714808854
-14.992179875117504
-14.99203437858125
-14.991886175811503
-14.991735216502692
-14.991581449415289
-14.991424822358518
-14.991265282172733
-14.991102774711488
-14.990937244823227
-14.990768636332772
-14.99059689202227
-14.990421953611966
-14.990243761740542
-14.990062255945055
-14.989877374640635
-14.989689055099658
-14.989497233430669
-14.989301844556804
-14.989102822193901
-14.98890009882815
-14.988693605693408
-14.988483272748011
-14.988269028651201
-14.988050800739103
-14.98782851500032
-14.987602096051003
-14.987371467109504
-14.987136549970552
-14.986897264978984
-14.986653531002938
-14.986405265406633
-14.986152384022537
-14.9858948011232
-14.985632429392375
-14.985365179895723
-14.985092962051006
-14.984815683597647
-14.9845332505658
-14.98424556724481
-14.983952536151167
-14.983654057995773
-14.98335003165072
-14.983040354115367
-14.982724920481871
-14.982403623900051
-14.982076355541615
-14.981743004563755
-14.981403458072057
-14.981057601082739
-14.980705316484238
-14.980346484998046
-14.979980985138853
-14.97960869317401
-14.979229483082182
-14.978843226511284
-14.97844979273568
-14.978049048612592
-14.97764085853768
-14.977225084399867
-14.976801585535323
-14.97637021868064
-14.975930837925114
-14.975483294662219
-14.975027437540183
-14.974563112411632
-14.974090162282401
-14.973608427259396
-14.973117744497456
-14.972617948145361
-14.97210886929078
-14.971590335904285
-14.971062172782343
-14.970524201489262
-14.969976240298148
-14.969418104130746
-14.968849604496235
-14.968270549428933
-14.967680743424879
-14.967079987377266
-14.96646807851073
-14.965844810314515
-14.965209972474325
-14.964563350803134
-14.963904727170618
-14.963233879431385
-14.962550581351952
-14.961854602536416
-14.961145708350726
-14.960423659845798
-14.959688213679058
-14.958939122034767
-14.958176132542802
-14.957398988196129
-14.956607427266754
-14.955801183220157
-14.954979984628341
-14.954143555081234
-14.953291613096587
-14.952423872028318
-14.951540039973187
-14.950639819675937
-14.949722908432639
-14.948788997992533
-14.947837774457975
-14.946868918182751
-14.94588210366864
-14.944876999460105
-14.943853268037241
-14.942810565706832
-14.941748542491474
-14.940666842016919
-14.939565101397351
-14.938442951118788
-14.937300014920421
-14.936135909673922
-14.93495024526075
-14.933742624447282
-14.932512642757896
-14.931259888345812
-14.929983941861837
-14.928684376320787
-14.927360756965747
-14.926012641129953
-14.924639578096397
-14.923241108955118
-14.921816766457972
-14.920366074871103
-14.918888549824867
-14.917383698161315
-14.915851017779095
-14.914289997475821
-14.91270011678782
-14.911080845827206
-14.909431645116355
-14.907751965419573
-14.906041247572068
-14.904298922306122
-14.902524410074445
-14.900717120870608
-14.89887645404666
-14.897001798127706
-14.89509253062364
-14.893148017837706
-14.89116761467211
-14.889150664430524
-14.88709649861742
-14.88500443673427
-14.88287378607254
-14.880703841503387
-14.878493885264128
-14.876243186741412
-14.873951002250935
-14.87161657481384
-14.869239133929646
-14.866817895345715
-14.8643520608232
-14.861840817899472
-14.859283339646948
-14.85667878442828
-14.854026295647948
-14.851325001500062
-14.84857401471258
-14.84577243228766
-14.842919335238218
-14.840013788320759
-14.837054839764269
-14.834041520995225
-14.830972846358737
-14.827847812835698
-14.824665399755972
-14.821424568507572
-14.818124262241867
-14.814763405574633
-14.811340904283128
-14.807855644999002
-14.804306494897114
-14.800692301380222
-14.797011891759494
-14.793264072930874
-14.789447631047178
-14.785561331186175
-14.781603917014248
-14.777574110445986
-14.773470611299516
-14.769292096947584
-14.765037221964462
-14.760704617768571
-14.756292892260987
-14.751800629459636
-14.747226389129365
-14.742568706407809
-14.737826091427078
-14.732997028931374
-14.728079977890376
-14.723073371108685
-14.717975614831103
-14.712785088343944
-14.707500143572407
-14.702119104673963
-14.696640267627929
-14.691061899821213
-14.68538223963032
-14.679599495999653
-14.673711848016227
-14.667717444480925
-14.661614403476191
-14.655400811930475
-14.649074725179462
-14.642634166524088
-14.636077126785601
-14.62940156385771
-14.622605402255989
-14.61568653266467
-14.60864281148098
-14.601472060357098
-14.594172065740107
-14.586740578409836
-14.579175313015071
-14.57147394760808
-14.563634123177833
-14.555653443182155
-14.547529473078763
-14.539259739855897
-14.530841731562402
-14.52227289683768
-14.513550644441926
-14.504672342786655
-14.49563531946618
-14.486436860790057
-14.477074211317067
-14.467544573391002
-14.457845106678638
-14.447972927710273
-14.437925109423382
-14.427698680709593
-14.4172906259656
-14.406697884648528
-14.395917350836047
-14.384945872791947
-14.373780252537584
-14.362417245429782
-14.350853559745907
-14.339085856276442
-14.32711074792602
-14.31492479932325
-14.302524526440266
-14.289906396222616
-14.277066826230168
-14.264002184289922
-14.25070878816139
-14.237182905215452
-14.22342075212754
-14.20941849458596
-14.195172247016373
-14.180678072323293
-14.165931981649637
-14.15092993415529
-14.135667836815886
-14.120141544242578
-14.104346858524375
-14.088279529093784
-14.071935252617166
-14.055309672911074
-14.038398380885745
-14.021196914517123
-14.00370075884881
-13.985905346025202
-13.967806055357519
-13.94939821342392
-13.93067709420553
-13.91163791925968
-13.892275857932203
-13.87258602761036
-13.852563494018161
-13.832203271555768
-13.811500323684884
-13.790449563361962
-13.769045853521138
-13.747284007608798
-13.725158790171943
-13.702664917502172
-13.679797058337693
-13.656549834625135
-13.632917822343808
-13.608895552394294
-13.584477511553866
-13.55965814350104
-13.53443184991165
-13.508792991628933
-13.482735889910057
-13.456254827751655
-13.429344051297011
-13.401997771327403
-13.374210164840372
-13.345975376717627
-13.317287521485198
-13.288140685168868
-13.258528927247418
-13.228446282706786
-13.197886764197818
-13.166844364300728
-13.135313057898985
-13.103286804665709
-13.070759551665532
-13.037725236074905
-13.004177788023757
-12.970111133561632
-12.935519197751242
-12.900395907892321
-12.86473519687897
-12.82853100669327
-12.791777292038157
-12.754468024112484
-12.71659719453113
-12.678158819392896
-12.639146943499105
-12.599555644725447
-12.559379038549881
-12.518611282738947
-12.477246582195068
-12.43527919396729
-12.392703432427398
-12.349513674613974
-12.305704365745937
-12.261270024907757
-12.216205250907878
-12.170504728311707
-12.124163233650856
-12.077175641809305
-12.029536932587744
-11.981242197446539
-11.932286646427677
-11.882665615256109
-11.832374572619877
-11.781409127629017
-11.729765037452124
-11.677438215129511
-11.624424737561572
-11.570720853670277
-11.516322992731647
-11.46122777287632
-11.405432009755224
-11.348932725366456
-11.29172715703946
-11.233812766571544
-11.175187249511874
-11.11584854458674
-11.0557948432601
-10.995024599422102
-10.93353653919819
-10.87132967087031
-10.808403294901337
-10.744757014053025
-10.680390743587012
-10.615304721537756
-10.549499519045348
-10.482976050735601
-10.415735585133712
-10.34777975509713
-10.27911056825238
-10.20973041741967
-10.13964209100835
-10.068848783365121
-9.99735410505633
-9.925162093064543
-9.852277220878578
-9.778704408455592
-9.704449032032457
-9.629516933763027
-9.553914431156873
-9.477648326294043
-9.40072591478966
-9.323154994481126
-9.244943873809868
-9.166101379868826
-9.08663686608571
-9.006560219511769
-8.92588186768448
-8.844612785032364
-8.76276449878914
-8.68034909438394
-8.59737922027368
-8.513868092183337
-8.429829496719426
-8.345277794321401
-8.260227921515888
-8.174695392438274
-8.088696299585934
-8.002247313767967
-7.915365683216031
-7.82806923182124
-7.740376356462896
-7.652306023394885
-7.563877763656733
-7.4751116674768
-7.386028377636569
-7.29664908176588
-7.206995503540329
-7.117089892753967
-7.026955014241722
-6.936614135628197
-6.846091013881701
-6.7554098806543905
-6.6645954263922675
-6.573672783201351
-6.482667506459375
-6.3916055551654765
-6.300513271023775
-6.209417356260186
-6.118344850175946
-6.027323104444704
-5.936379757164939
-5.845542705683236
-5.7548400782087725
-5.664300204244054
-5.573951583861877
-5.483822855863163
-5.393942764856009
-5.304340127301076
-5.215043796573919
-5.12608262710047
-5.037485437627037
-4.949280973691948
-4.8614978693711866
-4.774164608376125
-4.68730948458664
-4.6009605621081775
-4.515145634946752
-4.429892186400657
-4.345227348272569
-4.261177860010374
-4.17777002788938
-4.095029684352475
-4.0129821476287155
-3.9316521817539005
-3.8510639571197913
-3.7712410116808144
-3.6922062129493156
-3.6139817209116814
-3.536588951998377
-3.460048544241527
-3.384380323752975
-3.309603272654874
-3.235735498593211
-3.1627942059621397
-3.0907956689639526
-3.0197552066257103
-2.9496871598889634
-2.8806048708836194
-2.812520664491089
-2.7454458322950153
-2.6793906190104533
-2.6143642114740917
-2.5503747302695245
-2.4874292240518887
-2.425533666626233
-2.3646929568234576
-2.3049109212065098
-2.2461903196279778
-2.1885328536485087
-2.1319391778130807
-2.0764089137699084
-2.0219406672040847
-1.9685320475455406
-1.9161796903982182
-1.8648792826247451
-1.814625590008795
-1.7654124874049941
-1.7172329912746278
-1.670079294494153
-1.623942803312632
-1.5788141763240304
-1.5346833653108085
-1.4915396578062499
-1.4493717212149342
-1.4081676483232677
-1.3679150040255728
-1.3286008730853478
-1.290211908746338
-1.2527343820040624
-1.2161542313448326
-1.1804571127567574
-1.1456284498151934
-1.1116534836438081
-1.0785173225513738
-1.0462049911444247
-1.0147014787156614
-0.9839917867085699
-0.9540609750593809
-0.924894207218367
-0.8964767936536884
-0.8687942336420527
-0.8418322551522515
-0.8155768526289897
-0.7900143224867424
-0.7651312961256505
-0.7409147702847605
-0.717352134551632
-0.694431195852756
-0.6721401997554235
-0.6504678484203126
-0.6294033150544838
-0.6089362547277446
-0.5890568114317496
-0.5697556212809296
-0.551023811778288
-0.5328529970971854
-0.5152352693629929
-0.4981631859559883
-0.48162975289921484
-0.4656284044418886
-0.4501529790002188
-0.4351976916722755
-0.42075710360101404
-0.4068260885187076
-0.39339979686483595
-0.38047361792664525
-0.36804314050452547
-0.3561041126507476
-0.3446524010674903
-0.33368395077515167
-0.323194745672577
-0.31318077060337046
-0.3036379755151355
-0.29456224224866645
-0.28594935442034064
-0.27779497076255844
-0.27009460216410375
-0.2628435925062327
-0.2560371032238393
-0.24967010133847722
-0.24373735051702639
-0.2382334045138954
-0.23315260216457645
-0.22848906292448135
-0.22423668180022638
-0.22038912241292863
-0.21693980687649983
-0.2138819011792421
-0.21120829483456482
-0.20891157372375346
-0.20698398529488493
-0.20541739560817796
-0.20420323812490793
-0.20333245461533522
-0.20279542909615955
-0.20258191627861954
-0.20268096658912071
-0.2030808503839605
-0.20376898448451541
-0.20473186457303783
-0.2059550072765628
-0.20742290589437573
-0.20911900366562897
-0.21102568820900558
-0.21312431028680834
-0.21539522935628597
-0.21781788748976716
-0.22037091220578198
-0.22303224760400298
-0.22577931199769807
-0.2285891790584067
-0.23143877840310978
-0.23430511063797077
-0.23716547119133402
-0.23999767687390694
-0.24278028902845605
-0.24549282738053257
-0.2481159692528614
-0.250631729605411
-0.25302361832955533
-0.25527677225379897
-0.2573780602936413
-0.2593161609811432
-0.26108161213788783
-0.2626668326339576
-0.26406611597860774
-0.2652755949435406
-0.2662931756220335
-0.2671184384337728
-0.2677525028089942
-0.26819785187390544
-0.2684581136672328
-0.2685377964695128
-0.26844197787817237
-0.26817595035902997
-0.2677448300556602
-0.267153140391553
-0.26640438705100955
-0.2655006457397988
-0.26444218809560205
-0.26322717362702974
-0.2618514360771691
-0.26030839077233026
-0.2585890852124848
-0.25668240856001034
-0.2545754672514775
-0.25225412440164696
-0.2497036908459549
-0.24690974645415587
-0.24385906249741396
-0.24054058987270643
-0.2369464740694358
-0.23307305576532578
-0.22892181547709534
-0.22450022127875968
-0.2198224398352604
-0.2149098727357135
-0.20979148256623326
-0.2045038769066636
-0.1990911242471629
-0.19360428442285738
-0.18810064790727488
-0.18264269287614
-0.17729678523536663
-0.1721316629556
-0.16721675982990014
-0.16262043307715324
-0.15840816272445046
-0.15464078837622175
-0.15137284228023873
-0.14865102927909035
-0.14651289763457775
-0.14498574273470233
-0.14408578967564978
-0.14381770955520423
-0.14417453420044168
-0.14513803895399846
-0.14667965613221767
-0.1487619568843943
-0.15134069342143341
-0.15436732848406898
-0.15779190128981924
-0.1615660006639903
-0.1656455514722257
-0.16999308534353297
-0.17457917411283574
-0.17938276205980586
-0.18439024053428632
-0.1895932562113014
-0.19498541313629758
-0.20055819318281465
-0.2062965514606354
-0.21217471825546141
-0.21815274308645805
-0.22417424991521173
-0.23016575080488444
-0.2360377134333742
-0.2416874207722728
-0.24700351358429806
-0.2518719673016463
-0.2561831125943943
-0.2598391554890114
-0.2627615018522391
-0.26489708715203264
-0.26622292143918713
-0.26674823637614686
-0.2665139683594582
-0.2655897526804232
-0.2640689950676034
-0.2620627783015532
-0.2596932784902872
-0.2570870708495665
-0.2543683895419573
-0.2516522961087784
-0.2490379277030481
-0.24660245395399372
-0.24439678943988064
-0.24244415881268466
-0.24074212638575787
-0.2392678161468531
-0.2379851580041752
-0.2368525341686869
-0.23582935479806544
-0.2348806715151177
-0.2339794962335926
-0.233106673415163
-0.23224800057606032
-0.23138827624581104
-0.23050262963676005
-0.22954696900734817
-0.22845105278006628
-0.2271183811616222
-0.22543581355778386
-0.223292430034844
-0.22060280175957203
-0.21732650896809425
-0.21347537075566514
-0.20910326880579966
-0.204279839574534
-0.19905637483474692
-0.19343708106901758
-0.1873690205116194
-0.18075875259469143
-0.17351410581345306
-0.1655987278605835
-0.1570793533855852
-0.14814516812025147
-0.1390871397507194
-0.1302405676670464
-0.12190988182322471
-0.11430279741693283
-0.10749659330747541
-0.10144500425482406
-0.09601854394514575
-0.09106251087016837
-0.08645768548931265
-0.08217395864257249
-0.07831015686062415
-0.07511156948748798
-0.0729532745525141
-0.07227873870814783
-0.07349521209817311
-0.07685014052744776
-0.08233453416734804
-0.089659552849648
-0.09832083661663837
-0.10771918788081969
-0.11728184765896899
-0.12654109345789877
-0.1351537424079723
-0.14286138323159925
-0.14940854306308893
-0.15447641787973154
-0.1577223773072216
-0.1589679591099511
-0.15844208608443466
-0.1568767911159039
-0.1553068144956189
-0.15463487553599187
-0.155216999508351
-0.15672358376461482
-0.15834346735152494
-0.15918473120560783
-0.15864423431485974
-0.15658720924098013
-0.15331025026529765
-0.14936360748971644
-0.14533683715676382
-0.14167500202901806
-0.13855402216216284
-0.13585608645130165
-0.13329975297807373
-0.13070120254256068
-0.12820631980358677
-0.1262969214377634
-0.1255237438477721
-0.12614620888917827
-0.1279466070769555
-0.13031757128711163
-0.13247509191210227
-0.1336272297910508
-0.13309038847676646
-0.13039175704582462
-0.12534837732846427
-0.11814731933239919
-0.10939858088667975
-0.09995526254036058
-0.09045466867456042
-0.08107362674720342
-0.07206216372214591
-0.06472516914189441
-0.061705849707539784
-0.06600881324583696
-0.07947206508757354
-0.10160266771361037
-0.1290935433623268
-0.15631687491952384
-0.17708680477428018
-0.1869754548264666
-0.18470655101268818
-0.1719631961928716
-0.15224423604426285
-0.12958606150521668
-0.10739669992115886
-0.08777596473009552
-0.07182567938187567
-0.06054194818850789
-0.05531713251141923
-0.05723187284270459
-0.065225868864621
-0.07519605527485673
-0.08219547298442365
-0.08406564415940743
-0.08211215131269789
-0.07858793922032348
-0.07486080283672436
-0.07173516002506375
-0.07022351431990792
-0.07091163780182441
-0.07279893713770491
-0.07386207800683131
-0.07283276587471477
-0.070638531955451
-0.0703823063005462
-0.0752697106921012
-0.08671272150794529
-0.10380218672593777
-0.12325423692984039
-0.13972924296691325
-0.1472378912853749
-0.14400640615552618
-0.13474416492159946
-0.12557702525285563
-0.11916604263334385
-0.11424684665896123
-0.10905653209006338
-0.10538898367132177
-0.10822392736536024
-0.11974076049621729
-0.1344966431139003
-0.14476757908435722
-0.14793231265803009
-0.14689622838214156
-0.14746251020929435
-0.1544954419848903
-0.16809908202640855
-0.17949939960600858
-0.17705274891895684
-0.15951817947409452
-0.13458035849310868
-0.10501058905254368
-0.06963734529860943
-0.034809036131326465
-0.015203173781866752
-0.02287563022542649
-0.0571512195633872
-0.10487217924288927
-0.15008267040026269
-0.17949424092397237
-0.17830571054618893
-0.14263513503849268
-0.08736624191027786
-0.03782300300910002
-0.013629487648467276
-0.0157039688948597
-0.03423980396582316
-0.06635012208905877
-0.10445406155048609
-0.13630771513259
-0.15668165663417
-0.17333468036590993
-0.19153594711433897
-0.19498550363405442
-0.16928125745827138
-0.12021549298799528
-0.06598476116765717
-0.03460090245820169
-0.03440699127971669
-0.04717159165578266
-0.055829848501790735
-0.05667847705224993
-0.05002551535448063
-0.057300584471265736
-0.09211912338799877
-0.12582456986653767
-0.13681425364799615
-0.13697496007065268
-0.12603849674867362
-0.10377724883154116
-0.08561680321589193
-0.0735856230599552
-0.07649810929459022
-0.09697611394387096
-0.12586751332113622
-0.14775723919309058
-0.1488324576536293
-0.11730629837393103
-0.06703571719218893
-0.029333954788450356
-0.010317408913541826
-0.019445452454570855
-0.06415486483412636
-0.11764622126651503
-0.1581886102704022
-0.1730870559983515
-0.16443060240018248
-0.1576142048810638
-0.16720111296172036
-0.14032819824783616
-0.09588141574318065
-0.07557797260800214
-0.0791508284800937
-0.10549200897996869
-0.12341448598447258
-0.1197945476722051
-0.11642433943131891
-0.11063747189682793
-0.08584734895228507
-0.03753749390036987
-0.020155500551013006
-0.02121599375943717
-0.01792769444590725
-0.0166904361679876
-0.006301850685249022
0.010678112916608029
0.02560675339894658
-0.01593807925460311
-0.10040897834278795
-0.16894742741236435
-0.12395466777400443
-0.03448120863795445
0.027353829283452313
0.008133208582878027
-0.04286906452241901
-0.07542643817529004
-0.09431418237398859
-0.10073075699639844
-0.1306483553117257
-0.13755181011720907
-0.08890377595026244
-0.09441783819164051
-0.08822720975225451
-0.045686066528963565
0.004511348377331359
0.009826198945610543
-0.01623402920630035
-0.04263794908738383
-0.09495849239854692
-0.10600615519337886
-0.04854391422664861
-0.0071184135128312676
-0.05275915102046547
-0.09838583087235442
-0.1251129926662653
-0.09451659686328817
-0.04206451850396142
-0.04609663154918664
-0.021911404054367978
0.05024402003145845
0.000757114489498889
-0.0968163444891239
-0.1234684973882807
-0.06400616914351609
0.017322467941648156
-0.03338878698193248
-0.05073576246310019
-0.049708989134410686
