0.2551649062048965
0.25752782748319963
0.25991262155602735
0.2623194906464887
0.2647486388425892
0.26720027211147696
0.26967459831679463
0.2721718272369354
0.2746921705813356
0.2772358420086741
0.2798030571447399
0.2823940335996455
0.2850089909871156
0.2876481509404932
0.2903117371334484
0.29299997529748645
0.2957130932397934
0.2984513208634867
0.30121489018601993
0.3040040353581998
0.3068189926835798
0.30966000063772525
0.31252729988918576
0.31542113331698685
0.3183417460329134
0.3212893853997611
0.3242643010539933
0.32726674492344826
0.3302969712505023
0.3333552366115646
0.3364417999383093
0.33955692253899317
0.3427008681206927
0.3458739028092993
0.34907629517252303
0.3523083162416334
0.35557023953242556
0.35886234107042186
0.3621848994094199
0.3655381956575943
0.3689225134990132
0.37233813921622894
0.37578536171412097
0.37926447254407347
0.3827757659260994
0.38631953877407615
0.38989609071911646
0.39350572413336793
0.3971487441562463
0.4008254587162527
0.40453617855893065
0.40828121726966504
0.4120608912996409
0.41587551999220806
0.41972542560678006
0.4236109333457177
0.42753237138130135
0.4314900708798961
0.4354843660301858
0.43951559406927054
0.443584095309658
0.4476902131661026
0.4518342941838225
0.45601668806504564
0.4602377476969511
0.4644978291803321
0.4687972918576837
0.47313649834073895
0.47751581453956526
0.481935609692733
0.4863962563941727
0.49089813062411
0.4954416117777473
0.5000270826955111
0.5046549296930212
0.5093255425911
0.5140393147459469
0.5187966430802806
0.5235979281137652
0.5284435739949246
0.5333339885314066
0.5382695832218998
0.5432507732885143
0.5482779777082701
0.553351619244631
0.5584721244818259
0.5636399238555607
0.5688554516872525
0.5741191462165494
0.5794314496347047
0.5847928081189391
0.5902036718649007
0.5956644951221586
0.6011757362274932
0.6067378576394851
0.6123513259740194
0.6180166120385864
0.6237341908671739
0.6295045417566338
0.635328148301679
0.6412054984305475
0.6471370844413096
0.653123403038662
0.6591649553698844
0.66526224706151
0.6714157882566641
0.6776260936515518
0.6838936825339734
0.6902190788197813
0.6966028110915411
0.7030454126357341
0.7095474214817461
0.716109380439755
0.7227318371395971
0.7294153440697357
0.7361604586157019
0.7429677431002153
0.7498377648217122
0.7567710960942136
0.7637683142878252
0.7708300018673032
0.777956746433933
0.7851491407641071
0.7924077828507982
0.7997332759443692
0.807126228592859
0.8145872546834559
0.82211697348283
0.829716009679676
0.8373849934245654
0.8451245603733054
0.8529353517273547
0.8608180142756575
0.8687732004377101
0.8768015683042735
0.8849037816806368
0.8930805101280964
0.9013324290070494
0.9096602195188415
0.9180645687486192
0.9265461697080977
0.9351057213779496
0.9437439287506405
0.9524615028735566
0.9612591608909091
0.9701376260879574
0.9790976279325769
0.9881399021191863
0.9972651906108668
1.0064742416827195
1.0157678099642837
1.025146656483024
1.0346115487062082
1.0441632605845519
1.0538025725940392
1.0635302717788966
1.073347151793935
1.0832540129469947
1.0932516622410031
1.1033409134157488
1.113522586990435
1.1237975103048614
1.134166517560876
1.1446304498642486
1.1551901552649706
1.1658464887987414
1.1766003125268083
1.1874524955769672
1.1984039141829361
1.209455451724077
1.2206079987647218
1.2318624530931674
1.2432197197595731
1.2546807111145108
1.266246346846602
1.2779175540190688
1.2896952671066306
1.3015804280318288
1.3135739861999927
1.3256768985343124
1.3378901295103278
1.3502146511893347
1.3626514432512986
1.3752014930269676
1.3878657955295683
1.400645353485494
1.413541177363682
1.426554285405081
1.439685703650342
1.4529364659671742
1.4663076140764486
1.4798001975770707
1.4934152739702204
1.5071539086823462
1.5210171750866566
1.5350061545236662
1.5491219363209345
1.563365617810293
1.5777383043450535
1.5922411093149782
1.6068751541598927
1.621641568382103
1.6365414895568502
1.6515760633411887
1.666746443481464
1.6820537918186238
1.6974992782919014
1.7130840809405397
1.7288093859036173
1.7446763874175941
1.7606862878122407
1.7768402975035875
1.793139634985635
1.8095855268186
1.826179207615551
1.8429219200264337
1.8598149147188388
1.8768594503570664
1.8940567935776385
1.9114082189621755
1.9289150090075828
1.9465784540927293
1.9643998524422055
1.9823805100868777
2.000521740820712
2.018824866154584
2.037291215266325
2.0559221249466635
2.0747189395418917
2.093683010892409
2.112815698266901
2.1321183682928084
2.1515923948818556
2.171239159151778
2.1910600493429686
2.2110564607303886
2.2312297955308993
2.2515814628051465
2.2721128783546987
2.2928254646133235
2.313720650533173
2.3347998714651226
2.3560645690330277
2.3775161910025937
2.3991561911432644
2.42098602908437
2.4430071701643277
2.465221085273198
2.487629250688402
2.510233147903024
2.5330342634471794
2.556034088701168
2.5792341197017064
2.602635856939318
2.6262408051479627
2.650050473086308
2.6740663733099144
2.698290021934712
2.7227229383914344
2.7473666451703873
2.772222667556633
2.7972925333551766
2.8225777726060213
2.8480799172887834
2.8738005010162837
2.8997410587171775
2.925903126307542
2.9522882403503
2.9788979377030893
3.0057337551535364
3.0327972290422642
3.0600898948727213
3.087613286907923
3.1153689377534293
3.1433583779265706
3.1715831354113404
3.2000447351984977
3.2287446988108894
3.25768454381305
3.2868657833055086
3.316289925402532
3.345958472693231
3.3758729216864234
3.4060347622370934
3.436445476956054
3.4671065406006374
3.498019419447266
3.5291855706446977
3.560606441547779
3.592283469031237
3.6242180787831995
3.6564116845774484
3.6888656875246886
3.721581475301768
3.7545604213585326
3.787803884101891
3.821313206056662
3.85508971300234
3.8891347130856238
3.9234494959082564
3.958035331589041
3.9928934698003116
4.028025138777746
4.063431544303172
4.099113868659862
4.135073269559727
4.171310879041743
4.207827802341238
4.2446251167294315
4.28170387032239
4.319065080859303
4.356709734449126
4.3946387842851635
4.432853149326994
4.471353712949107
4.510141321555865
4.549216783161897
4.588580865937717
4.628234296719662
4.668177759483658
4.708411893782554
4.748937293145965
4.789754503442419
4.8308640212031495
4.872266291906893
4.913961708225406
4.955950608228805
4.998233273550559
5.040809927511445
5.083680733201999
5.126845791522982
5.170305139183425
5.214058746655776
5.258106516087754
5.3024482791704655
5.347083794962373
5.392012747668932
5.437234744377232
5.4827493127456846
5.528555898648225
5.574653863772976
5.621042483174938
5.667720942782837
5.714688336859679
5.761943665417013
5.809485831583239
5.857313638925119
5.905425788723516
5.953820877202739
6.002497392713904
6.051453712872756
6.1006881016517065
6.150198706427066
6.199983554981257
6.2500405524611224
6.3003674782923245
6.350961983050936
6.40182158529263
6.452943668340597
6.504325477032804
6.555964114429825
6.607856538484402
6.6599995586736105
6.712389832595542
6.765023862531399
6.8178979919749825
6.871008402131
6.924351108384409
6.9779219567421995
7.031716620250397
7.085730595388051
7.139959198440865
7.194397561857129
7.249040630588428
7.303883158418387
7.3589197042823455
7.414144628581317
7.46955208949376
7.52513603928871
7.580890220644399
7.636808162976181
7.692883178778246
7.749108359983631
7.805476574347265
7.861980461856974
7.918612431177883
7.975364656135415
8.032229072242918
8.089197373279626
8.14626100792539
8.20341117645869
8.260638827524577
8.31793465497976
8.375289094822174
8.43269232221251
8.49013424859591
8.547604518931708
8.605092509040057
8.662587323073971
8.720077791126096
8.777552466979493
8.834999626012213
8.892407263265625
8.949763091686856
9.007054540555808
9.064268754107909
9.12139259036352
9.178412620175608
9.235315126507436
9.29208610395221
9.348711258507103
9.405176007614083
9.46146548048033
9.517564518691428
9.57345767713027
9.629129225215397
9.684563148472218
9.739743150450984
9.794652655005276
9.84927480894537
9.903592485080248
9.957588285662759
10.011244546252025
10.064543340007383
10.11746648242816
10.169995536553358
10.22211181863541
10.273796404301905
10.325030135218995
10.375793626270141
10.426067273263222
10.47583126117921
10.525065572974652
10.573749998950289
10.621864146697245
10.669387451631941
10.716299188130058
10.762578481269317
10.808204319190013
10.853155566081439
10.897410975801419
10.940949206135114
10.98374883369841
11.025788369489767
11.067046275093327
11.107500979534946
11.14713089679095
11.185914443948446
11.223830060014059
11.260856225366608
11.296971481847102
11.332154453478099
11.366383867802057
11.399638577826611
11.43189758456248
11.463140060137512
11.493345371468266
11.522493104467863
11.550563088766824
11.577535422920787
11.603390500076634
11.628109034065854
11.651672085891342
11.674061090571078
11.69525788429945
11.71524473188406
11.734004354413218
11.75151995710636
11.767775257296913
11.782754512494247
11.79644254846864
11.808824787300392
11.819887275331514
11.829616710955897
11.838000472181214
11.845026643893394
11.850684044752288
11.854962253644764
11.85785163561967
11.859343367227048
11.85942946118247
11.858102790275758
11.855357110442352
11.851187082914345
11.84558829536783
11.838557281982506
11.83009154232963
11.820189559004524
11.80885081392054
11.796075803182255
11.781866050457111
11.76622411876644
11.749153620618982
11.730659226412657
11.710746671033284
11.689422758582628
11.666695365171853
11.642573439721115
11.617067002710725
11.590187142834726
11.56194601151347
11.532356815228047
11.50143380564606
11.469192267515304
11.435648504309457
11.400819821617718
11.364724508278472
11.327381815265793
11.288811932346185
11.249035962532227
11.208075894368937
11.165954572098176
11.12269566375595
11.078323627266984
11.032863674610695
10.986341734142048
10.93878441116029
10.890218946827742
10.840673175549806
10.790175480935877
10.738754750469248
10.686440329021712
10.633261971355902
10.579249793764946
10.52443422500516
10.46884595668254
10.41251589325839
10.355475101843073
10.297754761949475
10.239386115379634
10.180400416418792
10.120828882510953
10.060702645588629
10.000052704227466
9.938909876792847
9.877304755741346
9.815267663234325
9.752828608214744
9.690017245090633
9.62686283416032
9.563394203905375
9.49963971526699
9.43562722801068
9.371384069272697
9.306937004369377
9.242312209937923
9.17753524946422
9.112631051239843
9.047623888776888
8.982537363695686
8.917394391086926
8.85221718733632
8.787027260386665
8.721845402399724
8.656691684767834
8.59158545541351
8.526545338304606
8.461589235102116
8.396734328848424
8.33199708959562
8.267393281865813
8.202937973829007
8.138645548078982
8.074529713883047
8.010603520778593
7.9468793733870795
7.883369047315241
7.820083706013132
7.757033918459611
7.694229677547908
7.631680419046579
7.569395041014702
7.50738192355467
7.4456489487907165
7.384203520966822
7.323052586563806
7.26220265434156
7.20165981521914
7.141429761912209
7.081517808254379
7.0219289081358855
6.96266767399999
6.903738394844458
6.845145053682022
6.786891344420175
6.728980688126999
6.67141624865543
6.614200947603999
6.557337478597372
6.500828320874746
6.444675752178758
6.388881860941579
6.333448557768826
6.278377586225197
6.223670532928901
6.16932883696489
6.115353798629307
6.061746587519858
6.0085082499890134
5.955639715978679
5.90314180525657
5.851015233076295
5.799260615284181
5.747878472897378
5.69686923617863
5.646233248234375
5.595970768163479
5.546081973784816
5.496566963972639
5.447425760629176
5.398658310324414
5.350264485633443
5.302244086201945
5.254596839570458
5.207322401788236
5.160420357847132
5.113890221965777
5.06773143775374
5.021943378284839
4.976525346107838
4.9314765732218095
4.886796221042373
4.84248338038361
4.798537071478939
4.754956244062764
4.711739777532759
4.668886481210821
4.626395094718754
4.584264288482536
4.542492664376978
4.50107875652016
4.460021032225015
4.419317893112965
4.3789676763923175
4.338968656302035
4.299319045719226
4.260016997926674
4.221060608534893
4.18244791755129
4.144176911587338
4.106245526193315
4.068651648308715
4.031393118815319
3.994467735179111
3.957873254166351
3.92160739461869
3.885667840271831
3.8500522426021893
3.814758223686045
3.779783379055885
3.7451252805391855
3.7107814790653935
3.67674950742757
3.643026882986155
3.609611110303155
3.576499683696164
3.543690089702819
3.5111798094474
3.4789663209025767
3.4470471010404555
3.4154196278684474
3.3840813823465723
3.353029850184012
3.3222625235139316
3.2917769024465797
3.26157049650164
3.231640825921835
3.2019854228704974
3.172601832516553
3.1434876140110752
3.1146403413599955
3.0860576041980625
3.057737008469411
3.0296761770204235
3.001872750110663
2.9743243858477264
2.9470287605519276
2.919983569056601
2.8931865249496598
2.866635360761972
2.840327828107786
2.814261697782216
2.788434759820551
2.7628448235237912
2.7374897174545474
2.7123672894070534
2.687475406354806
2.6628119543789626
2.638374838580303
2.6141619829773526
2.590171330392889
2.5664008423308142
2.5428484988451747
2.5195122984028275
2.496390257741046
2.4734804117212295
2.4507808131796414
2.428289532776008
2.4060046588406307
2.3839242972205943
2.3620465711255494
2.3403696209734055
2.3188916042362875
2.2976106952869957
2.276525085246133
2.2556329818301024
2.2349326092000688
2.2144222078119693
2.1941000342676666
2.1739643611672754
2.154013476962716
2.1342456858124903
2.1146593074377313
2.0952526769795226
2.076024144857466
2.0569720766295405
2.038094852853223
2.019390868947855
2.000858535058281
1.982496275919724
1.9643025307238928
1.9462757529863186
1.9284144104149057
1.910716984779696
1.8931819717838085
1.875807880935578
1.8585932354218697
1.8415365719825363
1.8246364407860494
1.8078914053062618
1.7913000422002971
1.774860941187566
1.7585727049298974
1.742433948912752
1.7264433013275464
1.7105994029550478
1.6949009070498327
1.6793464792258175
1.663934797342833
1.6486645513942446
1.6335344433955945
1.6185431872742744
1.6036895087602132
1.5889721452775545
1.57438984583734
1.559941370931179
1.5456254924258812
1.5314409934590687
1.5173866683357435
1.503461322425797
1.489663772062469
1.4759928444417332
1.4624473775226123
1.4490262199283963
1.435728230848778
1.4225522799428876
1.4094972472432037
1.3965620230603601
1.3837455078888252
1.3710466123134337
1.358464256916792
1.3459973721875276
1.3336448984293732
1.3214057856710981
1.3092789935772555
1.2972634913597576
1.285358257690252
1.2735622806133111
1.2618745574604169
1.2502940947647285
1.2388199081766391
1.227451022380108
1.2161864710097527
1.2050252965687087
1.1939665503472467
1.1830092923421223
1.1721525911766815
1.1613955240216896
1.1507371765168946
1.1401766426932989
1.1297130248961549
1.1193454337086657
1.1090729878763796
1.0988948142322832
1.088810047622587
1.078817830833178
1.068917314516761
1.0591076571206652
1.0493880248153054
1.0397575914233106
1.0302155383492946
1.0207610545102808
1.0113933362667509
1.0021115873543411
0.9929150188161583
0.9838028489357145
0.9747743031704826
0.9658286140860621
0.9569650212909417
0.9481827713718669
0.9394811178298026
0.930859321016475
0.9223166480715034
0.9138523728601058
0.9054657759113796
0.897156144357141
0.8889227718713324
0.8807649586099878
0.8726820111517399
0.8646732424388806
0.8567379717189642
0.8488755244869363
0.8410852324278041
0.8333664333598308
0.8257184711782452
0.818140695799474
0.8106324631058868
0.8031931348910406
0.7958220788054358
0.7885186683027626
0.7812822825866489
0.774112306557886
0.7670081307621481
0.7599691513381897
0.7529947699665119
0.7460843938185089
0.7392374355060766
0.7324533130316817
0.7257314497388926
0.7190712742633658
0.7124722204842748
0.7059337274761921
0.699455239461409
0.6930362057626963
0.6866760807564926
0.6803743238265275
0.6741303993178709
0.667943776491398
0.6618139294786776
0.6557403372372752
0.6497224835064597
0.6437598567633229
0.6378519501793017
0.6319982615770928
0.6261982933879704
0.6204515526094907
0.614757550763589
0.6091158038550545
0.6035258323303933
0.5979871610370657
0.5924993191830963
0.5870618402970571
0.581674262188418
0.5763361269082586
0.5710469807103423
0.5658063740125494
0.5606138613586593
0.5554690013804888
0.5503713567603734
0.5453204941939976
0.5403159843535605
0.535357401851284
0.530444325203256
0.5255763367936009
0.5207530228389836
0.5159739733534384
0.5112387821135176
0.5065470466237632
0.5018983680824955
0.497292351347913
0.4927286049045065
0.4882067408297768
0.4837263747612655
0.47928712586388167
0.4748886167975278
0.4705304736850308
0.46621232608035934
0.4619338069371334
0.4576945525774305
0.45349420266086643
0.4493324001539716
0.44520879129984037
0.4411230255880592
0.4370747557249176
0.43306363760388544
0.4290893302763611
0.4251514959226959
0.42124979982347577
0.4173839103310684
0.413553498841437
0.40975823976620646
0.4059978105049859
0.4022718914179517
0.3985801657986758
0.39492231984720283
0.3912980426433817
0.3877070261204345
0.3841489650387685
0.380623556960035
0.37713050222141953
0.37366950391016795
0.3702402678383533
0.36684250251786676
0.36347591913563954
0.3601402315290979
0.35683515616183387
0.3535604120995087
0.35031572098597186
0.3471008070195978
0.3439153969298471
0.3407592199540358
0.337632007814319
0.3345334946948903
0.33146341721938527
0.32842151442849304
0.32540752775777726
0.322421201015697
0.31946228036182783
0.3165305142852889
0.31362565358336253
0.3107474513403102
0.30789566290638737
0.3050700458770471
0.3022703600723334
0.2994963675164687
0.29674783241762454
0.2940245211478775
0.2913262022233534
0.28865264628454956
0.2860036260768376
0.28337891643115004
0.2807782942448367
0.2782015384627045
0.27564843005822576
0.2731187520149193
0.2706122893079071
0.2681288288856353
0.26566815965176305
0.26323007244722235
0.26081436003243763
0.25842081706970893
0.2560492401057608
0.2536994275544472
0.251371179679615
0.24906429857812917
0.24677858816304934
0.24451385414696092
0.24226990402546325
0.24004654706080508
0.23784359426567042
0.23566085838711723
0.23349815389065914
0.23135529694449405
0.22923210540388012
0.22712839879565275
0.2250439983028825
0.22297872674967814
0.2209324085861253
0.2189048698733633
0.216895938268803
0.21490544301147452
0.21293321490751493
0.2109790863157856
0.20904289113362126
0.20712446478271362
0.20522364419512074
0.20334026779940512
0.2014741755069022
0.19962520869811123
0.19779321020921217
0.1959780243187079
0.19417949673418733
0.19239747457920894
0.19063180638030855
0.1888823420541226
0.1871489328946303
0.18543143156051506
0.18372969206263967
0.18204356975163596
0.18037292130561158
0.17871760471796633
0.1770774792853206
0.1754524055955575
0.17384224551597158
0.17224686218152652
0.1706661199832237
0.16909988455657293
0.1675480227701733
0.16601040271439607
0.16448689369017142
0.16297736619788056
0.16148169192634734
0.15999974374193077
0.15853139567772045
0.15707652292282803
0.15563500181177775
0.15420670981399623
0.15279152552339634
0.15138932864805701
