-14.996664667164577
-14.996602604324723
-14.996539386795575
-14.996474993099834
-14.996409401360951
-14.996342589295702
-14.996274534206638
-14.996205212974404
-14.99613460204989
-14.996062677446272
-14.995989414730856
-14.99591478901683
-14.995838774954827
-14.995761346724318
-14.995682478024907
-14.995602142067375
-14.995520311564661
-14.995436958722564
-14.995352055230391
-14.995265572251332
-14.9951774804127
-14.995087749796014
-14.994996349926849
-14.99490324976453
-14.99480841769162
-14.994711821503238
-14.994613428396143
-14.994513204957638
-14.994411117154291
-14.994307130320387
-14.994201209146217
-14.994093317666158
-14.993983419246467
-14.993871476572934
-14.993757451638245
-14.993641305729135
-14.993522999413303
-14.993402492526096
-14.993279744156917
-14.993154712635404
-14.993027355517365
-14.992897629570423
-14.992765490759421
-14.992630894231539
-14.992493794301158
-14.992354144434437
-14.992211897233577
-14.99206700442085
-14.99191941682228
-14.991769084351064
-14.991615955990667
-14.991459979777591
-14.99130110278388
-14.991139271099229
-14.990974429812832
-14.990806522994857
-14.99063549367758
-14.990461283836195
-14.990283834369253
-14.99010308507874
-14.989918974649797
-14.989731440630079
-14.989540419408707
-14.989345846194839
-14.98914765499587
-14.98894577859522
-14.988740148529697
-14.98853069506646
-14.988317347179589
-14.988100032526134
-14.98787867742185
-14.987653206816384
-14.987423544268058
-14.987189611918167
-14.986951330464837
-14.986708619136369
-14.986461395664106
-14.986209576254831
-14.985953075562605
-14.985691806660162
-14.985425681009698
-14.985154608433197
-14.984878497082176
-14.984597253406902
-14.98431078212502
-14.98401898618961
-14.983721766756714
-14.983419023152193
-14.983110652838038
-14.982796551378025
-14.982476612402783
-14.982150727574213
-14.981818786549246
-14.981480676942947
-14.981136284290955
-14.980785492011243
-14.98042818136518
-14.980064231417865
-14.979693518997793
-14.979315918655715
-14.978931302622831
-14.97853954076816
-14.97814050055518
-14.977734046997668
-14.977320042614739
-14.976898347385065
-14.97646881870029
-14.976031311317586
-14.975585677311338
-14.975131766024017
-14.974669424016069
-14.974198495015004
-14.973718819863493
-14.973230236466568
-14.97273257973787
-14.97222568154491
-14.971709370653357
-14.97118347267036
-14.970647809986783
-14.970102201718467
-14.969546463646415
-14.968980408155899
-14.968403844174498
-14.967816577108996
-14.96721840878121
-14.966609137362601
-14.965988557307783
-14.965356459286797
-14.964712630116223
-14.964056852689033
-14.963388905903212
-14.962708564589116
-14.96201559943554
-14.961309776914456
-14.960590859204455
-14.959858604112803
-14.95911276499613
-14.958353090679733
-14.957579325375447
-14.95679120859804
-14.955988475080204
-14.955170854685981
-14.954338072322715
-14.953489847851465
-14.952625895995785
-14.951745926248998
-14.950849642779794
-14.949936744336183
-14.9490069241478
-14.948059869826483
-14.947095263265163
-14.946112780534937
-14.945112091780414
-14.944092861113226
-14.943054746503705
-14.941997399670688
-14.94092046596942
-14.939823584277535
-14.938706386879089
-14.937568499346579
-14.936409540420968
-14.935229121889652
-14.934026848462329
-14.932802317644796
-14.931555119610556
-14.930284837070271
-14.92899104513901
-14.927673311201229
-14.926331194773516
-14.92496424736498
-14.923572012335319
-14.922154024750528
-14.92070981123615
-14.919238889828128
-14.91774076982113
-14.916214951614391
-14.914660926554985
-14.91307817677851
-14.911466175047153
-14.909824384585079
-14.908152258911137
-14.906449241668827
-14.904714766453486
-14.90294825663669
-14.901149125187766
-14.899316774492458
-14.897450596168666
-14.895549970879202
-14.89361426814159
-14.891642846134776
-14.889635051502816
-14.88759021915543
-14.885507672065398
-14.883386721062806
-14.881226664626016
-14.87902678866941
-14.876786366327826
-14.87450465773765
-14.872180909814531
-14.8698143560277
-14.867404216170812
-14.864949696129331
-14.862449987644359
-14.859904268072937
-14.857311700144736
-14.854671431715115
-14.851982595514517
-14.84924430889416
-14.846455673568018
-14.84361577535099
-14.84072368389332
-14.83777845241115
-14.834779117413227
-14.831724698423708
-14.828614197701059
-14.825446599952986
-14.8222208720474
-14.818935962719396
-14.815590802274139
-14.8121843022858
-14.808715355292323
-14.805182834486171
-14.801585593400898
-14.79792246559364
-14.794192264323431
-14.790393782225374
-14.786525790980631
-14.782587040982218
-14.778576260996655
-14.774492157821385
-14.770333415937975
-14.76609869716118
-14.761786640283766
-14.757395860717157
-14.75292495012788
-14.748372476069877
-14.74373698161263
-14.73901698496515
-14.734210979095868
-14.729317431348397
-14.724334783053274
-14.719261449135638
-14.714095817718944
-14.708836249724703
-14.70348107846834
-14.698028609251173
-14.692477118948645
-14.68682485559477
-14.681070037962966
-14.675210855143261
-14.669245466116001
-14.66317199932216
-14.656988552230288
-14.650693190900247
-14.64428394954381
-14.637758830082287
-14.631115801701224
-14.62435280040237
-14.617467728553038
-14.610458454432985
-14.603322811778991
-14.59605859932728
-14.588663580354002
-14.58113548221392
-14.5734719958775
-14.56567077546666
-14.557729437789346
-14.549645561873188
-14.541416688498476
-14.533040319730718
-14.524513918453055
-14.515834907898789
-14.507000671184358
-14.498008550843041
-14.48885584835975
-14.479539823707212
-14.470057694883943
-14.460406637454362
-14.450583784091439
-14.440586224122324
-14.430411003077321
-14.420055122242735
-14.409515538217981
-14.398789162477513
-14.387872860938042
-14.376763453531579
-14.365457713784878
-14.35395236840583
-14.342244096877412
-14.330329531059862
-14.318205254801633
-14.305867803559908
-14.293313664031317
-14.280539273793579
-14.267541020958875
-14.254315243839692
-14.240858230627973
-14.227166219088431
-14.213235396266862
-14.199061898214431
-14.184641809728802
-14.169971164113162
-14.155045942954061
-14.139862075919199
-14.124415440576206
-14.108701862233492
-14.092717113804403
-14.076456915695811
-14.059916935722393
-14.043092789047904
-14.025980038154678
-14.008574192842804
-13.990870710260324
-13.972864994965866
-13.954552399025296
-13.9359282221438
-13.916987711835054
-13.897726063629046
-13.87813842132029
-13.858219877258035
-13.837965472680334
-13.817370198093741
-13.796428993700466
-13.775136749874937
-13.753488307691695
-13.731478459506667
-13.709101949593796
-13.68635347483921
-13.663227685495054
-13.63971918599516
-13.61582253583485
-13.59153225051718
-13.566842802567885
-13.5417486226216
-13.51624410058159
-13.490323586855688
-13.463981393670815
-13.43721179646883
-13.41000903538616
-13.38236731682007
-13.354280815084145
-13.325743674155857
-13.296750009518895
-13.267293910103204
-13.237369440325525
-13.206970642233353
-13.176091537755251
-13.144726131060464
-13.112868411030787
-13.080512353847734
-13.04765192569795
-13.014281085599945
-12.980393788355105
-12.9459839876261
-12.911045639145657
-12.875572704058655
-12.839559152400732
-12.802998966716123
-12.76588614581791
-12.728214708693496
-12.689978698558146
-12.651172187059505
-12.611789278635811
-12.571824115030507
-12.531270879965867
-12.490123803978166
-12.448377169416885
-12.406025315610197
-12.363062644198976
-12.31948362464146
-12.275282799890375
-12.230454792244426
-12.184994309375682
-12.138896150534254
-12.092155212931544
-12.044766498303007
-11.996725119651197
-11.94802630816965
-11.898665420347761
-11.848637945256707
-11.797939512016006
-11.746565897440073
-11.69451303386371
-11.641777017145225
-11.58835411484531
-11.534240774579628
-11.479433632542372
-11.423929522197822
-11.367725483136368
-11.31081877009088
-11.253206862109005
-11.194887471876159
-11.135858555183587
-11.076118320535263
-11.01566523888666
-10.954498053507866
-10.892615789962898
-10.830017766196208
-10.766703602716836
-10.70267323286974
-10.637926913183273
-10.572465233780768
-10.506289128843518
-10.439399887111552
-10.371799162407788
-10.30348898417013
-10.234471767975435
-10.164750326038043
-10.09432787766489
-10.023208059648217
-9.951394936575731
-9.878893011037476
-9.805707233707349
-9.731843013276407
-9.657306226214104
-9.582103226332592
-9.506240854128164
-9.429726445873214
-9.352567842430748
-9.27477339776295
-9.196351987104016
-9.11731301476689
-9.037666421552476
-8.957422691729114
-8.876592859549456
-8.79518851527091
-8.713221810645354
-8.63070546384313
-8.54765276377569
-8.46407757378089
-8.379994334634608
-8.295418066851717
-8.210364372239718
-8.124849434667812
-8.038890020014367
-7.952503475255975
-7.865707726661252
-7.778521277053257
-7.690963202104634
-7.603053145630559
-7.514811313845155
-7.426258468548352
-7.337415919210926
-7.248305513927431
-7.15894962920778
-7.069371158580221
-6.979593499980524
-6.889640541904246
-6.799536648301272
-6.709306642194774
-6.618975788009223
-6.528569772595326
-6.438114684943162
-6.347636994578124
-6.2571635286382055
-6.166721447634991
-6.076338219905178
-5.986041594763638
-5.895859574373709
-5.80582038435551
-5.715952443157731
-5.626284330223809
-5.536844752988806
-5.447662512748742
-5.358766469449765
-5.270185505450563
-5.181948488317065
-5.094084232714536
-5.006621461468086
-4.919588765868765
-4.833014565308222
-4.746927066330848
-4.661354221198344
-4.576323686067113
-4.491862778884544
-4.407998437115657
-4.324757175416563
-4.242165043375962
-4.160247583450541
-4.07902978922408
-3.9985360641236625
-3.9187901807298555
-3.8398152408200357
-3.761633636286467
-3.6842670110719276
-3.607736224266864
-3.5320613145119655
-3.457261465849557
-3.3833549751659326
-3.3103592213646884
-3.238290636407955
-3.1671646783589136
-3.0969958065543217
-3.0277974590299426
-2.959582032315966
-2.8923608637117013
-2.826144216141092
-2.760941265681348
-2.6967600918474464
-2.6336076707044445
-2.57148987086825
-2.5104114524434635
-2.450376068934162
-2.3913862721500134
-2.3334435201165853
-2.276548187984041
-2.2206995819140705
-2.1658959559098605
-2.112134531538876
-2.059411520483181
-2.007722149836809
-1.9570606900551422
-1.9074204854463748
-1.8587939870811887
-1.8111727879831712
-1.7645476604495407
-1.7189085953395544
-1.6742448431569343
-1.6305449567422503
-1.5877968353821732
-1.5459877701347082
-1.5051044901629105
-1.4651332098643746
-1.4260596765802003
-1.3878692186647985
-1.3505467936973812
-1.3140770366167143
-1.2784443075633973
-1.24363273921786
-1.209626283427795
-1.1764087569260795
-1.143963885948473
-1.1122753495704565
-1.0813268215936311
-1.0511020108244153
-1.0215846996011937
-0.9927587804400808
-0.9646082906847813
-0.9371174450612969
-0.9102706660544584
-0.8840526120394685
-0.8584482031180691
-0.8334426446252152
-0.8090214482883464
-0.785170451036926
-0.7618758314750842
-0.7391241240447908
-0.7169022309203577
-0.6951974316880616
-0.6739973908759378
-0.6532901634096664
-0.6330641980794667
-0.6133083391110326
-0.59401182594031
-0.5751642912973232
-0.5567557577083342
-0.5387766325285526
-0.5212177016192889
-0.504070121783796
-0.48732541207559343
-0.47097544409131764
-0.4550124313577584
-0.43942891791935423
-0.42421776622845186
-0.4093721444361673
-0.3948855131766038
-0.38075161193196294
-0.3669644450606011
-0.35351826756440374
-0.34040757066640204
-0.32762706726404467
-0.3151716773182578
-0.30303651323353975
-0.2912168652796012
-0.2797081871009226
-0.26850608135665865
-0.25760628553009823
-0.24700465794388293
-0.23669716401479945
-0.22667986277997088
-0.21694889372473547
-0.2075004639412903
-0.1983308356464608
-0.18943631408635753
-0.18081323585550457
-0.17245795765795968
-0.1643668455379892
-0.15653626460801995
-0.14896256930174445
-0.1416420941803409
-0.1345711453197076
-0.12774599230640504
-0.1211628608696067
-0.11481792617555797
-0.10870730681004126
-0.10282705947299675
-0.09717317440755124
-0.09174157158369667
-0.08652809765413849
-0.08152852369687302
-0.07673854375577882
-0.07215377418645907
-0.06776975381069938
-0.06358194487821578
-0.059585734829683545
-0.055776438849933996
-0.0521493031951028
-0.04869950927198552
-0.04542217844260854
-0.042312377521472655
-0.03936512492762034
-0.0365753974484857
-0.03393813756746589
-0.031448261302482905
-0.029100666498436567
-0.02689024151256625
-0.024811874228351627
-0.022860461330648008
-0.021030917772547397
-0.019318186362792034
-0.017717247401659364
-0.016223128292915945
-0.01483091305995643
-0.013535751695409104
-0.01233286927531374
-0.011217574771626104
-0.010185269499991989
-0.009231455143618561
-0.008351741298501025
-0.007541852490254186
-0.006797634618225246
-0.006115060788387083
-0.005490236502687651
-0.00491940417893133
-0.0043989469818157545
-0.003925391952410706
-0.0034954124300199396
-0.0031058297669162016
-0.002753614342857702
-0.0024358858924760085
-0.002149913164451789
-0.0018931129368997546
-0.0016630484184965155
-0.0014574270693401559
-0.001274097879699454
-0.0011110481481839685
-0.0009663998038789146
-0.0008384053191186069
-0.0007254432614001161
-0.0006260135338838069
-0.0005387323544159273
-0.00046232702288406813
-0.0003956305259738002
-0.00033757602724548974
-0.00028719128864906907
-0.00024359306748245046
-0.00020598153031059496
-0.00017363472237796884
-0.00014590312794915405
-0.00012220435367105154
-0.00010201796342990122
-8.48804896040889e-5
-7.038064192066429e-5
-5.815473144821226e-5
-4.7882323666925686e-5
-3.928213106796363e-5
-3.210815240173304e-5
-2.6146062522158786e-5
-2.120985397446873e-5
-1.7138728576782114e-5
-1.3794235165676128e-5
-1.1057647238743584e-5
-8.827572656855409e-6
-7.0177858706443885e-6
-5.555271993529232e-6
-4.378470988442018e-6
-3.435709624355354e-6
-2.6838082956004428e-6
-2.0868496974912887e-6
-1.6150961723582213e-6
-1.2440428864834985e-6
-9.535941281058058e-7
-7.273506454907874e-7
-5.519963401923178e-7
-4.167734051208072e-7
-3.1303564362872294e-7
-2.3387046432787884e-7
-1.737807870938468e-7
-1.2841896612769688e-7
-9.436544701202365e-8
-6.894579840377446e-8
-5.0080346980507784e-8
-3.6161335259521366e-8
-2.5953214688456683e-8
-1.8512222865751937e-8
-1.3121903563728665e-8
-9.24177179228991e-9
-6.466693847073657e-9
-4.4949501898372546e-9
-3.1033433600669014e-9
-2.127857001710254e-9
-1.4487966382148443e-9
-9.794174360422403e-10
-6.573017685695959e-10
-4.3786485548480414e-10
-2.894910977602194e-10
-1.8992984962551418e-10
-1.2363265966541803e-10
-7.984013450368366e-11
-5.113953704949381e-11
-3.248779023579118e-11
-2.0463630789890885e-11
-1.2780887459484802e-11
-7.910117005849315e-12
-4.8547832420808845e-12
-2.9540814239226165e-12
-1.7781331962396507e-12
-1.0622613899613498e-12
-6.288303211476887e-13
-3.6770586575585185e-13
-2.1316282072803006e-13
-1.2256862191861728e-13
-6.750155989720952e-14
-3.907985046680551e-14
-2.1316282072803006e-14
-1.2434497875801753e-14
-7.105427357601002e-15
-5.329070518200751e-15
-1.7763568394002505e-15
-1.7763568394002505e-15
0.0
0.0
1.7763568394002505e-15
0.0
0.0
0.0
1.7763568394002505e-15
0.0
0.0
0.0
0.0
-1.7763568394002505e-15
-1.7763568394002505e-15
0.0
1.7763568394002505e-15
0.0
0.0
1.7763568394002505e-15
1.7763568394002505e-15
0.0
0.0
0.0
0.0
0.0
-1.7763568394002505e-15
0.0
1.7763568394002505e-15
0.0
0.0
-1.7763568394002505e-15
-1.7763568394002505e-15
1.7763568394002505e-15
-1.7763568394002505e-15
0.0
0.0
0.0
-1.7763568394002505e-15
1.7763568394002505e-15
-1.7763568394002505e-15
0.0
0.0
0.0
1.7763568394002505e-15
-1.7763568394002505e-15
0.0
0.0
0.0
-1.7763568394002505e-15
0.0
0.0
0.0
-1.7763568394002505e-15
0.0
-1.7763568394002505e-15
1.7763568394002505e-15
0.0
-1.7763568394002505e-15
0.0
-1.7763568394002505e-15
0.0
-1.7763568394002505e-15
1.7763568394002505e-15
-1.7763568394002505e-15
0.0
0.0
0.0
0.0
-1.7763568394002505e-15
-1.7763568394002505e-15
0.0
0.0
0.0
0.0
-1.7763568394002505e-15
-1.7763568394002505e-15
1.7763568394002505e-15
1.7763568394002505e-15
0.0
0.0
-1.7763568394002505e-15
0.0
0.0
0.0
0.0
-1.7763568394002505e-15
0.0
0.0
-1.7763568394002505e-15
1.7763568394002505e-15
0.0
0.0
0.0
0.0
0.0
0.0
0.0
0.0
1.7763568394002505e-15
-1.7763568394002505e-15
0.0
0.0
0.0
-1.7763568394002505e-15
0.0
-1.7763568394002505e-15
0.0
0.0
0.0
-1.7763568394002505e-15
0.0
0.0
-1.7763568394002505e-15
1.7763568394002505e-15
0.0
0.0
0.0
1.7763568394002505e-15
-1.7763568394002505e-15
1.7763568394002505e-15
0.0
-1.7763568394002505e-15
1.7763568394002505e-15
-1.7763568394002505e-15
0.0
1.7763568394002505e-15
1.7763568394002505e-15
-1.7763568394002505e-15
0.0
0.0
0.0
1.7763568394002505e-15
0.0
0.0
0.0
-1.7763568394002505e-15
0.0
0.0
1.7763568394002505e-15
-1.7763568394002505e-15
0.0
0.0
0.0
0.0
0.0
-1.7763568394002505e-15
-1.7763568394002505e-15
0.0
0.0
0.0
1.7763568394002505e-15
0.0
0.0
0.0
0.0
0.0
0.0
1.7763568394002505e-15
0.0
0.0
-1.7763568394002505e-15
-1.7763568394002505e-15
0.0
0.0
1.7763568394002505e-15
-1.7763568394002505e-15
-1.7763568394002505e-15
1.7763568394002505e-15
0.0
0.0
1.7763568394002505e-15
-1.7763568394002505e-15
0.0
0.0
0.0
0.0
0.0
0.0
1.7763568394002505e-15
0.0
1.7763568394002505e-15
0.0
-1.7763568394002505e-15
0.0
-1.7763568394002505e-15
1.7763568394002505e-15
0.0
0.0
1.7763568394002505e-15
0.0
0.0
1.7763568394002505e-15
0.0
-1.7763568394002505e-15
1.7763568394002505e-15
0.0
-1.7763568394002505e-15
0.0
1.7763568394002505e-15
0.0
0.0
1.7763568394002505e-15
-1.7763568394002505e-15
-1.7763568394002505e-15
1.7763568394002505e-15
0.0
-1.7763568394002505e-15
0.0
0.0
0.0
0.0
0.0
-1.7763568394002505e-15
0.0
0.0
0.0
1.7763568394002505e-15
-1.7763568394002505e-15
-1.7763568394002505e-15
0.0
0.0
0.0
-1.7763568394002505e-15
0.0
0.0
0.0
0.0
-1.7763568394002505e-15
1.7763568394002505e-15
1.7763568394002505e-15
-1.7763568394002505e-15
-1.7763568394002505e-15
0.0
0.0
-1.7763568394002505e-15
0.0
-1.7763568394002505e-15
-1.7763568394002505e-15
1.7763568394002505e-15
0.0
0.0
0.0
0.0
0.0
1.7763568394002505e-15
0.0
0.0
1.7763568394002505e-15
0.0
0.0
1.7763568394002505e-15
1.7763568394002505e-15
0.0
0.0
0.0
1.7763568394002505e-15
0.0
0.0
1.7763568394002505e-15
0.0
0.0
0.0
1.7763568394002505e-15
-1.7763568394002505e-15
0.0
-1.7763568394002505e-15
-1.7763568394002505e-15
0.0
-1.7763568394002505e-15
0.0
