-14.997448350937951
-14.997400869005942
-14.997352503603311
-14.997303238295155
-14.997253056340938
-14.997201940688846
-14.99714987397
-14.997096838492554
-14.997042816235707
-14.996987788843585
-14.996931737619017
-14.996874643517199
-14.996816487139226
-14.996757248725537
-14.99669690814919
-14.99663544490905
-14.996572838122848
-14.996509066520089
-14.996444108434844
-14.996377941798412
-14.996310544131841
-14.996241892538308
-14.996171963695346
-14.996100733846973
-14.996028178795608
-14.995954273893904
-14.995878994036362
-14.995802313650865
-14.995724206689983
-14.995644646622171
-14.995563606422776
-14.995481058564884
-14.995396975009992
-14.995311327198529
-14.99522408604017
-14.995135221903997
-14.995044704608471
-14.994952503411188
-14.99485858699852
-14.994762923474973
-14.99466548035241
-14.994566224539065
-14.99446512232834
-14.994362139387382
-14.994257240745503
-14.994150390782318
-14.994041553215714
-14.993930691089584
-14.993817766761302
-14.993702741889035
-14.993585577418736
-14.993466233570976
-14.99334466982748
-14.993220844917422
-14.993094716803508
-14.992966242667748
-14.992835378896977
-14.992702081068156
-14.992566303933335
-14.992428001404383
-14.992287126537416
-14.992143631516958
-14.991997467639775
-14.991848585298454
-14.991696933964654
-14.991542462172042
-14.991385117498925
-14.991224846550583
-14.991061594941243
-14.990895307275713
-14.990725927130738
-14.990553397035947
-14.990377658454491
-14.990198651763299
-14.990016316232982
-14.989830590007374
-14.989641410082694
-14.98944871228631
-14.989252431255133
-14.989052500413594
-14.988848851951241
-14.98864141679991
-14.988430124610462
-14.988214903729123
-14.98799568117339
-14.987772382607439
-14.98754493231717
-14.987313253184722
-14.987077266662551
-14.986836892747043
-14.986592049951604
-14.986342655279318
-14.986088624195036
-14.985829870597012
-14.985566306787995
-14.985297843445771
-14.985024389593212
-14.984745852567755
-14.984462137990304
-14.984173149733596
-14.983878789889983
-14.983578958738613
-14.983273554712007
-14.982962474362049
-14.982645612325353
-14.982322861287976
-14.981994111949524
-14.981659252986551
-14.98131817101536
-14.980970750554063
-14.980616873984005
-14.980256421510441
-14.979889271122536
-14.97951529855261
-14.979134377234654
-14.978746378262116
-14.978351170344865
-14.977948619765444
-14.977538590334483
-14.9771209433453
-14.97669553752774
-14.976262229001088
-14.975820871226228
-14.975371314956863
-14.974913408189881
-14.974446996114835
-14.973971921062494
-14.973488022452496
-14.97299513674
-14.972493097361463
-14.97198173467934
-14.971460875925878
-14.970930345145876
-14.970389963138357
-14.969839547397301
-14.96927891205121
-14.968707867801674
-14.96812622186077
-14.967533777887395
-14.96693033592243
-14.966315692322748
-14.965689639694055
-14.965051966822532
-14.964402458605239
-14.963740895979331
-14.963067055849931
-14.962380711016818
-14.961681630099726
-14.960969577462386
-14.960244313135178
-14.959505592736441
-14.958753167392357
-14.957986783655473
-14.957206183421714
-14.95641110384601
-14.955601277256374
-14.9547764310665
-14.953936287686814
-14.953080564433964
-14.952208973438749
-14.951321221552371
-14.950417010251119
-14.949496035539353
-14.948557987850775
-14.947602551948036
-14.94662940682053
-14.945638225580481
-14.944628675357144
-14.943600417189252
-14.942553105915556
-14.94148639006348
-14.940399911735852
-14.939293306495719
-14.938166203249118
-14.93701822412587
-14.93584898435835
-14.93465809215814
-14.93344514859058
-14.932209747447219
-14.930951475116048
-14.92966991044954
-14.928364624630463
-14.927035181035412
-14.925681135096044
-14.924302034157943
-14.922897417337136
-14.921466815374211
-14.920009750485946
-14.918525736214498
-14.91701427727405
-14.915474869394913
-14.913906999165047
-14.91231014386894
-14.910683771323825
-14.909027339713218
-14.907340297417699
-14.905622082842898
-14.903872124244732
-14.902089839551712
-14.900274636184413
-14.898425910872005
-14.896543049465796
-14.894625426749798
-14.892672406248236
-14.890683340029964
-14.888657568509775
-14.886594420246537
-14.884493211738139
-14.882353247213183
-14.880173818419419
-14.87795420440882
-14.875693671319365
-14.873391472153344
-14.87104684655231
-14.868659020568503
-14.866227206432754
-14.863750602318907
-14.861228392104564
-14.858659745128266
-14.856043815942991
-14.853379744065935
-14.85066665372458
-14.847903653598983
-14.845089836560234
-14.84222427940511
-14.839306042586811
-14.836334169941791
-14.833307688412683
-14.830225607767195
-14.827086920313018
-14.823890600608712
-14.820635605170486
-14.817320872174934
-14.813945321157588
-14.810507852707364
-14.807007348156828
-14.803442669268248
-14.799812657915451
-14.796116135761409
-14.79235190393161
-14.788518742683124
-14.784615411069382
-14.780640646600693
-14.77659316490038
-14.77247165935667
-14.768274800770206
-14.764001236997254
-14.759649592588584
-14.755218468423998
-14.750706441342569
-14.746112063768523
-14.741433863332876
-14.736670342490699
-14.731819978134194
-14.726881221201472
-14.721852496281098
-14.716732201212478
-14.711518706682062
-14.70621035581541
-14.700805463765198
-14.695302317295186
-14.689699174360202
-14.683994263682202
-14.678185784322455
-14.672271905249975
-14.666250764906218
-14.660120470766119
-14.65387909889563
-14.647524693505773
-14.641055266503374
-14.634468797038522
-14.627763231048938
-14.620936480801323
-14.61398642442987
-14.606910905472029
-14.59970773240171
-14.592374678160088
-14.584909479684148
-14.57730983743321
-14.569573414913524
-14.561697838201251
-14.55368069546401
-14.545519536481093
-14.537211872162837
-14.528755174069119
-14.520146873927473
-14.511384363150947
-14.502464992356071
-14.49338607088122
-14.484144866305694
-14.474738603969818
-14.4651644664965
-14.4554195933145
-14.445501080183892
-14.435405978724072
-14.425131295944759
-14.414673993780388
-14.404030988628428
-14.393199150892038
-14.38217530452757
-14.370956226597517
-14.359538646829341
-14.347919247180826
-14.336094661412535
-14.32406147466796
-14.311816223062038
-14.299355393278686
-14.286675422178053
-14.273772696414191
-14.260643552063955
-14.247284274267823
-14.23369109688351
-14.219860202153193
-14.205787720385219
-14.191469729651205
-14.176902255499435
-14.162081270685576
-14.147002694921657
-14.131662394644403
-14.116056182803986
-14.100179818674256
-14.084029007685688
-14.067599401282164
-14.05088659680286
-14.033886137390494
-14.016593511927235
-13.999004154999664
-13.981113446894138
-13.962916713624033
-13.944409226990325
-13.925586204677078
-13.906442810383366
-13.886974153993297
-13.867175291785784
-13.847041226685798
-13.826566908558867
-13.805747234550621
-13.784577049473302
-13.763051146241096
-13.741164266356305
-13.718911100448338
-13.696286288867654
-13.673284422336698
-13.649900042660091
-13.626127643496279
-13.601961671192823
-13.577396525687885
-13.552426561480031
-13.527046088668998
-13.501249374069824
-13.475030642402839
-13.448384077562242
-13.421303823965728
-13.393783987988028
-13.36581863948094
-13.337401813382755
-13.308527511419824
-13.27918970390319
-13.249382331623135
-13.219099307844655
-13.188334520406816
-13.157081833928975
-13.125335092127049
-13.093088120242708
-13.060334727588819
-13.027068710214097
-12.993283853690233
-12.958973936024536
-12.924132730701427
-12.888754009855772
-12.852831547581388
-12.816359123377806
-12.779330525738443
-12.741739555883406
-12.703580031639927
-12.66484579147361
-12.625530698673474
-12.585628645693806
-12.545133558655786
-12.504039402011687
-12.462340183374533
-12.420029958515881
-12.37710283653433
-12.333552985197304
-12.289374636458485
-12.244562092153128
-12.199109729873431
-12.15301200902583
-12.106263477072105
-12.058858775955814
-12.010792648715471
-11.962059946285672
-11.912655634487074
-11.86257480120591
-11.811812663763519
-11.760364576475897
-11.70822603840324
-11.6553927012888
-11.601860377686352
-11.547625049274906
-11.492682875359108
-11.437030201553279
-11.380663568646568
-11.323579721646334
-11.265775618996301
-11.207248441965486
-11.147995604203528
-11.088014761457284
-11.027303821443102
-10.96586095386854
-10.903684600596604
-10.840773485944986
-10.77712662711209
-10.712743344720769
-10.647623273470245
-10.581766372885554
-10.515172938153347
-10.447843611031908
-10.379779390822486
-10.31098164538803
-10.24145212220472
-10.171192959430586
-10.1002066969747
-10.028496287549377
-9.956065107686907
-9.882916968701322
-9.809056127574689
-9.73448729774643
-9.659215659783143
-9.583246871905244
-9.50658708034602
-9.429242929517153
-9.351221571954325
-9.272530678014913
-9.193178445299205
-9.1131736077653
-9.032525444506952
-8.951243788162728
-8.86933903292367
-8.786822142106118
-8.70370465525512
-8.619998694743362
-8.535716971829405
-8.450872792138803
-8.365480060530643
-8.279553285311522
-8.193107581758788
-8.106158674914152
-8.018722901608594
-7.93081721167932
-7.842459168339521
-7.753666947661427
-7.664459337133726
-7.574855733254415
-7.484876138120773
-7.394541154978661
-7.3038719826942
-7.2128904091119015
-7.121618803264202
-7.030080106399032
-6.9382978217933235
-6.8462960033221325
-6.754099242755149
-6.661732655754376
-6.569221866549144
-6.476592991267463
-6.383872619905301
-6.291087796918742
-6.198266000427035
-6.105435120018461
-6.012623433154573
-5.9198595801723854
-5.827172537888686
-5.734591591814954
-5.642146306996139
-5.549866497491882
-5.457782194523601
-5.3659236133165145
-5.274321118671324
-5.183005189305982
-5.09200638101386
-5.001355288691052
-4.911082507291326
-4.82121859177396
-4.731794016115629
-4.6428391314644255
-4.5543841235201
-4.466458969231084
-4.379093392905366
-4.292316821838311
-4.206158341566532
-4.120646650863083
-4.035810016594674
-3.9516762285668676
-3.8682725544887475
-3.7856256951926426
-3.7037617402492717
-3.6227061241220078
-3.542483583007698
-3.4631181125138664
-3.384632926324233
-3.307050416006213
-3.2303921121144583
-3.154678646744614
-3.079929717690753
-3.006164054358212
-2.933399385581005
-2.8616524094898246
-2.790938765572154
-2.721273009060919
-2.652668587781834
-2.585137821582702
-2.518691884459672
-2.453340789486578
-2.389093376643604
-2.325957303630796
-2.2639390397400234
-2.203043862847
-2.143275859571366
-2.0846379286390633
-2.0271317874668267
-1.970757981973314
-1.9155158996060724
-1.8614037855573677
-1.8084187621260757
-1.7565568511662697
-1.7058129995467972
-1.6561811075301218
-1.607654059962396
-1.560223760151155
-1.5138811662919718
-1.468616330290505
-1.4244184388128538
-1.381275856383965
-1.3391761703419434
-1.298106237445337
-1.2580522319207272
-1.2189996947298773
-1.1809335838287502
-1.1438383251853956
-1.1076978643201567
-1.072495718129435
-1.038215026753857
-1.0048386052532496
-0.9723489948536308
-0.9407285135362766
-0.909959305745474
-0.8800233909993747
-0.8509027111982892
-0.8225791764355197
-0.7950347091286147
-0.7682512863023714
-0.7422109798699168
-0.7168959947738998
-0.6922887048665487
-0.6683716864245088
-0.6451277492121683
-0.6225399650253003
-0.600591693664823
-0.5792666063087957
-0.5585487062683718
-0.538422347131128
-0.5188722483117765
-0.49988350804658666
-0.4814416138830264
-0.46353245073026095
-0.44614230654949694
-0.429257875774935
-0.41286626056673903
-0.3969549700068953
-0.3815119173566561
-0.3665254155009148
-0.3519841707101161
-0.3378772748541028
-0.3241941962049637
-0.31092476896722765
-0.29805918167393664
-0.28558796458627533
-0.2735019762324171
-0.26179238921859316
-0.25045067544176725
-0.23946859082908212
-0.22883815972448396
-0.2185516590377361
-0.20860160226539115
-0.19898072348759754
-0.18968196143858584
-0.18069844374264044
-0.17202347140140972
-0.16365050361232747
-0.1555731429921039
-0.1477851212734702
-0.14028028553775584
-0.13305258504050066
-0.1260960586819806
-0.11940482316948042
-0.11297306191318057
-0.10679501469270214
-0.10086496812664336
-0.09517724697272456
-0.08972620628170347
-0.0845062244233965
-0.07951169699876992
-0.0747370316472491
-0.07017664375381472
-0.06582495305557323
-0.06167638114286511
-0.05772534984479272
-0.053966280484416984
-0.05039359398362997
-0.04700171179285384
-0.043785057615700396
-0.040738059893770995
-0.03785515501206227
-0.03513079118059004
-0.03255943294363561
-0.03013556626361158
-0.027853704122772882
-0.02570839258247304
-0.02369421723661702
-0.02180580999330317
-0.0200378561166783
-0.018385101459433173
-0.01684235981556803
-0.015404520322732651
-0.014066554843889634
-0.01282352525903363
-0.011670590599509367
-0.010603013959801899
-0.00961616912457508
-0.008705546852615598
-0.007866760763144853
-0.007095552775007619
-0.006387798054234395
-0.0057395094310148664
-0.005146841253173662
-0.0046060926492739185
-0.004113710180893904
-0.003666289870034589
-0.0032605785941566268
-0.0028934748476885375
-0.002562028875125577
-0.0022634421870133536
-0.0019950664756898107
-0.0017544019531818833
-0.0015390951386553553
-0.0013469361271987168
-0.0011758553758642876
-0.0010239200461370501
-0.0008893299450090097
-0.0007704131089258937
-0.000665621076576528
-0.0005735238974189372
-0.0004928049232866272
-0.0004222554302195647
-0.00036076911686144797
-0.0003073365245533921
-0.00026103942250976786
-0.0002210451991988549
-0.00018660129861736152
-0.00015702973714581958
-0.00013172173359876638
-0.00011013248178137758
-9.177609125643471e-5
-7.622071857582569e-5
-6.308390760523253e-5
-5.202815401617045e-5
-4.275670550413224e-5
-3.5009606060398824e-5
-2.855998931572401e-5
-2.321062311239075e-5
-1.8790704636728606e-5
-1.5152903047876976e-5
-1.2170644255959928e-5
-9.73563066430927e-6
-7.755586906910139e-6
-6.152221477151443e-6
-4.859392843670207e-6
-3.821468018472274e-6
-2.9918609083523506e-6
-2.331737455563143e-6
-1.8088745417088603e-6
-1.3966596537073883e-6
-1.0732185771189506e-6
-8.206588155701411e-7
-6.244169181712778e-7
-4.726985025627073e-7
-3.560004682157114e-7
-2.667056282490421e-7
-1.9874068613034979e-7
-1.4728934516483605e-7
-1.0855303145262951e-7
-7.955253700231424e-8
-5.796449542572191e-8
-4.198747483030729e-8
-3.0232905956495415e-8
-2.1636871849750605e-8
-1.5389151286626657e-8
-1.0876529898951048e-8
-7.63784946400392e-9
-5.328505636725822e-9
-3.6926675051063285e-9
-2.5416877491579726e-9
-1.7373888994143272e-9
-1.179255804117929e-9
-7.946923119561689e-10
-5.316351803230646e-10
-3.530136183371724e-10
-2.326334680446962e-10
-1.5212542336939805e-10
-9.869793871075672e-11
-6.352429693379236e-11
-4.055245028666832e-11
-2.567368539985182e-11
-1.6116885603878472e-11
-1.0029310715253814e-11
-6.188827228470473e-12
-3.7836400679225335e-12
-2.289723965986923e-12
-1.3784529073745944e-12
-8.189005029635155e-13
-4.796163466380676e-13
-2.8066438062523957e-13
-1.6342482922482304e-13
-9.237055564881302e-14
-5.3290705182007514e-14
-2.842170943040401e-14
-1.7763568394002505e-14
-8.881784197001252e-15
-5.329070518200751e-15
-1.7763568394002505e-15
-1.7763568394002505e-15
1.7763568394002505e-15
0.0
0.0
0.0
1.7763568394002505e-15
0.0
0.0
0.0
0.0
-1.7763568394002505e-15
-1.7763568394002505e-15
0.0
1.7763568394002505e-15
0.0
0.0
1.7763568394002505e-15
1.7763568394002505e-15
0.0
0.0
0.0
0.0
0.0
-1.7763568394002505e-15
0.0
1.7763568394002505e-15
0.0
0.0
-1.7763568394002505e-15
-1.7763568394002505e-15
1.7763568394002505e-15
-1.7763568394002505e-15
0.0
0.0
0.0
-1.7763568394002505e-15
1.7763568394002505e-15
-1.7763568394002505e-15
0.0
0.0
0.0
1.7763568394002505e-15
-1.7763568394002505e-15
0.0
0.0
0.0
-1.7763568394002505e-15
0.0
0.0
0.0
-1.7763568394002505e-15
0.0
-1.7763568394002505e-15
1.7763568394002505e-15
0.0
-1.7763568394002505e-15
0.0
-1.7763568394002505e-15
0.0
-1.7763568394002505e-15
1.7763568394002505e-15
-1.7763568394002505e-15
0.0
0.0
0.0
0.0
-1.7763568394002505e-15
-1.7763568394002505e-15
0.0
0.0
0.0
0.0
-1.7763568394002505e-15
-1.7763568394002505e-15
1.7763568394002505e-15
1.7763568394002505e-15
0.0
0.0
-1.7763568394002505e-15
0.0
0.0
0.0
0.0
-1.7763568394002505e-15
0.0
0.0
-1.7763568394002505e-15
1.7763568394002505e-15
0.0
0.0
0.0
0.0
0.0
0.0
0.0
0.0
1.7763568394002505e-15
-1.7763568394002505e-15
0.0
0.0
0.0
-1.7763568394002505e-15
0.0
-1.7763568394002505e-15
0.0
0.0
0.0
-1.7763568394002505e-15
0.0
0.0
-1.7763568394002505e-15
1.7763568394002505e-15
0.0
0.0
0.0
1.7763568394002505e-15
-1.7763568394002505e-15
1.7763568394002505e-15
0.0
-1.7763568394002505e-15
1.7763568394002505e-15
-1.7763568394002505e-15
0.0
1.7763568394002505e-15
1.7763568394002505e-15
-1.7763568394002505e-15
0.0
0.0
0.0
1.7763568394002505e-15
0.0
0.0
0.0
-1.7763568394002505e-15
0.0
0.0
1.7763568394002505e-15
-1.7763568394002505e-15
0.0
0.0
0.0
0.0
0.0
-1.7763568394002505e-15
-1.7763568394002505e-15
0.0
0.0
0.0
1.7763568394002505e-15
0.0
0.0
0.0
0.0
0.0
0.0
1.7763568394002505e-15
0.0
0.0
-1.7763568394002505e-15
-1.7763568394002505e-15
0.0
0.0
1.7763568394002505e-15
-1.7763568394002505e-15
-1.7763568394002505e-15
1.7763568394002505e-15
0.0
0.0
1.7763568394002505e-15
-1.7763568394002505e-15
0.0
0.0
0.0
0.0
0.0
0.0
1.7763568394002505e-15
0.0
1.7763568394002505e-15
0.0
-1.7763568394002505e-15
0.0
-1.7763568394002505e-15
1.7763568394002505e-15
0.0
0.0
1.7763568394002505e-15
0.0
0.0
1.7763568394002505e-15
0.0
-1.7763568394002505e-15
1.7763568394002505e-15
0.0
-1.7763568394002505e-15
0.0
1.7763568394002505e-15
0.0
0.0
1.7763568394002505e-15
-1.7763568394002505e-15
-1.7763568394002505e-15
1.7763568394002505e-15
0.0
-1.7763568394002505e-15
0.0
0.0
0.0
0.0
0.0
-1.7763568394002505e-15
0.0
0.0
0.0
1.7763568394002505e-15
-1.7763568394002505e-15
-1.7763568394002505e-15
0.0
0.0
0.0
-1.7763568394002505e-15
0.0
0.0
0.0
0.0
-1.7763568394002505e-15
1.7763568394002505e-15
1.7763568394002505e-15
-1.7763568394002505e-15
-1.7763568394002505e-15
0.0
0.0
-1.7763568394002505e-15
0.0
-1.7763568394002505e-15
-1.7763568394002505e-15
1.7763568394002505e-15
0.0
0.0
0.0
0.0
0.0
1.7763568394002505e-15
0.0
0.0
1.7763568394002505e-15
0.0
0.0
1.7763568394002505e-15
1.7763568394002505e-15
0.0
0.0
0.0
1.7763568394002505e-15
0.0
0.0
1.7763568394002505e-15
0.0
0.0
0.0
1.7763568394002505e-15
-1.7763568394002505e-15
0.0
-1.7763568394002505e-15
-1.7763568394002505e-15
0.0
-1.7763568394002505e-15
0.0
