-14.99603484985365
-14.995961069663089
-14.99588591685868
-14.995809365912681
-14.995731390822895
-14.99565196510388
-14.995571061777982
-14.995488653366186
-14.995404711878823
-14.99531920880609
-14.9952321151084
-14.99514340120656
-14.995053036971738
-14.994960991715299
-14.99486723417838
-14.994771732521347
-14.994674454313007
-14.99457536651963
-14.994474435493794
-14.99437162696298
-14.994266906017998
-14.994160237101173
-14.994051583994322
-14.993940909806511
-14.993828176961577
-14.993713347185427
-14.993596381493116
-14.993477240175643
-14.993355882786549
-14.993232268128255
-14.99310635423813
-14.992978098374323
-14.992847457001323
-14.99271438577526
-14.99257883952892
-14.99244077225651
-14.992300137098109
-14.992156886323851
-14.992010971317853
-14.991862342561745
-14.991710949618001
-14.991556741112932
-14.991399664719317
-14.991239667138801
-14.99107669408388
-14.990910690259627
-14.990741599345023
-14.990569363974009
-14.990393925716115
-14.990215225056803
-14.990033201377392
-14.98984779293465
-14.989658936840016
-14.989466569038383
-14.98927062428658
-14.989071036131385
-14.98886773688715
-14.988660657613064
-14.988449728089925
-14.988234876796545
-14.988016030885687
-14.987793116159581
-14.987566057044987
-14.987334776567785
-14.987099196327119
-14.986859236469078
-14.986614815659852
-14.986365851058446
-14.986112258288847
-14.98585395141175
-14.98559084289567
-14.985322843587632
-14.98504986268324
-14.984771807696257
-14.984488584427593
-14.984200096933748
-14.983906247494655
-14.983606936580992
-14.983302062820826
-14.9829915229657
-14.982675211856073
-14.982353022386171
-14.982024845468137
-14.981690569995594
-14.981350082806493
-14.98100326864533
-14.980650010124632
-14.980290187685783
-14.979923679559121
-14.979550361723303
-14.979170107863963
-14.978782789331573
-14.978388275098606
-14.977986431715848
-14.977577123268
-14.977160211328401
-14.976735554912988
-14.976303010433389
-14.975862431649212
-14.975413669619417
-14.974956572652852
-14.974490986257893
-14.97401675309116
-14.973533712905331
-14.973041702495992
-14.97254055564757
-14.972030103078252
-14.971510172383946
-14.970980587981222
-14.97044117104924
-14.969891739470631
-14.96933210777132
-14.968762087059288
-14.968181484962209
-14.967590105564003
-14.966987749340246
-14.966374213092429
-14.965749289881048
-14.965112768957493
-14.964464435694753
-14.963804071516856
-14.963131453827081
-14.962446355934887
-14.961748546981557
-14.961037791864515
-14.96031385116031
-14.959576481046248
-14.958825433220623
-14.958060454821553
-14.957281288344412
-14.956487671557753
-14.955679337417806
-14.954856013981463
-14.954017424317712
-14.953163286417569
-14.952293313102379
-14.951407211930574
-14.95050468510276
-14.949585429365179
-14.94864913591147
-14.94769549028274
-14.946724172265913
-14.945734855790285
-14.944727208822314
-14.943700893258594
-14.942655564816981
-14.941590872925834
-14.940506460611358
-14.93940196438304
-14.938277014117073
-14.937131232937835
-14.935964237097311
-14.934775635852478
-14.9335650313406
-14.932332018452403
-14.931076184703103
-14.929797110101267
-14.928494367015416
-14.92716752003845
-14.925816125849723
-14.924439733074859
-14.923037882143188
-14.921610105142816
-14.920155925673292
-14.918674858695784
-14.917166410380815
-14.91563007795346
-14.914065349535997
-14.91247170398795
-14.910848610743525
-14.90919552964638
-14.907511910781695
-14.9057971943055
-14.904050810271253
-14.90227217845359
-14.900460708169238
-14.898615798095054
-14.896736836083138
-14.894823198973004
-14.892874252400713
-14.890889350605066
-14.88886783623063
-14.88680904012773
-14.884712281149271
-14.882576865944387
-14.880402088748873
-14.878187231172376
-14.875931561982274
-14.87363433688426
-14.871294798299525
-14.868912175138588
-14.86648568257166
-14.864014521795527
-14.86149787979699
-14.858934929112674
-14.856324827585352
-14.853666718116582
-14.850959728415768
-14.8482029707455
-14.845395541663219
-14.842536521759106
-14.839624975390244
-14.836659950410954
-14.833640477899301
-14.830565571879774
-14.827434229042025
-14.824245428455766
-14.820998131281671
-14.81769128047837
-14.814323800505422
-14.810894597022303
-14.807402556583378
-14.803846546328824
-14.800225413671496
-14.796537985979736
-14.79278307025607
-14.788959452811858
-14.785065898937793
-14.781101152570312
-14.777063935953903
-14.772952949299286
-14.768766870437464
-14.76450435446971
-14.760164033413403
-14.755744515843775
-14.751244386531608
-14.746662206076845
-14.741996510538128
-14.737245811058362
-14.732408593486225
-14.727483317993777
-14.722468418690067
-14.717362303230892
-14.712163352424687
-14.706869919834626
-14.70148033137696
-14.695992884915661
-14.69040584985347
-14.684717466719345
-14.678925946752466
-14.673029471482815
-14.667026192308448
-14.660914230069556
-14.654691674619404
-14.648356584392255
-14.641906985968419
-14.635340873636515
-14.628656208953114
-14.621850920299863
-14.614922902438284
-14.607870016062389
-14.600690087349218
-14.59338090750764
-14.58594023232538
-14.578365781714677
-14.57065523925665
-14.56280625174465
-14.554816428726815
-14.546683342048093
-14.538404525391934
-14.529977473822001
-14.521399643324123
-14.512668450348812
-14.503781271354669
-14.494735442352948
-14.485528258453739
-14.476156973413993
-14.46661879918785
-14.456910905479662
-14.447030419300068
-14.436974424525618
-14.42673996146234
-14.41632402641377
-14.40572357125387
-14.3949355030054
-14.383956683424254
-14.372783928590309
-14.36141400850536
-14.349843646698753
-14.338069519841344
-14.326088257368395
-14.313896441112135
-14.301490604944634
-14.28886723443178
-14.276022766499034
-14.262953589109806
-14.249656040957253
-14.236126411170353
-14.22236093903506
-14.208355813731561
-14.19410717408847
-14.179611108354992
-14.164863653992034
-14.149860797483294
-14.13459847416746
-14.119072568092555
-14.103278911893618
-14.087213286694922
-14.070871422037932
-14.054248995836236
-14.037341634358858
-14.020144912243174
-14.002654352538888
-13.984865426784532
-13.96677355511787
-13.948374106421799
-13.929662398507277
-13.910633698334902
-13.891283222276778
-13.871606136420388
-13.851597556916186
-13.831252550370728
-13.81056613428721
-13.789533277555217
-13.76814890099169
-13.746407877935116
-13.724305034894845
-13.701835152257813
-13.67899296505462
-13.655773163787222
-13.632170395320523
-13.608179263840015
-13.583794331877861
-13.559010121409838
-13.533821115025454
-13.508221757173779
-13.482206455487475
-13.455769582187566
-13.428905475571572
-13.401608441587618
-13.373872755497201
-13.34569266362935
-13.317062385228894
-13.287976114401655
-13.25842802215938
-13.22841225856723
-13.19792295499674
-13.166954226487114
-13.13550017421779
-13.103554888095223
-13.071112449456754
-13.038166933894644
-13.004712414203118
-12.970742963451434
-12.93625265818592
-12.901235581763904
-12.865685827822473
-12.829597503884933
-12.792964735107859
-12.755781668171588
-12.718042475316857
-12.679741358530375
-12.640872553882025
-12.60143033601616
-12.561409022799692
-12.52080298012924
-12.47960662689972
-12.437814440136613
-12.395420960293926
-12.352420796719892
-12.3088086332921
-12.264579234223767
-12.219727450042605
-12.174248223743515
-12.128136597116246
-12.081387717248754
-12.033996843206985
-11.985959352891355
-11.937270750070034
-11.887926671588819
-11.837922894757085
-11.78725534490894
-11.735920103138442
-11.683913414207222
-11.631231694622652
-11.577871540884173
-11.52382973789489
-11.469103267535328
-11.413689317395516
-11.35758528966117
-11.300788810149266
-11.243297737487655
-11.185110172432825
-11.126224467319398
-11.06663923563414
-11.006353361706875
-10.945366010509783
-10.883676637555968
-10.821284998887576
-10.75819116114268
-10.694395511689804
-10.62989876881781
-10.564701991968226
-10.498806591996319
-10.432214341446159
-10.364927384824243
-10.296948248855342
-10.22827985270312
-10.158925518137474
-10.088888979629356
-10.018174394352972
-9.946786352074405
-9.874729884904546
-9.80201047689348
-9.72863407344231
-9.654607090507618
-9.579936423572693
-9.504629456358755
-9.428694069248467
-9.352138647393211
-9.274972088474497
-9.19720381008933
-9.11884375672819
-9.03990240631381
-8.960390776268017
-8.880320429073212
-8.799703477294504
-8.718552588027944
-8.636880986739687
-8.554702460460653
-8.472031360300768
-8.388882603246685
-8.305271673206802
-8.221214621267151
-8.13672806512208
-8.051829187643524
-7.9665357345532914
-7.880866011163058
-7.794838878147436
-7.708473746316196
-7.621790570352822
-7.534809841487369
-7.447552579073245
-7.360040321038649
-7.27229511318527
-7.184339497308701
-7.096196498116917
-7.007889608925656
-6.919442776111779
-6.830880382308685
-6.742227228330464
-6.653508513814952
-6.5647498165788
-6.475977070681775
-6.3872165432009815
-6.298494809719697
-6.209838728540166
-6.12127541363375
-6.0328322063466295
-5.944536645884348
-5.856416438603231
-5.768499426142055
-5.680813552432847
-5.593386829635026
-5.506247303042885
-5.419423015022007
-5.332941968036227
-5.24683208683247
-5.161121179856668
-5.075836899980002
-4.991006704620453
-4.906657815350352
-4.822817177086499
-4.739511416964779
-4.656766803006496
-4.57460920268899
-4.4930640415377
-4.412156261861536
-4.3319102817574
-4.252349954513793
-4.173498528546451
-4.0953786080019015
-4.018012114167247
-3.9414202478260894
-3.8656234527014846
-3.790641380127642
-3.716492855091385
-3.6431958437836247
-3.570767422799335
-3.499223750121928
-3.42858003802435
-3.3588505280153846
-3.290048467954211
-3.2221860914504905
-3.1552745996603644
-3.0893241455812035
-3.0243438209392792
-2.960341645755234
-2.8973245606621223
-2.8352984220398447
-2.774268000018097
-2.7142369793877403
-2.655207963447582
-2.5971824807998996
-2.5401609950944817
-2.4841429177061958
-2.4291266233169626
-2.375109468357767
-2.322087812251908
-2.270057041385531
-2.2190115957168572
-2.168944997921198
-2.119849884954643
-2.0717180419057915
-2.0245404379920124
-1.9783072645444637
-1.9330079748147835
-1.88863132542612
-1.845165419281777
-1.802597749736778
-1.760915245830816
-1.720104318375693
-1.6801509066863094
-1.6410405257417509
-1.6027583135621413
-1.5652890785874636
-1.5286173468466622
-1.49272740870925
-1.4576033650168014
-1.4232291723984467
-1.3895886875829788
-1.3566657105295405
-1.324444026209914
-1.292907444887522
-1.262039840751326
-1.2318251887770302
-1.2022475997026127
-1.1732913530209856
-1.1449409279082516
-1.1171810320223567
-1.0899966281233109
-1.0633729584823044
-1.037295567063131
-1.0117503194749684
-0.9867234207105859
-0.9622014306983413
-0.9381712777098645
-0.9146202696777319
-0.8915361034888178
-0.8689068723290774
-0.8467210711645308
-0.8249676004506199
-0.8036357681682027
-0.7827152902894152
-0.7621962897797196
-0.7420692942446419
-0.7223252323302081
-0.7029554289856286
-0.6839515996949075
-0.6653058437810824
-0.6470106368832216
-0.6290588227012446
-0.611443604098385
-0.5941585336450252
-0.5771975036810062
-0.5605547359667629
-0.5442247709865136
-0.5282024569596988
-0.512482938609752
-0.49706164573245815
-0.4819342815996954
-0.4670968112280818
-0.45254544953641407
-0.4382766494108079
-0.42428708969178963
-0.41057366309380505
-0.39713346406465
-0.38396377658965086
-0.37106206194390445
-0.3584259463948616
-0.3460532088571373
-0.3339417685019459
-0.3220896723243296
-0.31049508267301995
-0.299156264749719
-0.2880715740870947
-0.27723944401753364
-0.2666583731480596
-0.2563269128598584
-0.2462436548547
-0.23640721877390192
-0.2268162399191791
-0.21746935710820026
-0.2083652007010688
-0.1995023808369627
-0.1908794759232535
-0.1824950214216834
-0.17434749897846835
-0.16643532594679655
-0.15875684535135548
-0.15131031634516923
-0.1440939052090755
-0.13710567694373132
-0.13034358750282138
-0.12380547671449271
-0.1174890619356983
-0.11139193248118673
-0.10551154486537762
-0.0998452188912804
-0.09439013461605583
-0.08914333021773402
-0.08410170078205503
-0.07926199802259326
-0.07462083094104877
-0.07017466742820666
-0.06591983679931523
-0.06185253325100959
-0.057968820220072104
-0.05426463561752648
-0.050735797905041125
-0.047378012974160555
-0.044186881782685816
-0.041157908696794365
-0.03828651048207199
-0.03556802588160224
-0.03299772571508264
-0.030570823428831773
-0.028282486023604392
-0.026127845284387163
-0.024102009234596267
-0.022200073735906045
-0.02041713415438018
-0.01874829701395697
-0.01718869155925873
-0.015733481151206874
-0.014377874421473535
-0.01311713611451637
-0.01194659754967553
-0.010861666639822687
-0.009857837407745151
-0.0089306989465463
-0.00807594377580223
-0.007289375551129851
-0.006566916090960717
-0.005904611690562334
-0.005298638700006464
-0.004745308349317412
-0.004241070810479641
-0.00378251849283906
-0.003366388574534085
-0.002989564779063869
-0.00264907841186357
-0.002342108677707344
-0.0020659823047655124
-0.0018181725062849097
-0.0015962973150998039
-0.0013981173303356798
-0.0012215329188247637
-0.0010645809168394749
-0.000925430879867406
-0.0008023809299597673
-0.0006938532512279494
-0.0005983892846650463
-0.0005146446733892418
-0.00044138400888193985
-0.0003774754276619774
-0.000321885106334463
-0.00027367170084069414
-0.00023198077344055434
-0.0001960392481432649
-0.00016514993220440033
-0.00013868613813983188
-0.0001160864371101411
-9.68495710313988e-5
-8.052954699877546e-5
-6.67309340194322e-5
-5.510437837230597e-5
-4.534235028508249e-5
-3.7175131351929736e-5
-3.0367048644563965e-5
-2.4712958648365202e-5
-2.0034981103478344e-5
-1.61794804611759e-5
-1.3014290251689431e-5
-1.0426173743027789e-5
-8.3185124211127e-6
-6.6092125869943175e-6
-5.228818995561824e-6
-4.118823781595893e-6
-3.2301581658344958e-6
-2.521854105097532e-6
-1.959862910183574e-6
-1.5160178339357344e-6
-1.167127891221753e-6
-8.941905278447848e-7
-6.817111923851371e-7
-5.171185044616777e-7
-3.9026433107380853e-7
-2.9299881454392107e-7
-2.1881114520283518e-7
-1.6252761803059457e-7
-1.2005931715464158e-7
-8.819248265012902e-8
-6.441536193335651e-8
-4.6776094109191035e-8
-3.3766699658599464e-8
-2.4229038331213815e-8
-1.727899245906883e-8
-1.224577950154071e-8
-8.623628033888053e-9
-6.033632260482591e-9
-4.193731584223315e-9
-2.895362172239402e-9
-1.985327457987296e-9
-1.3518608454887726e-9
-9.140066481450049e-10
-6.135199015488979e-10
-4.0879477580801904e-10
-2.703490764588423e-10
-1.7743140290349402e-10
-1.1555023604614689e-10
-7.465317253263493e-11
-4.7844395112406346e-11
-3.041300544737169e-11
-1.9172219367646903e-11
-1.198330323859409e-11
-7.423395231853647e-12
-4.558131649901043e-12
-2.7764457399825915e-12
-1.6751044995544362e-12
-1.000088900582341e-12
-5.915268275202834e-13
-3.4638958368304884e-13
-2.007283228522283e-13
-1.1546319456101628e-13
-6.572520305780927e-14
-3.552713678800501e-14
-2.1316282072803006e-14
-1.0658141036401503e-14
-5.329070518200751e-15
-3.552713678800501e-15
-1.7763568394002505e-15
0.0
0.0
0.0
0.0
1.7763568394002505e-15
0.0
0.0
0.0
0.0
-1.7763568394002505e-15
-1.7763568394002505e-15
0.0
1.7763568394002505e-15
0.0
0.0
1.7763568394002505e-15
1.7763568394002505e-15
0.0
0.0
0.0
0.0
0.0
-1.7763568394002505e-15
0.0
1.7763568394002505e-15
0.0
0.0
-1.7763568394002505e-15
-1.7763568394002505e-15
1.7763568394002505e-15
-1.7763568394002505e-15
0.0
0.0
0.0
-1.7763568394002505e-15
1.7763568394002505e-15
-1.7763568394002505e-15
0.0
0.0
0.0
1.7763568394002505e-15
-1.7763568394002505e-15
0.0
0.0
0.0
-1.7763568394002505e-15
0.0
0.0
0.0
-1.7763568394002505e-15
0.0
-1.7763568394002505e-15
1.7763568394002505e-15
0.0
-1.7763568394002505e-15
0.0
-1.7763568394002505e-15
0.0
-1.7763568394002505e-15
1.7763568394002505e-15
-1.7763568394002505e-15
0.0
0.0
0.0
0.0
-1.7763568394002505e-15
-1.7763568394002505e-15
0.0
0.0
0.0
0.0
-1.7763568394002505e-15
-1.7763568394002505e-15
1.7763568394002505e-15
1.7763568394002505e-15
0.0
0.0
-1.7763568394002505e-15
0.0
0.0
0.0
0.0
-1.7763568394002505e-15
0.0
0.0
-1.7763568394002505e-15
1.7763568394002505e-15
0.0
0.0
0.0
0.0
0.0
0.0
0.0
0.0
1.7763568394002505e-15
-1.7763568394002505e-15
0.0
0.0
0.0
-1.7763568394002505e-15
0.0
-1.7763568394002505e-15
0.0
0.0
0.0
-1.7763568394002505e-15
0.0
0.0
-1.7763568394002505e-15
1.7763568394002505e-15
0.0
0.0
0.0
1.7763568394002505e-15
-1.7763568394002505e-15
1.7763568394002505e-15
0.0
-1.7763568394002505e-15
1.7763568394002505e-15
-1.7763568394002505e-15
0.0
1.7763568394002505e-15
1.7763568394002505e-15
-1.7763568394002505e-15
0.0
0.0
0.0
1.7763568394002505e-15
0.0
0.0
0.0
-1.7763568394002505e-15
0.0
0.0
1.7763568394002505e-15
-1.7763568394002505e-15
0.0
0.0
0.0
0.0
0.0
-1.7763568394002505e-15
-1.7763568394002505e-15
0.0
0.0
0.0
1.7763568394002505e-15
0.0
0.0
0.0
0.0
0.0
0.0
1.7763568394002505e-15
0.0
0.0
-1.7763568394002505e-15
-1.7763568394002505e-15
0.0
0.0
1.7763568394002505e-15
-1.7763568394002505e-15
-1.7763568394002505e-15
1.7763568394002505e-15
0.0
0.0
1.7763568394002505e-15
-1.7763568394002505e-15
0.0
0.0
0.0
0.0
0.0
0.0
1.7763568394002505e-15
0.0
1.7763568394002505e-15
0.0
-1.7763568394002505e-15
0.0
-1.7763568394002505e-15
1.7763568394002505e-15
0.0
0.0
1.7763568394002505e-15
0.0
0.0
1.7763568394002505e-15
0.0
-1.7763568394002505e-15
1.7763568394002505e-15
0.0
-1.7763568394002505e-15
0.0
1.7763568394002505e-15
0.0
0.0
1.7763568394002505e-15
-1.7763568394002505e-15
-1.7763568394002505e-15
1.7763568394002505e-15
0.0
-1.7763568394002505e-15
0.0
0.0
0.0
0.0
0.0
-1.7763568394002505e-15
0.0
0.0
0.0
1.7763568394002505e-15
-1.7763568394002505e-15
-1.7763568394002505e-15
0.0
0.0
0.0
-1.7763568394002505e-15
0.0
0.0
0.0
0.0
-1.7763568394002505e-15
1.7763568394002505e-15
1.7763568394002505e-15
-1.7763568394002505e-15
-1.7763568394002505e-15
0.0
0.0
-1.7763568394002505e-15
0.0
-1.7763568394002505e-15
-1.7763568394002505e-15
1.7763568394002505e-15
0.0
0.0
0.0
0.0
0.0
1.7763568394002505e-15
0.0
0.0
1.7763568394002505e-15
0.0
0.0
1.7763568394002505e-15
1.7763568394002505e-15
0.0
0.0
0.0
1.7763568394002505e-15
0.0
0.0
1.7763568394002505e-15
0.0
0.0
0.0
1.7763568394002505e-15
-1.7763568394002505e-15
0.0
-1.7763568394002505e-15
-1.7763568394002505e-15
0.0
-1.7763568394002505e-15
0.0
