0.25397698891911336
0.2563290487014764
0.2587028831802781
0.2610986937151058
0.2635166835188102
0.26595705767983174
0.26842002317395264
0.2709057888842892
0.27341456561794636
0.2759465661231262
0.27850200510729917
0.2810810992555478
0.28368406724682854
0.286311129776611
0.28896250956578706
0.29163843139088724
0.29433912209237295
0.2970648106025997
0.29981572795530576
0.30259210731174613
0.3053941839775544
0.3082221954243383
0.31107638130347276
0.3139569834717908
0.31686424600885255
0.3197984152372698
0.322759739745411
0.32574847040298355
0.3287648603849777
0.3318091651934428
0.3348816426743206
0.33798255304492963
0.3411121589062085
0.3442707252762428
0.34745851959845603
0.35067581177602164
0.3539228741854863
0.3571999817021477
0.3605074117209482
0.3638454441829859
0.367214361593904
0.3706144490485667
0.3740459942543934
0.377509287555704
0.381004621955107
0.38453229313879544
0.3880925995001444
0.39168584216493135
0.395312325012688
0.39897235470470055
0.4026662407066638
0.406394295315624
0.4101568336828724
0.4139541738388841
0.41778663672273003
0.4216545462048157
0.4255582291124283
0.4294980152584963
0.43347423746506825
0.43748723159332475
0.4415373365671799
0.44562489440092273
0.44975025022895637
0.4539137523304662
0.45811575215850187
0.46235660436734277
0.46663666684067767
0.4709563007199632
0.47531587043303203
0.479715743724429
0.4841562916800686
0.48863788876169506
0.493160912832561
0.49772574518798246
0.5023327705874623
0.5069823772808449
0.5116749570421398
0.5164109051973736
0.5211906206575112
0.5260145059483424
0.530882967242636
0.5357964143893696
0.5407552609471461
0.5457599242160702
0.5508108252703826
0.5559083889887785
0.5610530440886468
0.5662452231582983
0.5714853626905848
0.5767739031148078
0.5821112888317863
0.5874979682458352
0.592934393801477
0.598421022013217
0.6039583135038309
0.6095467330381218
0.6151867495559414
0.6208788362090062
0.6266234703954228
0.6324211337959509
0.6382723124081228
0.6441774965839742
0.6501371810645947
0.656151865017966
0.6622220520742298
0.6683482503631388
0.6745309725511389
0.6807707358780858
0.6870680621951761
0.6934234780026215
0.6998375144865917
0.7063107075581111
0.7128435978913988
0.7194367309611243
0.7260906570820597
0.7328059314483871
0.739583114171566
0.7464227703194223
0.7533254699567106
0.760291788183817
0.7673223051770166
0.7744176062275719
0.7815782817827454
0.7888049274856171
0.7960981442150046
0.8034585381274779
0.8108867206968506
0.8183833087547285
0.8259489245330933
0.8335841957038137
0.8412897554211533
0.849066242362604
0.8569143007702846
0.8648345804933427
0.8728277370286702
0.8808944315636721
0.8890353310179029
0.8972511080849686
0.9055424412745644
0.9139100149550347
0.9223545193959364
0.9308766508089572
0.939477111392696
0.9481566093723857
0.9569158590438869
0.9657555808161403
0.9746765012531343
0.983679353116049
0.9927648754076821
1.0019338134118236
1.011186918738284
1.020524949363422
1.0299486696740883
1.039458850508378
1.049056269198125
1.0587417096119287
1.0685159621954192
1.0783798240142188
1.0883340987954429
1.098379596968558
1.10851713570759
1.1187475389709256
1.1290716375439256
1.1394902690774318
1.1500042781300923
1.1606145162078918
1.1713218418034157
1.1821271204360566
1.1930312246906858
1.2040350342563988
1.2151394359661989
1.2263453238335291
1.237653599090928
1.2490651702264828
1.2605809530208034
1.2722018705837368
1.2839288533891418
1.2957628393107203
1.3077047736559453
1.3197556092006553
1.3319163062214225
1.344187832528998
1.356571163499303
1.3690672821053076
1.381677178947119
1.3944018522805777
1.4072423080472733
1.4201995599013093
1.4332746292365421
1.446468545212082
1.4597823447772367
1.4732170726951486
1.4867737815652207
1.5004535318451402
1.5142573918703228
1.528186437873532
1.5422417540023516
1.55642443233539
1.5707355728969958
1.5851762836713783
1.5997476806137974
1.614450887661758
1.6292870367425143
1.6442572677811786
1.65936272870564
1.6746045754495766
1.6899839719544676
1.7055020901689997
1.7211601100463003
1.7369592195400267
1.7529006145972579
1.768985499148932
1.7852150850992796
1.8015905923116124
1.8181132485922031
1.8347842896713824
1.8516049591821189
1.8685765086354422
1.8857001973933463
1.9029772926389186
1.9204090693425726
1.9379968102267473
1.9557418057251508
1.9736453539404326
1.991708760598072
2.0099333389956966
2.0283204099496666
2.0468713017377937
2.0655873500374966
2.0844698978605156
2.1035202954832144
2.1227399003727356
2.1421300771079737
2.161692197297173
2.181427639489697
2.20133778908361
2.2214240382279655
2.241687785719815
2.2621304368961073
2.2827534035198553
2.30355810366155
2.3245459615727286
2.3457184075559567
2.3670768778270084
2.38862281437114
2.410357664793129
2.432282882160146
2.454399924838275
2.4767102563209606
2.499215345051257
2.5219166642357442
2.5448156916510185
2.5679139094424004
2.591212803913718
2.614713865309944
2.6384185875897046
2.662328468190056
2.6864450077817454
2.710769710014785
2.7353040812549754
2.760049630310105
2.7850078681460575
2.810180307592506
2.8355684630381113
2.861173850114576
2.8869979853688204
2.9130423859247725
2.939308569132444
2.9657980522045757
2.9925123518415475
3.0194529838429283
3.0466214627060384
3.074019301210947
3.101648009991516
3.1295090970922743
3.15760406751123
3.1859344227267634
3.2145016602103778
3.2433072729227495
3.2723527487945603
3.301639570190517
3.331169213355956
3.3609431478478657
3.390962835946283
3.4212297320488507
3.451745282046841
3.4825109226813913
3.5135280808815854
3.5447981730815328
3.576322604518126
3.6081027685075693
3.640140045700736
3.6724358033170352
3.70499139435625
3.7378081567871058
3.7708874127135155
3.804230467516948
3.837838608974171
3.871713106351065
3.9058552094708388
3.940266147756813
3.9749471292491196
4.009899339594013
4.045123941006863
4.080622071206386
4.116394842321409
4.152443339768318
4.188768621098857
4.225371714818454
4.262253619173498
4.299415300907869
4.336857693987722
4.374581698293859
4.412588178281655
4.45087796160728
4.489451837720335
4.528310556421811
4.56745482638739
4.606885313654495
4.646602640074388
4.686607381726315
4.726900067295372
4.767481176412556
4.808351137956282
4.849510328315392
4.890959069612978
4.932697627890233
4.974726211250667
5.017044967962941
5.059653984523283
5.102553283675754
5.145742822391155
5.189222489803329
5.232992105102774
5.277051415387176
5.3214000934687995
5.366037735638084
5.410963859383311
5.456177901066146
5.501679213553072
5.547467063801846
5.593540630403993
5.639899001081835
5.686541170141701
5.733466035881519
5.78067239795428
5.828158954686841
5.875924300354266
5.923966922410085
5.9722851986725605
6.020877394467495
6.069741659727994
6.118876026051379
6.168278403714265
6.217946578646124
6.267878209361982
6.318070823855648
6.368521816453417
6.419228444630262
6.470187825788833
6.521396934003027
6.572852596726823
6.62455149147052
6.6764901424454575
6.728664917178943
6.781072023101166
6.833707504106357
6.8865672370897535
6.9396469284628255
6.992942110649424
7.046448138564679
7.1001601860799
7.154073242476171
7.208182108889512
7.262481394750856
7.316965514224498
7.371628682648051
7.4264649129781715
7.481468012245529
7.5366315780237105
7.5919489949161285
7.64741343106525
7.703017834689852
7.758754930654126
7.814617217075104
7.8705969619730345
7.926686199970766
7.982876729048617
8.039160107359963
8.095527650115214
8.151970426540005
8.208479256915194
8.265044709706052
8.321657098787524
8.378306480774558
8.434982652464432
8.491675148400384
8.548373238564944
8.605065926211743
8.661741945845451
8.718389761358953
8.77499756433808
8.831553272543351
8.88804452857977
8.944458698764636
9.000782872204944
9.057003860094676
9.113108195244344
9.169082131853472
9.224911645538661
9.280582433628638
9.336079915739132
9.391389234639682
9.44649525742511
9.501382577004547
9.5560355139208
9.61043811851335
9.664574173437819
9.718427196555355
9.771980444205216
9.825216914873693
9.878119353272766
9.930670254841628
9.982851870684346
10.034646212956634
10.086035060714437
10.136999966237436
10.18752226183939
10.237583067177903
10.287163297075137
10.336243669861064
10.38480471625016
10.432826788762117
10.480290071696427
10.527174591670242
10.573460228728084
10.61912672803147
10.664153712135338
10.708520693857771
10.7522070897481
10.795192234157746
10.837455393917004
10.878975783619769
10.919732581517009
10.959704946018299
10.998872032799742
11.03721301251465
11.074707089102006
11.111333518686349
11.147071629060449
11.181900839740862
11.215800682584492
11.248750822951955
11.280731081402148
11.311721455899816
11.341702144516178
11.370653568600106
11.398556396395314
11.425391567076717
11.4511403151765
11.475784195368409
11.499305107576003
11.52168532236824
11.542907506603465
11.562954749279998
11.581810587549445
11.599459032845964
11.615884597082617
11.631072318863096
11.645007789655233
11.657677179869752
11.66906726478603
11.679165450263998
11.687959798179559
11.695439051518653
11.701592659063529
11.706410799602756
11.70988440559534
11.71200518621759
11.712765649720515
11.712159125024339
11.710179782476159
11.706822653696202
11.70208365043792
11.695959582387248
11.688448173826629
11.679548079090168
11.669258896737075
11.65758118237205
11.644516460042773
11.630067232146628
11.614236987781357
11.597030209476822
11.578452378248263
11.558509976914994
11.53721049163223
11.514562411587997
11.490575226821768
11.465259424126392
11.438626481000211
11.410688857622024
11.381459986827544
11.35095426207238
11.319187023373123
11.286174541225174
11.25193399850306
11.216483470356273
11.179841902121453
11.142029085279207
11.103065631491933
11.062972944766653
11.021773191795063
10.979489270530744
10.936144777071318
10.891763970921202
10.846371738718053
10.79999355651334
10.752655450704703
10.70438395772437
10.655206082594304
10.605149256464857
10.55424129325901
10.502510345549453
10.44998485979995
10.396693531106495
10.342665257576753
10.287929094488808
10.232514208372148
10.176449831154795
10.119765214520783
10.062489584621968
10.00465209728684
9.946281793867087
9.887407557860227
9.8280580724431
9.768261779047123
9.70804683710141
9.64744108506486
9.586472002862275
9.525166675833376
9.463551760296944
9.401653450825224
9.339497449316205
9.277108935944229
9.214512542061296
9.151732325113937
9.08879174563274
9.02571364634395
8.962520233445105
8.899233060079212
8.835873012035117
8.772460295694623
8.709014428240405
8.645554230132461
8.582097819854683
8.518662610926922
8.455265311172424
8.391921924224244
8.328647753248342
8.265457406854898
8.20236480716261
8.139383199973512
8.076525167008171
8.013802640142211
7.951226917575522
7.888808681854645
7.826558019657016
7.764484443232433
7.702596913382664
7.640903863844822
7.579413226927398
7.518132460230631
7.457068574265386
7.396228160766936
7.335617421482982
7.275242197199562
7.21510799675439
7.155220025776139
7.095583214880525
7.036202247051169
6.977081583935533
6.918225490794906
6.859638059863352
6.80132323189391
6.743284815701933
6.6855265055555515
6.628051896311208
6.570864496247895
6.513967737616307
6.457364984986524
6.401059541548999
6.345054653595415
6.289353513476285
6.2339592613969215
6.178874986469912
6.124103727486288
6.069648473895548
6.015512167493091
5.961697705299496
5.908207944076509
5.855045706858403
5.802213791784122
5.749714983395772
5.6975520664257395
5.645727841931454
5.59424514546018
5.543106866742784
5.492315970234971
5.4418755156566
5.3917886775351205
5.342058762649002
5.292689224201511
5.243683671543244
5.195045874310437
5.1467797599597
5.098889403858431
5.051379011331089
5.00425289135643
4.957515421948164
4.911171007614746
4.865224029664047
4.819678790473855
4.774539453166454
4.729809978383611
4.6854940600378345
4.6415950620016435
4.598115957680735
4.555059274298166
4.512427043502246
4.4702207596171615
4.42844134650611
4.387089133642446
4.346163841618945
4.305664577003569
4.265589836203634
4.225937517852474
4.186704943196761
4.147888884036584
4.109485597935955
4.071490870644206
4.033900065899738
3.9967081829672226
3.9599099223252825
3.923499759815603
3.887472029242457
3.8518210128535397
3.8165410383492357
3.7816265801050424
3.747072361233563
3.7128734520732167
3.67902535980623
3.64552410331937
3.612366267254621
3.579549029546638
3.547070157649722
3.5149279700954885
3.4831212619006906
3.4516491945086276
3.4205111532003847
3.389706577040426
3.359234768228522
3.3290946890672237
3.2992847555436233
3.269802636768967
3.2406450692962387
3.211807694769252
3.183284928583543
3.155069866365217
3.1271542341412597
3.099528387046118
3.072181360177707
3.045100973643508
3.0182739918117547
2.991686334280645
2.9653233332134
2.939170028723102
2.9132114913112956
2.88743315838979
2.8618211709961785
2.8363626971155336
2.8110462294435377
2.785861847592941
2.760801437072222
2.735858859214817
2.7110300671156784
2.686313162380038
2.6617083864053175
2.6372180387566226
2.6128463150312164
2.5885990585588807
2.564483425189288
2.540507468511087
2.516679663558628
2.493008398977355
2.469501478650937
2.446165681527855
2.4230064305458505
2.400027616495709
2.3772316098155932
2.3546194734475407
2.3321913652378603
2.3099470923795873
2.287886757268465
2.2660114180136732
2.2443236808516693
2.222828147122365
2.201531653192865
2.1804432645259477
2.1595740106256507
2.1389363719022105
2.118543550502141
2.0984085751820007
2.078543307212944
2.05895743124155
2.0396575300473736
2.0206463492007427
2.0019223484609316
1.983479605425293
1.9653080851716291
1.9473942295458109
1.929721771037531
1.9122726575751436
1.8950279930463703
1.8779689425904147
1.8610775951656524
1.8443377902491593
1.8277358882357155
1.8112614094694104
1.794907421584509
1.7786705579073185
1.7625506167900176
1.7465498010967464
1.730671758060259
1.7149206224846496
1.6993002340043786
1.6838136205244183
1.6684627696900072
1.6532486878068977
1.6381717620247125
1.623232441483932
1.6084321777419341
1.5937744084178542
1.5792652049863054
1.5649131598544646
1.5507282554537762
1.5367198309693715
1.5228942048192033
1.509252811805796
1.4957916895622316
1.4825027439563088
1.4693765536373413
1.4564057921152933
1.4435879407276115
1.4309260450268204
1.4184268679105643
1.406096754154409
1.3939365171721056
1.3819372857573478
1.3700791604953697
1.3583336155286612
1.346669113185043
1.335058013482344
1.3234822755859534
1.3119360109820029
1.3004243393723092
1.288959401256187
1.2775550610027202
1.266221664139423
1.2549616756139592
1.243766712985866
1.2326165943356062
1.2214812509510773
1.2103261760658528
1.1991210572517101
1.1878494505352961
1.1765157910754134
1.1651462793635843
1.1537828987173808
1.14247341157565
1.1312618411391209
1.1201826834652222
1.1092598520811323
1.0985100744661915
1.0879491960206813
1.0775970158953738
1.0674742499691494
1.057589074253693
1.0479205086818522
1.03841304975074
1.0289921621318712
1.0195950549127688
1.0101984233038763
1.000826057049726
0.9915330657933527
0.9823778914574742
0.9733978722899689
0.9645984906522634
0.9559571856501343
0.947435971436176
0.9389957123693522
0.9306077185448185
0.9222610341502101
0.9139631593864449
0.9057312864893939
0.8975760781931963
0.8894880718533272
0.8814382245724475
0.8733944976063442
0.8653429760002349
0.8572977752655283
0.8492947709387068
0.8413785336117134
0.8335924397859714
0.8259722292025403
0.8185406790261036
0.811303855223151
0.8042475262739014
0.7973352556153738
0.7905189718172748
0.7837636553104271
0.7770595233758066
0.7703933593729192
0.7636984820290289
0.7568428485225336
0.7496811505567912
0.7421315359847511
0.7342302024713309
0.7261496467965659
0.718168511588626
0.7105820719724145
0.7035912326525235
0.6972410218731482
0.6914365355566334
0.6860021545828726
0.6807438375008211
0.6755029933538569
0.6701855695742702
0.6647454087890386
0.6591427625034155
0.6533220922287394
0.6472434945358538
0.6409605370301529
0.6346543534791111
0.628535101841382
0.622688842527625
0.6170551118248194
0.6115367154946126
0.6060758773152461
0.6006395641862945
0.5951876437059852
0.5896983127084471
0.5842126750965416
0.5788100175398629
0.5735377166285087
0.5683577860173442
0.5631515235110458
0.5578007118150295
0.5522579194589553
0.5465627067375035
0.540839623434392
0.5352827881231175
0.5301024088557773
0.5253518331407151
0.5208551138200138
0.5163933818056802
0.5118748682530163
0.5073449541971018
0.502864229007413
0.498372064154595
0.49370442259380465
0.4887952917132061
0.48382926297729795
0.4790578483470361
0.47456032233346407
0.47023799368358327
0.46590476669972664
0.46141048078858676
0.4567570970102603
0.4522174927513912
0.44814137631420525
0.44455395439055245
0.4412143673840126
0.43803485300394973
0.43504564067920287
0.4320586690833176
0.428654428965952
0.4245031220286616
0.4196448038367595
0.4144657796472459
0.409415684610804
0.4048549568189279
0.4011716952995
0.3984466843809791
0.39625866905295537
0.39392650997440676
0.39094249652077656
0.3873011235152002
0.38327208602166174
0.37893992899508366
0.37450431470864604
0.3702739014906531
0.3663729439371805
0.3626034006566291
0.3588346721739796
0.3554587565675255
0.3528081225658076
0.3507268494834033
0.34877468770713616
0.3463001402751412
0.34312652399230537
0.3396876096355948
0.33637534489127713
0.33326943809473875
0.3303579753348815
0.3271669314465136
0.3234091106777171
0.3197166337534535
0.31654848079806847
0.3136400639815975
0.3109903931887314
0.3085975503015428
0.30613826008091516
0.30357346125019435
0.3007288193362448
0.2975601012589985
0.29425777163430167
0.29112823771455215
0.28843561591296674
0.2863952613877842
0.2847254621972624
0.2828247414763106
0.28058516727978533
0.2778408881434402
0.27446948420675077
0.2709766594061472
0.2677584371767265
0.26503485357762857
0.2627558946164239
0.2604641525425854
0.25790712994751613
0.25600323522643387
0.25441254919634043
0.25242115499535545
0.2500447638711043
0.24731267902998294
0.24474818465570822
0.2425610923764861
0.24038949645611304
0.23827600418718037
0.2364823781301377
0.23507111718483306
0.23318440241269892
0.23102806810874824
0.22895813186102193
0.22687567399285036
0.22494945205788808
0.22313745955116046
0.221309566033092
0.21867227499567926
0.2154440516309183
0.21248492822922765
0.21117361051338748
0.21049409872288563
0.20942409937075385
0.2072367705476933
0.204637127818819
0.20231778565689057
0.2002073840314084
0.19828464880559626
0.1960704530355015
0.19418088218615906
0.1930286107027346
0.1911864243376556
0.1895105455558441
0.1883070559711072
0.18720521916361255
0.18555290396966723
0.1835308471835057
0.18152610545438558
0.1792310585938314
0.17745459364186486
0.17650441035426076
0.17536914274390084
0.17323079423031065
0.17111708547146748
0.16924261671536764
0.1680343681820221
0.16707816764323208
0.16550023468991223
0.1642466177708852
0.16352327540134193
0.16148984260159707
0.1589670377213781
0.1572264867968408
0.15640626515651646
0.15581473396707662
0.15386345814831862
0.15227472588704102
0.15088763461520155
