0.3956724974399249
0.3993361510791357
0.40303370620932827
0.40676547593836476
0.41053177624714443
0.4143329260162041
0.41816924705408653
0.42204106412392856
0.4259487049689428
0.4298925003364266
0.4338727840096817
0.43788989283277757
0.441944166738198
0.4460359487751746
0.45016558513587784
0.4543334251867505
0.4585398214931761
0.46278512985188613
0.46706970931769093
0.47139392223160115
0.4757581342537925
0.4801627143895414
0.4846080350208848
0.48909447193716266
0.4936224043637687
0.4981922149954093
0.5028042900226446
0.5074590191671878
0.5121567957123349
0.5168980165316318
0.5216830821258004
0.5265123966494603
0.5313863679484544
0.5363054075894741
0.5412699308925241
0.5462803569672515
0.5513371087419643
0.5564406130026398
0.5615913004214131
0.5667896055944545
0.5720359670750095
0.5773308274092267
0.5826746331697668
0.5880678349919831
0.5935108876089543
0.5990042498882325
0.6045483848666805
0.610143759787756
0.6157908461383029
0.6214901196849527
0.6272420605117812
0.6330471530559821
0.6389058861489868
0.6448187530520317
0.6507862514945586
0.6568088837133584
0.6628871564928457
0.6690215812011571
0.6752126738320104
0.6814609550432899
0.687766950197457
0.6941311894017275
0.7005542075488908
0.7070365443576162
0.7135787444138983
0.7201813572123453
0.7268449371980404
0.7335700438081053
0.7403572415146128
0.7472070998663412
0.7541201935319518
0.7610971023426616
0.76813841133744
0.7752447108033014
0.7824165963217563
0.7896546688125369
0.7969595345777216
0.8043318053461882
0.8117720983193413
0.8192810362155719
0.8268592473170193
0.8345073655130971
0.8422260303496557
0.8500158870727458
0.8578775866767122
0.8658117859493296
0.8738191475212775
0.8819003399115845
0.8900560375758582
0.8982869209540055
0.906593676519492
0.9149769968253403
0.9234375805549669
0.9319761325692343
0.9405933639573033
0.9492899920838223
0.9580667406403993
0.9669243396938222
0.9758635257368468
0.9848850417374446
0.9939896371901996
1.0031780681663072
1.0124510973638943
1.0218094941594777
1.0312540346592631
1.0407855017492769
1.0504046851480031
1.0601123814575577
1.0699093942152276
1.0797965339449842
1.0897746182103287
1.0998444716659503
1.110006926110419
1.1202628205374932
1.1306130011900088
1.1410583216112793
1.1515996426984358
1.162237832754919
1.1729737675426897
1.1838083303367108
1.194742411975509
1.2057769109158163
1.2169127332852698
1.2281507929336692
1.239492011488511
1.2509373184057002
1.262487651023684
1.274143954614955
1.2859071824398671
1.2977782957989268
1.3097582640845644
1.3218480648348678
1.3340486837845218
1.3463611149177344
1.3587863605196913
1.3713254312281236
1.383979346085127
1.3967491325883827
1.4096358267421565
1.422640473107193
1.4357641248529502
1.4490078438053218
1.4623727004980769
1.475859774221506
1.489470153071222
1.5032049339967288
1.517065222849818
1.5310521344314447
1.5451667925393489
1.5594103300137012
1.573783888783664
1.5882886199126185
1.6029256836417698
1.6176962494354599
1.632601496023145
1.6476426114420022
1.6628207930794543
1.6781372477128442
1.6935931915492546
1.7091898502652791
1.7249284590444494
1.7408102626143729
1.7568365152825007
1.7730084809708353
1.7893274332496931
1.805794655370229
1.8224114402953553
1.8391790907297387
1.8560989191482669
1.8731722478230082
1.8904004088490467
1.907784744168016
1.9253266055908766
1.9430273548188495
1.9608883634618828
1.9789110130560603
1.9970966950792353
2.0154468109639314
2.0339627721091227
2.052645999889133
2.0714979256611317
2.090519990769481
2.1097136465484634
2.1290803543230115
2.1486215854048805
2.1683388210886823
2.188233552644101
2.2083072813049274
2.228561518256032
2.248997784616689
2.2696176114216033
2.290422539597592
2.311414119938548
2.3325939130748945
2.353963489441834
2.3755244292421795
2.3972783224060255
2.419226768547168
2.441371376913686
2.4637137663370776
2.4862555651748
2.5089984112489936
2.5319439517812206
2.5550938433223784
2.5784497516768914
2.6020133518230426
2.625786327827127
2.6497703727532738
2.673967188566782
2.6983784860324196
2.72300598460677
2.747851412324418
2.7729165056782294
2.7982030094925174
2.8237126767907035
2.84944726865526
2.875408554081255
2.901598309822071
2.928018320228915
2.9546703770810847
2.981556279409425
3.008677833312065
3.0360368517603336
3.0636351543980793
3.091474567330222
3.1195569229039166
3.1478840594793036
3.1764578211912573
3.205280057701053
3.2343526239379528
3.2636773798304373
3.29325619002659
3.323090923603787
3.353183453766805
3.3835356575343014
3.414149415413699
3.4450266110636085
3.476169130943169
3.5075788639496537
3.5392577010417505
3.57120753484948
3.6034302592703518
3.6359277690511207
3.668701959354349
3.7017547253106637
3.7350879615546715
3.768703561745503
3.8026034180706354
3.836789420733273
3.871263457422574
3.9060274127657557
3.941083167762676
3.976432599201784
4.012077579056939
4.0480199738646885
4.08426164408196
4.120804443423159
4.157650218176143
4.1948008064969615
4.23225803768283
4.270023731422265
4.308099697022346
4.346487732612445
4.385189624324076
4.424207145445551
4.463542055551843
4.503196099608433
4.543171007048958
4.583468490825481
4.6240902464314395
4.6650379508963935
4.70631326175158
4.747917815966582
4.789853228855105
4.832121092950583
4.874722976850291
4.917660424027067
4.960934951608394
5.004548049122387
5.048501177209014
5.092795766297218
5.137433215245872
5.182414889949013
5.227742121903974
5.273416206741755
5.319438402719407
5.365809929173041
5.41253196493111
5.459605646687222
5.507032067331955
5.554812274242226
5.602947267528312
5.651437998237499
5.700285366513379
5.749490219710329
5.799053350462663
5.848975494707187
5.899257329658872
5.949899471738809
6.000902474453784
6.052266826226768
6.103992948177668
6.1560811918536
6.208531836908163
6.2613450887288495
6.314521076012329
6.368059848286735
6.421961373380478
6.476225534836844
6.530852129274229
6.585840863691246
6.6411913527160324
6.6969031157998415
6.752975574353975
6.809408048830141
6.8661997557434455
6.92334980463805
6.980857194995325
7.038720813083614
7.09693942875065
7.155511692157178
7.214436130452864
7.273711144393907
7.333335004902323
7.393305849567899
7.453621679091769
7.514280353673147
7.575279589338873
7.636616954216198
7.698289864750072
7.760295581864796
7.822631207071097
7.8852936785196555
7.948279767001958
8.011586071899364
8.075209017081788
8.139144846757334
8.203389621274415
8.267939212877467
8.332789301419055
8.397935370028955
8.463372700743564
8.529096370096772
8.595101244675341
8.661381976641456
8.727932999224626
8.794748522186497
8.861822527261321
8.929148763575734
8.996720743051318
9.064531735793695
9.132574765472295
9.20084260469511
9.269327770382741
9.338022519146996
9.406918842678357
9.476008463148627
9.545282828633207
9.614733108560037
9.684350189190566
9.754124669139502
9.82404685494053
9.89410675666432
9.964294083597173
10.034598239987425
10.105008320868057
10.175513107964099
10.246101065693262
10.316760337269457
10.387478740918516
10.458243766216045
10.529042570558007
10.599861975774273
10.670688464896914
10.741508179093948
10.812306914780988
10.883070120922987
10.953782896538417
11.02442998841937
11.09499578908079
11.165464334952752
11.235819304830054
11.306044018593646
11.376121436219131
11.446034157087354
11.515764419613136
11.585294101208039
11.654604718593687
11.723677428482263
11.792493028641362
11.861031959360488
11.9292743053367
11.997199797997416
12.064787818278422
12.13201739987508
12.198867232985673
12.265315668564885
12.331340723106484
12.396920083973686
12.462031115295945
12.526650864451025
12.590756069150626
12.654323165148408
12.717328294588487
12.779747315012449
12.841555809042712
12.902729094759549
12.963242236788691
13.023070058116108
13.082187152645357
13.140567898513156
13.198186472177287
13.255016863290466
13.311032890372765
13.366208217294245
13.420516370578223
13.473930757534415
13.526424685229774
13.577971380303671
13.628544009632016
13.678115701843833
13.726659569691448
13.774148733274044
13.820556344111823
13.865855610066289
13.910019821099612
13.953022375863693
13.994836809107083
14.035436819885192
14.074796300556464
14.11288936654425
14.149690386841282
14.185174015230077
14.219315222189984
14.252089327457606
14.283472033204296
14.313439457790661
14.341968170054447
14.369035224084369
14.39461819442881
14.418695211684303
14.441244998404859
14.46224690526932
14.481680947439944
14.499527841041342
14.515769039685273
14.530386770962407
14.543364072818823
14.554684829730853
14.564333808588332
14.572296694192778
14.57856012427353
14.583111723921581
14.585940139337993
14.587035070790593
14.586387304670398
14.583988744536747
14.579832441038103
14.573912620594005
14.566224712722144
14.556765375893944
14.545532521801345
14.532525337917733
14.517744308236404
14.501191232070948
14.482869240803813
14.46278281247122
14.440937784075645
14.417341361520398
14.392002127065028
14.364930044205066
14.336136459884916
14.305634103959115
14.273437085823879
14.239560888148432
14.204022357644007
14.166839692817252
14.128032428664497
14.08762141827371
14.045628811311875
14.002078029387143
13.956993738287265
13.910401817108585
13.862329324302893
13.81280446068317
13.761856529443238
13.709515893260408
13.655813928564818
13.600782977073715
13.544456294703421
13.486867997986314
13.428053008134606
13.368046992906558
13.306886306444595
13.24460792726792
13.181249394614698
13.116848743340725
13.051444437592309
12.985075303481114
12.91778046099747
12.849599255406131
12.780571188374969
12.710735849091684
12.640132845626958
12.568801736804359
12.49678196483706
12.42411278898992
12.35083322052192
12.276981959158679
12.202597331337653
12.127717230459673
12.052379059369896
11.976619675278782
11.900475337319467
11.823981656922594
11.747173551172253
11.670085199288295
11.592750002360836
11.515200546441982
11.43746856907832
11.359584929345878
11.281579581426584
11.203481551742751
11.125318919643457
11.047118801614605
10.9689073389626
10.890709688900715
10.812550018947485
10.73445150452775
10.656436329649797
10.578525690516871
10.500739801917442
10.423097906227099
10.345618284845614
10.268318271885217
10.191214269921296
10.114321767613811
10.03765535900747
9.961228764320293
9.88505485203396
9.809145662105408
9.733512430126513
9.658165612267956
9.583114910854148
9.508369300427571
9.433937054173514
9.359825770589442
9.286042400296356
9.212593272903046
9.139484123846918
9.066720121147728
8.994305892021867
8.922245549315328
8.850542717722824
8.779200559768142
8.708221801526992
8.637608758078601
8.567363358675136
8.497487171619756
8.427981428844495
8.358847050178067
8.290084667291724
8.221694647308787
8.153677116060182
8.086031980965078
8.018758953512656
7.951857571318491
7.885327219727222
7.819167152932405
7.753376514585179
7.687954357865263
7.622899664991152
7.5582113661515455
7.493888357845939
7.4299295206294795
7.366333736265067
7.303099904293165
7.240226958037115
7.177713880067324
7.115559717151427
7.053763594717924
6.992324730857287
6.931242449876711
6.870516195410984
6.810145543072817
6.750130212601063
6.690470079434302
6.631165185601705
6.572215749783901
6.513622176355179
6.455385063178026
6.397505207883893
6.339983612344617
6.282821485020233
6.22602024086586
6.169581498496916
6.113507074351639
6.057798973656168
6.002459378092171
5.9474906301900266
5.892895214620333
5.838675736728787
5.784834898846387
5.731375475099245
5.67830028562608
5.625612171272086
5.573313969947126
5.521408495896421
5.46989852311545
5.418786774031874
5.368075914365169
5.317768554754279
5.267867259317833
5.21837456079365
5.169292981318454
5.120625057289596
5.072373366144501
5.024540552354043
4.977129349512784
4.9301425951807705
4.883583235142496
4.837454314039868
4.791758949929305
4.746500291204782
4.70168145548484
4.657305451414502
4.613375085784277
4.569892859791828
4.526860859523991
4.484280646670762
4.442153155964254
4.400478605763073
4.3592564275240635
4.31848521863395
4.278162721303087
4.238285828117717
4.1988506126374565
4.159852381385243
4.121285741990744
4.083144681366232
4.045422647788803
4.00811263168764
3.9712072416939384
3.9346987748491875
3.8985792823869168
3.862840634711293
3.827474590578759
3.792472875608039
3.757827273838231
3.7235297331330384
3.6895724811264734
3.6559481437862438
3.622649854465178
3.5896713385746506
3.557006958730231
3.524651708067975
3.4926011455616255
3.4608512760524555
3.429398388071612
3.39823887250919
3.367369052549054
3.3367850579170533
3.3064827728526383
3.276457876858306
3.246705981172737
3.217222844508865
3.1880046325779086
3.1590481715652095
3.13035114001439
3.1019121491814063
3.073730679309751
3.04580686621769
3.0181411642184894
2.9907339409946756
2.963585080407641
2.9366936743747942
2.9100578718437444
2.8836749226004135
2.857541411617675
2.8316536348880676
2.8060080308633837
2.7806015625338514
2.7554319501033273
2.730497683962616
2.7057977968514115
2.681331432023874
2.6570972972027103
2.6330931287539983
2.6093152972492453
2.5857586612731884
2.5624167254770054
2.539282092822726
2.5163471353589055
2.49360475881324
2.4710491161893575
2.448676139687552
2.4264838050375444
2.404472105836296
2.382642780466167
2.3609988827388158
2.3395443063325874
2.3182833580075215
2.297220431644027
2.2763597792361727
2.25570532485913
2.2352604398096934
2.2150276006180896
2.1950078859436433
2.175200325026249
2.155601176729118
2.1362032808120412
2.1169956684161866
2.0979636318281742
2.0790894174863435
2.0603536067951262
2.0417370868175597
2.0232233153508443
2.0048004134353783
1.9864625538512017
1.9682102226528742
1.9500492204278734
1.9319886639927693
1.9140385993314346
1.8962079824095768
1.87850363667386
1.860930396977176
1.8434921698339688
1.8261932996772146
1.809039584976699
1.7920385402070693
1.775198901091479
1.7585297078401643
1.7420394164025381
1.7257353557826491
1.709623569152419
1.6937087997918676
1.6779942428119705
1.6624807620179816
1.6471655881400022
1.6320409944752
1.6170938681043796
1.602307119172737
1.5876632300748075
1.5731490461990119
1.5587597778393085
1.5444999987700812
1.5303806699176352
1.5164133989774204
1.5026049213302515
1.4889548460101936
1.4754578450341056
1.462108854275591
1.4489082167104548
1.4358639783410807
1.4229902866079005
1.4103027504045471
1.3978126998354095
1.3855223997731867
1.3734227920821
1.3614944853926798
1.349711475493108
1.3380457581310188
1.3264704418899038
1.3149599596025725
1.3034881856969618
1.29202708569223
1.2805483131382238
1.2690279016475439
1.2574517126668583
1.2458186406339606
1.234140085796092
1.2224364197950393
1.2107325275939747
1.1990546539800737
1.18743004998879
1.1758893118124867
1.1644689534060269
1.1532101662283987
1.1421513065168558
1.1313168462964085
1.1207105159000226
1.1103191550403413
1.1001247999109256
1.0901136769321529
1.0802736924277636
1.0705865323179526
1.0610292951786602
1.0515893570875683
1.042276391284101
1.033112867164683
1.024104868691175
1.015217396552662
1.006379239643682
0.997517752833127
0.9885930720890518
0.9795990514132751
0.9705357302439331
0.9613923032488134
0.9521632133220241
0.9428768592815491
0.9336057888226912
0.9244510527852194
0.9155110959443468
0.9068505403395416
0.8984875530034205
0.8904059119467039
0.8825738255724499
0.8749521877678125
0.8674943208850047
0.8601438340138912
0.8528389452356473
0.8455353788972472
0.8382334693137388
0.8309680225495255
0.8237563673858916
0.8165638812404558
0.8093350145641676
0.8020459756696944
0.79470123831242
0.7872948889072519
0.779816522280367
0.77228755926046
0.764765353651457
0.7573243151686119
0.7500327349679217
0.7429190416027338
0.7359677263784039
0.7291565036739823
0.7224628563404942
0.7158547971770746
0.7093348424794814
0.7029314690805529
0.6966020686428023
0.6902711534706034
0.6839550755395957
0.6776874487306132
0.671412752679533
0.6650934321451734
0.65879222857539
0.6525896494039611
0.6465278293859303
0.6406018250287336
0.6347333912301942
0.6288050305253671
0.6227544021704681
0.6166473372460768
0.6106789551265736
0.6050684569470632
0.5998878599420396
0.594968895090905
0.5900826111771926
0.585185387988702
0.5803116977581394
0.5754079451027977
0.5704104349520853
0.5652614386388041
0.5599036103740245
0.5543344801634643
0.5486233049484095
0.54290709323262
0.5372947106351222
0.5317890139070455
0.5264057053115547
0.5212730487447871
0.5165861679260256
0.5123221831536957
0.5082323582309808
0.5041444370627834
0.4998631130579251
0.4953783814338489
0.49086222954133607
0.4862980944259983
0.48163974532929577
0.4769337241595115
0.47229665140842947
0.46790451590633697
0.4637475648882335
0.4596549091028345
0.4555795758170052
0.451470532555868
0.4472877502191248
0.4430509286683537
0.4388257973831844
0.43465023919746515
0.4304724429419886
0.4263827453800151
0.42244329861415303
0.41868390417773405
0.4150078353050404
0.41140534688951597
0.4079138668026655
0.4043463212836123
0.4005745885158923
0.3967037638928365
0.39277864780904503
0.3889027990488053
0.38528063669184653
0.38187984339842984
0.37872973885525685
0.37569040880175153
0.37242771548242554
0.3689073325395101
0.3653886556729659
0.3618049163005207
0.3581939026049147
0.3548135374378372
0.351498080474845
0.3478075971109203
0.34403465813012685
0.340570804765849
0.33741079768329074
0.33468895951157784
0.33242224899034006
0.33007280003249984
0.3272642854808754
0.32413940487806675
0.3209779882793322
0.3177484888183899
0.31444330344811383
0.3115922939499527
0.30905029865303507
0.3063156537114803
0.3035946364735913
0.30089556375078846
0.2982329587552176
0.29565768363031086
0.29304421016988935
0.2902908254971525
0.28780697999989996
0.2857672993228576
0.28317870488356955
0.28013698957989047
0.27747823427472124
0.27505058317116365
0.27250227475234584
0.26991452280717504
0.26686673612815265
0.26386758708286845
0.2614782075551918
0.2596420353665411
0.25816874924691185
0.2560679733385261
0.2530829358865727
0.24999735116950017
0.24691554285697992
0.24432328478564133
0.24253616221226085
0.24056410457143923
0.2384998348882343
0.2364321833320215
0.23437518593308526
0.23248091741501303
0.2302193764136494
0.22791351488075906
0.22606926831528926
0.22443065397765935
0.22255404036759435
0.22029048630221298
0.21821170781579852
0.2158661751191771
0.2138355501134364
0.21205979601809732
0.2102423122815791
0.2082537134083432
0.20619305920256828
0.20376895298404435
0.20175252372032462
0.20008865203898923
0.19904966969540797
0.19803120797856213
0.19667269736310022
0.1949503021405914
0.1923076958398889
0.18983675515681592
0.1878834836659734
0.18617789354143366
0.18462474682016003
0.18293829729879518
0.18161379065705216
0.18020339182977924
0.17829594640558918
0.17653447442389641
0.17522390109063252
0.17343735443325342
0.17163342307288218
0.16995248763092652
0.16813191167115674
0.16675830018541254
0.1655336756032367
0.16414293475760447
0.16224602007779135
0.16079700479872153
0.1596239691134114
0.15772476857283604
0.15588780350185324
0.15479610557635196
0.1538397095688662
0.152287608531356
0.1507512897627551
