0.33353328354230866
0.33662171293214355
0.3397387249623354
0.3428845837270051
0.3460595557473897
0.34926390999512313
0.35249791791423657
0.35576185344239886
0.3590559930353499
0.3623806156875525
0.36573600295766023
0.3691224389894324
0.3725402105354689
0.3759896069825632
0.37947092037223656
0.38298444542843757
0.3865304795772976
0.39010932297681605
0.3937212785358905
0.397366651942795
0.4010457516898466
0.40475888909629804
0.40850637833583753
0.41228853646153796
0.416105683431994
0.4199581421364805
0.42384623842186253
0.4277703011197655
0.43173066207084176
0.4357276561546104
0.4397616213152089
0.44383289858758435
0.4479418321277806
0.45208876923812563
0.456274060396712
0.4604980592854625
0.46476112281835963
0.4690636111696686
0.4734058878039818
0.4777883195050694
0.48221127640441125
0.48667513201181134
0.4911802632449999
0.4957270504598868
0.5003158774805263
0.5049471316294339
0.5096212037598882
0.5143384882853995
0.5190993832121331
0.5239042901694784
0.528753614442583
0.5336477650048465
0.5385871545484989
0.5435721995191466
0.5486033201473308
0.5536809404816484
0.5588054884228768
0.5639773957564966
0.5691970981870985
0.5744650353723415
0.5797816509575711
0.5851473926091683
0.5905627120504562
0.5960280650969563
0.6015439116910551
0.6071107159373966
0.6127289461393605
0.6183990748353062
0.6241215788331704
0.6298969392500962
0.635725641546222
0.6416081755635983
0.647545035562918
0.6535367202616961
0.6595837328711593
0.6656865811352519
0.671845777369009
0.6780618384962753
0.6843352860900207
0.6906666464096942
0.6970564504425187
0.7035052339419807
0.7100135374681805
0.7165819064275096
0.7232108911133822
0.729901046747753
0.7366529335201907
0.7434671166304254
0.750344166329034
0.757284657960067
0.7642891720020146
0.7713582941098872
0.778492615157952
0.7856927312823854
0.7929592439242551
0.8002927598719645
0.8076938913049059
0.8151632558374602
0.8227014765613946
0.8303091820917405
0.8379870066091548
0.8457355899056753
0.8535555774287165
0.8614476203256471
0.8694123754893459
0.8774505056034736
0.8855626791874279
0.8937495706421809
0.9020118602965423
0.9103502344518584
0.9187653854299695
0.9272580116180024
0.9358288175158982
0.9444785137825064
0.9532078172824963
0.9620174511336592
0.9709081447538839
0.9798806339079149
0.9889356607554763
0.9980739738984432
1.007296328428227
1.0166034859739892
1.025996214749949
1.0354752896040913
1.0450414920649675
1.0546956103909428
1.0644384396173814
1.0742707816056356
1.0841934450905353
1.0942072457290928
1.1043130061487958
1.1145115559955687
1.1248037319820483
1.1351903779363341
1.1456723448495536
1.1562504909244267
1.1669256816234967
1.1776987897167763
1.188570695329735
1.199542285991858
1.2106144566833046
1.2217881098835075
1.2330641556181272
1.2444435115058552
1.2559271028068288
1.267515862468365
1.2792107311718997
1.2910126573797136
1.302922597380789
1.3149415153369752
1.3270703833277757
1.3393101813965749
1.35166189759493
1.36412652802714
1.3767050768942761
1.389398556537792
1.4022079874828954
1.4151343984810787
1.4281788265522226
1.4413423170263502
1.4546259235846506
1.4680307082997461
1.4815577416758927
1.4952081026875192
1.50898287881809
1.5228831660975888
1.5369100691393802
1.5510647011765277
1.565348184096403
1.5797616484756007
1.5943062336131282
1.6089830875624842
1.6237933671634497
1.6387382380719895
1.6538188747896598
1.6690364606915231
1.6843921880528763
1.6998872580747924
1.7155228809082421
1.7313002756769933
1.7472206704990096
1.7632853025062392
1.7794954178631073
1.7958522717828511
1.812357128543243
1.8290112614994538
1.8458159530956677
1.8627724948748925
1.8798821874863756
1.8971463406918194
1.914566273368599
1.9321433135114512
1.9498787982316983
1.9677740737539586
1.9858304954109893
2.004049427635621
2.0224322439501234
2.040980326953096
2.059695068303552
2.0785778687020633
2.097630137869046
2.116853294519893
2.136248766337298
2.155817989939789
2.1755624108472302
2.195483483442902
2.2155826709318007
2.2358614452954737
2.2563212872425784
2.27696368615614
2.2977901400361382
2.3188021554381764
2.34000124740788
2.361388939410618
2.382966763256663
2.4047362590217225
2.4266989749624237
2.448856467426465
2.4712103007585595
2.4937620471995166
2.5165132867810995
2.5394656072142006
2.5626206037719763
2.5859798791661794
2.6095450434177514
2.6333177137206842
2.657299514299404
2.6814920762595587
2.7058970374311544
2.7305160422049886
2.755350741361881
2.7804027918934837
2.8056738568158206
2.8311656049745397
2.8568797108420316
2.8828178543056504
2.9089817204473194
2.935372999314219
2.9619933856798895
2.9888445787961087
3.015928282134572
3.0432462031188403
3.0708000528455486
3.098591545795239
3.1266223995321085
3.154894334392655
3.1834090731624345
3.2121683407414188
3.2411738637967047
3.2704273704031386
3.299930589670919
3.3296852513598614
3.3596930854804
3.3899558218806667
3.4204751898193217
3.4512529175236226
3.482290731732815
3.5135903572260334
3.5451535163343646
3.5769819284368682
3.6090773094400506
3.64144137124045
3.6740758211696583
3.706982361421596
3.7401626884618016
3.7736184924175764
3.807351456449374
3.841363256102319
3.8756555586378814
3.9102300223448623
3.945088295829327
3.9802320172831216
4.015662813730288
4.051382300250979
4.087392079182248
4.123693739295377
4.160288854949018
4.1971789852176915
4.234365672995197
4.271850444072031
4.309634806186819
4.347720248050546
4.386108238343606
4.424800224684652
4.463797632570814
4.503101864288823
4.54271429779615
4.582636285571828
4.622869153436286
4.6634141993392175
4.704272692115612
4.745445870208533
4.786934940358431
4.828741076258433
4.870865417174649
4.913309066531078
4.956073090458475
4.999158516306385
5.042566331117961
5.086297480066548
5.130352864853845
5.174733342068484
5.2194397215050135
5.2644727644420275
5.309833181879131
5.355521632732269
5.401538721986368
5.447884998805071
5.494560954596797
5.54156702103639
5.588903568042205
5.636570901707546
5.684569262186201
5.732898821531671
5.781559681488981
5.830551871239349
5.879875345096585
5.92952998015518
5.979515573889255
6.029831841702478
6.08047841442803
6.131454835778542
6.182760559745703
6.234394947949198
6.286357266934651
6.3386466854203976
6.391262271493102
6.4442029897518305
6.497467698400598
6.551055146289496
6.604963969904318
6.659192690304608
6.713739710010824
6.768603309840029
6.823781645691273
6.879272745280198
6.935074504824072
6.991184685676961
7.047600910916508
7.10432066188222
7.161341274666563
7.218659936559451
7.276273682447354
7.3341793911678534
7.392373781821032
7.450853410038967
7.5096146642147446
7.568653761692554
7.627966744920647
7.687549477568857
7.747397640612832
7.807506728386973
7.8678720446085695
7.928488698375297
7.98935160013892
8.050455457658154
8.11179477193307
8.173363833125089
8.235156716465163
8.29716727815408
8.359389151258766
8.421815741608308
8.484440223694111
8.54725553657854
8.61025437981687
8.673429209397366
8.7367722337046
8.800275409511652
8.8639304380068
8.927728760860484
8.991661556339233
9.05571973547257
9.119893938280057
9.184174530065553
9.248551597785896
9.313014946502
9.377554095920173
9.442158277032076
9.50681642886208
9.571517195330793
9.636248922244233
9.700999654418206
9.76575713294789
9.83050879263286
9.895241759568263
9.959942848912979
10.024598562846165
10.089195088723812
10.153718297447064
10.218153742054858
10.282486656553136
10.346701954993799
10.410784230816454
10.47471775646638
10.53848648330266
10.602074041810386
10.665463742131214
10.728638574926928
10.791581212590648
10.854274010820843
10.916699010573014
10.978837940404706
11.040672219229094
11.102182959492827
11.163350970793696
11.224156763954033
11.284580555565325
11.344602273020012
11.404201560045978
11.463357782759278
11.522050036250755
11.580257151721467
11.63795770418217
11.695130020731444
11.751752189426885
11.80780206876319
11.86325729777087
11.91809530674824
11.972293328639322
12.025828411069137
12.07867742904747
12.130817098351178
12.182223989594258
12.232874542994018
12.282745083840387
12.331811838674582
12.380050952181838
12.427438504801657
12.473950531057756
12.519563038608174
12.564252028014435
12.607993513227171
12.650763542783459
12.692538221709501
12.733293734120203
12.773006366505019
12.81165253168739
12.849208793442735
12.885651891757572
12.920958768709921
12.955106594948576
12.988072796746115
13.019835083598055
13.050371476337387
13.079660335731214
13.107680391523145
13.134410771882113
13.159831033215355
13.183921190300184
13.206661746686107
13.228033725315823
13.24801869931046
13.266598822861363
13.283756862167724
13.299476226356292
13.313740998316417
13.326535965380865
13.337846649779946
13.347659338793909
13.355961114525822
13.36273988321496
13.367984404008217
13.371684317105156
13.373830171190358
13.3744134500651
13.373426598389061
13.370863046441478
13.3667172338106
13.36098463191951
13.353661765296383
13.344746231497455
13.334236719591352
13.322133027114667
13.308436075409851
13.293147923258353
13.276271778724297
13.257812009126663
13.23777414906105
13.216164906396054
13.192992166173246
13.168264992344541
13.141993627285936
13.114189489032336
13.08486516618426
13.054034410444043
13.021712126746216
12.987914360954418
12.95265828510517
12.915962180187494
12.877845416456005
12.838328431284426
12.797432704576144
12.755180731757957
12.711595994393459
12.666702928462623
12.620526890364518
12.573094120710534
12.524431705985858
12.474567538167447
12.423530272396887
12.371349282816544
12.318054616687409
12.263676946916238
12.208247523128767
12.151798121434275
12.09436099303486
12.035968811839842
11.976654621252747
11.916451780303838
11.855393909306372
11.79351483521876
11.730848536898074
11.66742909043243
11.603290614740786
11.538467217628947
11.472992942489244
11.406901715829182
11.340227295811102
11.27300322198026
11.205262766353108
11.137038886030986
11.068364177496372
10.999270832740295
10.929790597359379
10.85995473075065
10.789793968520376
10.71933848721102
10.648617871437517
10.577661083510465
10.506496435609838
10.435151564558701
10.363653409231741
10.292028190618803
10.22030139454928
10.14849775706853
10.076641252443508
10.004755083761012
9.932861676068761
9.860982671996991
9.78913892978617
9.717350523635778
9.645636746278715
9.574016113676809
9.502506371725028
9.43112450484487
9.359886746341592
9.288808590395448
9.217904805553486
9.147189449586225
9.076675885572334
9.006376799074477
8.936304216270505
8.866469522906117
8.796883483938359
8.727556263743011
8.658497446763578
8.589716058485164
8.521220586622265
8.453019002415967
8.38511878194312
8.317526927346991
8.250249987906221
8.183294080866593
8.116664911967323
8.050367795601066
7.984407674553944
7.918789139279057
7.853516446663377
7.788593538254357
7.724024057918588
7.659811368910217
7.59595857033187
7.532468512975553
7.469343814535
7.406586874184462
7.344199886522414
7.282184854881056
7.220543604004995
7.159277792104335
7.098388922289033
7.037878353392575
6.977747310193959
6.917996893047839
6.858628086933092
6.799641769930431
6.7410387211400735
6.682819628050532
6.6249850933696885
6.567535641329606
6.5104717234764236
6.453793723957015
6.397501964314183
6.341596707802565
6.286078163237726
6.230946488391352
6.176201792946137
6.121844141024556
6.067873553306367
6.014290008750766
5.961093445939845
5.908283764060951
5.855860823546822
5.803824446393099
5.752174416174156
5.700910477778974
5.650032336890085
5.5995396592293005
5.549432069594934
5.499709150716035
5.450370441949713
5.401415437848131
5.352843586622211
5.304654288529148
5.256846894210792
5.209420703009903
5.162374961290677
5.115708860789421
5.069421537020333
5.023512067760418
4.977979471636178
4.932822706833316
4.888040669949147
4.843632195005516
4.7995960526380825
4.7559309494758875
4.71263552772283
4.669708364950439
4.627147974109129
4.584952803762667
4.543121238548347
4.501651599862965
4.460542146772551
4.419791077141539
4.379396528974975
4.339356581965495
4.2996692592349275
4.260332529258663
4.221344307959611
4.182702460957153
4.144404805955402
4.106449115254319
4.0688331183664594
4.031554504721629
3.9946109264416383
3.958000001167117
3.9217193149186276
3.8857664249745563
3.85013886274889
3.814834136652576
3.7798497349229825
3.745183128407018
3.7108317732844696
3.676793113719242
3.643064584427538
3.60964361315319
3.57652762304171
3.5437140349060106
3.5112002693780133
3.4789837489417463
3.4470618998447136
3.415432153885692
3.384091950078154
3.353038736189631
3.3222699701584055
3.291783121389768
3.2615756719348807
3.2316451175560856
3.2019889686830507
3.172604751264615
3.1434900075217436
3.1146422966071388
3.086059195177428
3.057738297883835
3.029677217787421
3.001873586704858
2.9743250554906213
2.947029294261384
2.919983992568147
2.8931868595213683
2.8666356238741892
2.8403280340684285
2.8142618582477628
2.788434884242196
2.762844919527542
2.737489791163362
2.7123673457124147
2.687475449144439
2.662811986726746
2.6383748629037735
2.614162001167605
2.590171343921103
2.566400852335104
2.5428485062009916
2.519512303779682
2.4963902616479388
2.4734804145428115
2.4507808152048196
2.4282895342204287
2.406004659864238
2.3839242979412556
2.3620465716295547
2.3403696213235046
2.318891604477803
2.297610695452437
2.276525085358653
2.2556329819060723
2.2349326092509814
2.2144222078458324
2.1941000342900163
2.1739643611819113
2.154013476972224
2.134245685818617
2.1146593074416464
2.0952526769820037
2.0760241448590246
2.056972076630511
2.038094852853822
2.0193908689482214
2.0008585350585024
1.9824962759198574
1.964302530723972
1.946275752986365
1.928414410414933
1.9107169847797119
1.8931819717838176
1.8758078809355831
1.8585932354218724
1.8415365719825378
1.8246364407860503
1.8078914053062622
1.7913000422002974
1.7748609411875662
1.7585727049298974
1.742433948912752
1.7264433013275464
1.7105994029550478
1.6949009070498327
1.6793464792258175
1.663934797342833
1.6486645513942446
1.6335344433955945
1.6185431872742744
1.6036895087602132
1.5889721452775545
1.57438984583734
1.559941370931179
1.5456254924258812
1.5314409934590687
1.5173866683357435
1.503461322425797
1.489663772062469
1.4759928444417332
1.4624473775226123
1.4490262199283963
1.435728230848778
1.4225522799428876
1.4094972472432037
1.3965620230603601
1.3837455078888252
1.3710466123134337
1.358464256916792
1.3459973721875276
1.3336448984293732
1.3214057856710981
1.3092789935772555
1.2972634913597576
1.285358257690252
1.2735622806133111
1.2618745574604169
1.2502940947647285
1.2388199081766391
1.227451022380108
1.2161864710097527
1.2050252965687087
1.1939665503472467
1.1830092923421223
1.1721525911766815
1.1613955240216896
1.1507371765168946
1.1401766426932989
1.1297130248961549
1.1193454337086657
1.1090729878763796
1.0988948142322832
1.088810047622587
1.078817830833178
1.068917314516761
1.0591076571206652
1.0493880248153054
1.0397575914233106
1.0302155383492946
1.0207610545102808
1.0113933362667509
1.0021115873543411
0.9929150188161583
0.9838028489357145
0.9747743031704826
0.9658286140860621
0.9569650212909417
0.9481827713718669
0.9394811178298026
0.930859321016475
0.9223166480715034
0.9138523728601058
0.9054657759113796
0.897156144357141
0.8889227718713324
0.8807649586099878
0.8726820111517399
0.8646732424388806
0.8567379717189642
0.8488755244869363
0.8410852324278041
0.8333664333598308
0.8257184711782452
0.818140695799474
0.8106324631058868
0.8031931348910406
0.7958220788054358
0.7885186683027626
0.7812822825866489
0.774112306557886
0.7670081307621481
0.7599691513381897
0.7529947699665119
0.7460843938185089
0.7392374355060766
0.7324533130316817
0.7257314497388926
0.7190712742633658
0.7124722204842748
0.7059337274761921
0.699455239461409
0.6930362057626963
0.6866760807564926
0.6803743238265275
0.6741303993178709
0.667943776491398
0.6618139294786776
0.6557403372372752
0.6497224835064597
0.6437598567633229
0.6378519501793017
0.6319982615770928
0.6261982933879704
0.6204515526094907
0.614757550763589
0.6091158038550545
0.6035258323303933
0.5979871610370657
0.5924993191830963
0.5870618402970571
0.581674262188418
0.5763361269082586
0.5710469807103423
0.5658063740125494
0.5606138613586593
0.5554690013804888
0.5503713567603734
0.5453204941939976
0.5403159843535605
0.535357401851284
0.530444325203256
0.5255763367936009
0.5207530228389836
0.5159739733534384
0.5112387821135176
0.5065470466237632
0.5018983680824955
0.497292351347913
0.4927286049045065
0.4882067408297768
0.4837263747612655
0.47928712586388167
0.4748886167975278
0.4705304736850308
0.46621232608035934
0.4619338069371334
0.4576945525774305
0.45349420266086643
0.4493324001539716
0.44520879129984037
0.4411230255880592
0.4370747557249176
0.43306363760388544
0.4290893302763611
0.4251514959226959
0.42124979982347577
0.4173839103310684
0.413553498841437
0.40975823976620646
0.4059978105049859
0.4022718914179517
0.3985801657986758
0.39492231984720283
0.3912980426433817
0.3877070261204345
0.3841489650387685
0.380623556960035
0.37713050222141953
0.37366950391016795
0.3702402678383533
0.36684250251786676
0.36347591913563954
0.3601402315290979
0.35683515616183387
0.3535604120995087
0.35031572098597186
0.3471008070195978
0.3439153969298471
0.3407592199540358
0.337632007814319
0.3345334946948903
0.33146341721938527
0.32842151442849304
0.32540752775777726
0.322421201015697
0.31946228036182783
0.3165305142852889
0.31362565358336253
0.3107474513403102
0.30789566290638737
0.3050700458770471
0.3022703600723334
0.2994963675164687
0.29674783241762454
0.2940245211478775
0.2913262022233534
0.28865264628454956
0.2860036260768376
0.28337891643115004
0.2807782942448367
0.2782015384627045
0.27564843005822576
0.2731187520149193
0.2706122893079071
0.2681288288856353
0.26566815965176305
0.26323007244722235
0.26081436003243763
0.25842081706970893
0.2560492401057608
0.2536994275544472
0.251371179679615
0.24906429857812917
0.24677858816304934
0.24451385414696092
0.24226990402546325
0.24004654706080508
0.23784359426567042
0.23566085838711723
0.23349815389065914
0.23135529694449405
0.22923210540388012
0.22712839879565275
0.2250439983028825
0.22297872674967814
0.2209324085861253
0.2189048698733633
0.216895938268803
0.21490544301147452
0.21293321490751493
0.2109790863157856
0.20904289113362126
0.20712446478271362
0.20522364419512074
0.20334026779940512
0.2014741755069022
0.19962520869811123
0.19779321020921217
0.1959780243187079
0.19417949673418733
0.19239747457920894
0.19063180638030855
0.1888823420541226
0.1871489328946303
0.18543143156051506
0.18372969206263967
0.18204356975163596
0.18037292130561158
0.17871760471796633
0.1770774792853206
0.1754524055955575
0.17384224551597158
0.17224686218152652
0.1706661199832237
0.16909988455657293
0.1675480227701733
0.16601040271439607
0.16448689369017142
0.16297736619788056
0.16148169192634734
0.15999974374193077
0.15853139567772045
0.15707652292282803
0.15563500181177775
0.15420670981399623
0.15279152552339634
0.15138932864805701
