0.39651501463495703
0.40018643054100933
0.4038918186620047
0.4076314927256153
0.4114057693397882
0.4152149680181238
0.4190594112053791
0.42293942430531645
0.426855335706362
0.43080747680886067
0.4347961820514505
0.4388217889389014
0.44288463807009754
0.4469850731638247
0.45112344108986224
0.4553000918945587
0.4595153788298348
0.4637696583831316
0.4680632903043446
0.47239663763694106
0.476770066745898
0.48118394734793046
0.48563865254152405
0.49013455883648305
0.49467204618512833
0.4992514980123374
0.5038733012455813
0.5085378463482347
0.5132455273493302
0.5179967418749518
0.5227918911811097
0.5276313801852726
0.532515617498955
0.5374450154600355
0.5424199901663086
0.5474409615074056
0.5525083531998097
0.5576225928201349
0.5627841118364232
0.5679933456469081
0.5732507336116499
0.5785567190866336
0.5839117494613788
0.5893162761912218
0.5947707548354946
0.6002756450912303
0.6058314108312515
0.6114385201381574
0.6170974453432132
0.6228086630613084
0.6285726542297911
0.6343899041449983
0.6402609024993089
0.6461861434211148
0.6521661255107624
0.6582013518802237
0.6642923301930922
0.6704395727008022
0.6766435962846705
0.6829049224939976
0.6892240775866003
0.6956015925687611
0.7020380032355975
0.7085338502121964
0.7150896789947239
0.7217060399904803
0.7283834885611701
0.7351225850633641
0.7419238948921391
0.7487879885210347
0.7557154415478773
0.7627068347348362
0.7697627540534906
0.776883790727317
0.7840705412757795
0.7913236075584544
0.7986435968197598
0.8060311217320207
0.8134868004417531
0.8210112566140111
0.8286051194783255
0.8362690238731835
0.8440036102933858
0.8518095249347934
0.8596874197416783
0.8676379524524152
0.8756617866471981
0.88375959179481
0.8919320432996243
0.9001798225498465
0.9085036169645209
0.9169041200426584
0.9253820314101527
0.9339380568697211
0.9425729084481058
0.9512873044462883
0.960081969487922
0.9689576345692198
0.9779150371074721
0.9869549209918923
0.9960780366332426
1.0052851410134538
1.0145769977364583
1.023954377078314
1.0334180560382982
1.0429688183889514
1.052607454727531
1.0623347625270934
1.0721515461875266
1.082058617086947
1.0920567936331107
1.1021469013151648
1.1123297727548778
1.1226062477589227
1.1329771733704952
1.1434434039212487
1.1540058010831657
1.164665233920606
1.1754225789426724
1.1862787201547342
1.197234549111051
1.2082909649666846
1.2194488745296777
1.2307091923128295
1.2420728405860817
1.2535407494283302
1.2651138567792013
1.2767931084912807
1.2885794583816634
1.3004738682829537
1.3124773080957397
1.3245907558393206
1.336815197702691
1.3491516280961007
1.361601049701059
1.3741644735216074
1.3868429189338314
1.399637413736311
1.412548994199551
1.4255787051154845
1.4387275998466096
1.4519967403740413
1.4653871973463468
1.4789000501271259
1.4925363868423989
1.5062973044272068
1.5201839086723545
1.5341973142702996
1.548338644859736
1.562609033070964
1.5770096205694597
1.5915415580993733
1.6062060055260623
1.6210041318780555
1.6359371153879667
1.651006143533044
1.666212413074074
1.681557130094613
1.6970415100376368
1.7126667777429518
1.7284341674820565
1.7443449229930053
1.7604002975135058
1.7766015538128668
1.79294996422332
1.8094468106693533
1.8260933846960177
1.8428909874956427
1.8598409299334944
1.8769445325716287
1.8942031256910177
1.9116180493124713
1.9291906532155823
1.9469222969558053
1.964814349880034
1.9828681911400723
2.0010852097040397
2.019466804365947
2.038014383752684
2.0567293663300172
2.0756131804042264
2.094667264123598
2.1138930654759354
2.133292042284075
2.152865662198892
2.172615402689279
2.1925427510294426
2.212649204283392
2.232936269286049
2.253405462621904
2.2740583105995276
2.294896349223433
2.3159211241626303
2.3371341907144316
2.3585371137663986
2.3801314677526193
2.4019188366076327
2.423900813715073
2.4460790018529455
2.4684550131340006
2.49103046894223
2.513806999864177
2.5367862456157875
2.559969854964513
2.583359485645751
2.606956804275004
2.6307634862536657
2.654781215670145
2.6790116851944563
2.703456595967557
2.728117657484467
2.7529965874708617
2.778095111753513
2.80341496412402
2.8289578861956084
2.854725627253182
2.8807199440955666
2.9069426008709716
2.9333953689044314
2.9600800265172142
2.986998358838348
3.0141521576079175
3.0415432209711075
3.069173353264108
3.097044364790845
3.1251580715897527
3.153516295191438
3.1821208623665473
3.210973604862953
3.240076359133144
3.2694309660500736
3.2990392706127443
3.3289031216399994
3.359024371452819
3.389404875544477
3.420046492238616
3.4509510823347513
3.4821205087404183
3.5135566360904686
3.5452613303523908
3.577236458417755
3.609483887679261
3.642005485592971
3.674803119225402
3.707878654785138
3.741233957138418
3.7748708893083793
3.8087913119575902
3.84299708285338
3.877490056315547
3.9122720826457864
3.9473450075392584
3.9827106714760943
4.018370909094683
4.054327548544043
4.090582410816444
4.12713730905883
4.16399404786294
4.201154422533385
4.238620218333654
4.276393209708816
4.314475159484867
4.352867818044151
4.391572922475946
4.430592195702376
4.469927345577968
4.509580063963479
4.54955202577261
4.589844887991236
4.630460288668657
4.671399845880152
4.712665156660189
4.754257795905699
4.79617931524892
4.838431241898949
4.881015077451501
4.923932296666123
4.967184346210365
5.010772643370097
5.054698574725263
5.098963494790671
5.143568724620814
5.188515550378272
5.233805221864757
5.279438951014516
5.325417910349053
5.371743231392574
5.418416003047387
5.4654372699289695
5.512808030659306
5.560529236118509
5.608601787653509
5.657026535243435
5.705804275621026
5.754935750348995
5.804421643851184
5.854262581397678
5.904459127042912
5.955011781516547
6.005920980066469
6.057187090252758
6.108810409692776
6.160791163756304
6.213129503210096
6.265825501811667
6.318879153851509
6.372290371643308
6.426058982961657
6.480184728426773
6.534667258835874
6.589506132440811
6.644700812171558
6.700250662805034
6.756154948079475
6.812412827753634
6.869023354610656
6.92598547140698
6.983298007765286
7.040959677012274
7.098969072960972
7.157324666637236
7.216024802951337
7.275067697314357
7.33445143219961
7.394173953649704
7.454233067729596
7.514626436925996
7.575351576493964
7.636405850751174
7.697786469320789
7.759490483323817
7.8215147815218655
7.883856086411533
7.946510950271636
8.009475751164526
8.072746688893229
8.136319780915766
8.2001908582186
8.264355561151087
8.328809335222882
8.39354742686682
8.458564879169318
8.523856527571096
8.589416995540951
8.655240690225382
8.721321798077334
8.787654280467363
8.854231869280735
8.92104806250426
8.988096119806638
9.055369058116895
9.122859647205068
9.190560405269759
9.258463594537925
9.326561216881506
9.394845009456821
9.463306440372326
9.531936704390647
9.600726718671371
9.669667118560971
9.738748253437063
9.807960182613927
9.877292671316972
9.946735186733944
10.016276894151002
10.085906653182333
10.155613014101897
10.225384214286693
10.295208174780948
10.365072496991191
10.434964459522343
10.504871015165529
10.57477878804838
10.644674070959374
10.714542822857583
10.784370666580001
10.854142886758913
10.92384442796175
10.993459893066744
11.06297354188771
11.132369290061686
11.201630708213514
11.270741021411851
11.339683108931158
11.408439504334911
11.476992395895119
11.545323627363784
11.613414699112317
11.681246769654525
11.748800657570031
11.81605684384407
11.882995474640527
11.949596364525059
12.015839000154871
12.081702544452455
12.147165841280016
12.212207420631577
12.276805504359885
12.340938012454773
12.404582569889802
12.467716514053727
12.530316902783044
12.592360523011717
12.6538239000537
12.714683307533575
12.774914777979998
12.834494114096387
12.893396900722315
12.951598517498686
13.009074152248774
13.065798815086598
13.121747353262895
13.176894466758288
13.231214724631705
13.284682582131358
13.337272398573948
13.388958455996594
13.43971497858435
13.489516152874705
13.538336148738692
13.586149141136412
13.632929332643059
13.67865097673923
13.723288401857495
13.766816036174744
13.80920843313773
13.850440297706589
13.890486513298749
13.929322169412922
13.96692258991028
14.003263361926912
14.03832036538898
14.072069803098788
14.104488231357164
14.135552591084213
14.165240239397454
14.193528981603025
14.22039710355245
14.24582340431407
14.269787229104917
14.292268502425527
14.313247761336699
14.332706188814141
14.350625647113386
14.366988711074212
14.38177870129086
14.394979717070782
14.406576669102211
14.416555311747624
14.42490227487758
14.431605095156945
14.43665224669307
14.440033170953448
14.441738305858378
14.44175911395268
14.440088109558966
14.436718884814152
14.43164613448998
14.424865679498083
14.416374488980214
14.406170700884497
14.394253640929593
14.380623839859897
14.365283048896663
14.348234253292159
14.329481683896784
14.30903082665224
14.286888429927698
14.263062509620227
14.237562351945476
14.21039851385027
14.181582820984385
14.15112836317559
14.119049487358803
14.08536178791793
14.050082094406909
14.013228456625137
13.974820127031276
13.934877540489142
13.893422291349017
13.850477107878014
13.80606582406372
13.760213348826033
13.712945632683262
13.664289631929652
13.61427327039287
13.562925398851318
13.510275752202325
13.456354904483701
13.401194221861946
13.344825813711166
13.28728248191744
13.228597668553034
13.16880540207454
13.10794024220798
13.046037223692078
12.983131799058437
12.919259780634034
12.854457281957343
12.788760658804152
12.722206450022894
12.65483131838226
12.586671991635285
12.517765204004494
12.448147638292166
12.377855868817536
12.306926305379518
12.23539513843923
12.16329828571061
12.090671340340682
12.017549520852622
11.94396762301581
11.869959973796396
11.795560387530537
11.72080212445033
11.645717851678986
11.57033960679793
11.494698764073984
11.418826003419548
11.342751282143112
11.266503809531775
11.190112024291304
11.113603574853455
11.037005302544218
10.960343227591464
10.88364253793495
10.806927580787221
10.730221856880071
10.653548017317977
10.57692786294767
10.500382346141949
10.423931574885547
10.34759481904184
10.271390518671716
10.195336294269133
10.11944895877302
10.043744531211043
9.968238251828588
9.89294459855484
9.817877304657944
9.743049377442686
9.66847311784636
9.594160140792157
9.520121396163939
9.446367190271717
9.37290720768326
9.299750533304483
9.226905674598473
9.154380583841197
9.082182680320084
9.010318872390318
8.93879557931226
8.867618752801889
8.7967938982349
8.72632609545319
8.656220019130346
8.586479958660687
8.517109837543188
8.448113232238331
8.379493390482232
8.311253249047557
8.24339545094574
8.175922362069418
8.108836087277332
8.042138485927238
7.975831186864548
7.909915602876497
7.8443929446227765
7.779264234054424
7.714530317333225
7.650191877263777
7.586249445249868
7.522703412786435
7.45955404249717
7.396801478726779
7.334445757695821
7.272486817224501
7.210924506030503
7.149758592604582
7.088988773666291
7.028614682200999
6.968635895078111
6.90905194024963
6.849862303527191
6.791066434935147
6.732663754636932
6.6746536584316445
6.617035522817811
6.559808709621693
6.502972570187783
6.446526449130003
6.390469687642929
6.334801626373595
6.279521607855663
6.224628978509198
6.170123090211072
6.116003301442615
6.06226897802302
6.008919493439086
5.955954228783694
5.903372572317464
5.851173918670164
5.799357667700216
5.747923223032711
5.696869990297971
5.646197375094617
5.595904780702431
5.545991605571737
5.496457240617336
5.447301066345845
5.3985224498461015
5.350120741672931
5.302095272654737
5.254445350655404
5.207170257320974
5.160269244840848
5.113741532752784
5.067586304819835
5.02180270600637
4.976389839578837
4.93134676435529
4.886672492126134
4.842365985266426
4.798426154558017
4.754851857237806
4.711641895285878
4.668795013965059
4.626309900621035
4.584185183749687
4.542419432335964
4.501011155466085
4.459958802212705
4.419260761790237
4.378915363975368
4.338920879785833
4.299275522408437
4.259977448365507
4.221024758907453
4.182415501617449
4.144147672213006
4.10621921652817
4.068628032659041
4.0313719732545845
3.99444884793428
3.9578564258136693
3.921592438118849
3.8856545808708565
3.850040517621283
3.81474788222073
3.7797742816022724
3.7451172985629095
3.710774494526736
3.6767434122745013
3.643021578625438
3.609606507058235
3.576495700259337
3.543686652588057
3.5111768524492324
3.478963784565568
3.4470449321430374
3.4154177789241857
3.384079811125325
3.3530285192549103
3.3222613998116084
3.2917759568616494
3.261569703496055
3.2316401631693883
3.2019848709224643
3.1726013744921833
3.1434872353124463
3.1146400294105216
3.0860573482038185
3.057736799202283
3.029676006622007
3.001872611915743
2.9743242742261295
2.9470286707674944
2.9199834971420247
2.8931864675959327
2.8666353152212065
2.8403277921082064
2.8142616694541607
2.7884347376323824
2.7628448062266657
2.7374897040350596
2.712367279046845
2.6874753983962947
2.662811948296414
2.638374833955551
2.614161979479524
2.590171327761573
2.566400840362165
2.5428484973805032
2.5195122973192916
2.496390256944095
2.4734804111385116
2.4507808127561193
2.4282895324700693
2.406004658621003
2.3839242970639263
2.3620465710145133
2.340369620895227
2.318891604181612
2.297610695249018
2.2765250852199372
2.2556329818121603
2.2349326091878683
2.2144222078037346
2.1941000342621497
2.1739643611636077
2.154013476960296
2.1342456858109067
2.1146593074367033
2.0952526769788604
2.076024144857043
2.0569720766292727
2.038094852853055
2.0193908689477507
2.000858535058216
1.9824962759196847
1.964302530723869
1.9462757529863042
1.9284144104148973
1.9107169847796912
1.8931819717838057
1.8758078809355765
1.8585932354218688
1.8415365719825358
1.8246364407860491
1.8078914053062618
1.791300042200297
1.774860941187566
1.7585727049298971
1.742433948912752
1.7264433013275464
1.7105994029550478
1.6949009070498327
1.6793464792258175
1.663934797342833
1.6486645513942446
1.6335344433955945
1.6185431872742744
1.6036895087602132
1.5889721452775545
1.57438984583734
1.559941370931179
1.5456254924258812
1.5314409934590687
1.5173866683357435
1.503461322425797
1.489663772062469
1.4759928444417332
1.4624473775226123
1.4490262199283963
1.435728230848778
1.4225522799428876
1.4094972472432037
1.3965620230603601
1.3837455078888252
1.3710466123134337
1.358464256916792
1.3459973721875276
1.3336448984293732
1.3214057856710981
1.3092789935772555
1.2972634913597576
1.285358257690252
1.2735622806133111
1.2618745574604169
1.2502940947647285
1.2388199081766391
1.227451022380108
1.2161864710097527
1.2050252965687087
1.1939665503472467
1.1830092923421223
1.1721525911766815
1.1613955240216896
1.1507371765168946
1.1401766426932989
1.1297130248961549
1.1193454337086657
1.1090729878763796
1.0988948142322832
1.088810047622587
1.078817830833178
1.068917314516761
1.0591076571206652
1.0493880248153054
1.0397575914233106
1.0302155383492946
1.0207610545102808
1.0113933362667509
1.0021115873543411
0.9929150188161583
0.9838028489357145
0.9747743031704826
0.9658286140860621
0.9569650212909417
0.9481827713718669
0.9394811178298026
0.930859321016475
0.9223166480715034
0.9138523728601058
0.9054657759113796
0.897156144357141
0.8889227718713324
0.8807649586099878
0.8726820111517399
0.8646732424388806
0.8567379717189642
0.8488755244869363
0.8410852324278041
0.8333664333598308
0.8257184711782452
0.818140695799474
0.8106324631058868
0.8031931348910406
0.7958220788054358
0.7885186683027626
0.7812822825866489
0.774112306557886
0.7670081307621481
0.7599691513381897
0.7529947699665119
0.7460843938185089
0.7392374355060766
0.7324533130316817
0.7257314497388926
0.7190712742633658
0.7124722204842748
0.7059337274761921
0.699455239461409
0.6930362057626963
0.6866760807564926
0.6803743238265275
0.6741303993178709
0.667943776491398
0.6618139294786776
0.6557403372372752
0.6497224835064597
0.6437598567633229
0.6378519501793017
0.6319982615770928
0.6261982933879704
0.6204515526094907
0.614757550763589
0.6091158038550545
0.6035258323303933
0.5979871610370657
0.5924993191830963
0.5870618402970571
0.581674262188418
0.5763361269082586
0.5710469807103423
0.5658063740125494
0.5606138613586593
0.5554690013804888
0.5503713567603734
0.5453204941939976
0.5403159843535605
0.535357401851284
0.530444325203256
0.5255763367936009
0.5207530228389836
0.5159739733534384
0.5112387821135176
0.5065470466237632
0.5018983680824955
0.497292351347913
0.4927286049045065
0.4882067408297768
0.4837263747612655
0.47928712586388167
0.4748886167975278
0.4705304736850308
0.46621232608035934
0.4619338069371334
0.4576945525774305
0.45349420266086643
0.4493324001539716
0.44520879129984037
0.4411230255880592
0.4370747557249176
0.43306363760388544
0.4290893302763611
0.4251514959226959
0.42124979982347577
0.4173839103310684
0.413553498841437
0.40975823976620646
0.4059978105049859
0.4022718914179517
0.3985801657986758
0.39492231984720283
0.3912980426433817
0.3877070261204345
0.3841489650387685
0.380623556960035
0.37713050222141953
0.37366950391016795
0.3702402678383533
0.36684250251786676
0.36347591913563954
0.3601402315290979
0.35683515616183387
0.3535604120995087
0.35031572098597186
0.3471008070195978
0.3439153969298471
0.3407592199540358
0.337632007814319
0.3345334946948903
0.33146341721938527
0.32842151442849304
0.32540752775777726
0.322421201015697
0.31946228036182783
0.3165305142852889
0.31362565358336253
0.3107474513403102
0.30789566290638737
0.3050700458770471
0.3022703600723334
0.2994963675164687
0.29674783241762454
0.2940245211478775
0.2913262022233534
0.28865264628454956
0.2860036260768376
0.28337891643115004
0.2807782942448367
0.2782015384627045
0.27564843005822576
0.2731187520149193
0.2706122893079071
0.2681288288856353
0.26566815965176305
0.26323007244722235
0.26081436003243763
0.25842081706970893
0.2560492401057608
0.2536994275544472
0.251371179679615
0.24906429857812917
0.24677858816304934
0.24451385414696092
0.24226990402546325
0.24004654706080508
0.23784359426567042
0.23566085838711723
0.23349815389065914
0.23135529694449405
0.22923210540388012
0.22712839879565275
0.2250439983028825
0.22297872674967814
0.2209324085861253
0.2189048698733633
0.216895938268803
0.21490544301147452
0.21293321490751493
0.2109790863157856
0.20904289113362126
0.20712446478271362
0.20522364419512074
0.20334026779940512
0.2014741755069022
0.19962520869811123
0.19779321020921217
0.1959780243187079
0.19417949673418733
0.19239747457920894
0.19063180638030855
0.1888823420541226
0.1871489328946303
0.18543143156051506
0.18372969206263967
0.18204356975163596
0.18037292130561158
0.17871760471796633
0.1770774792853206
0.1754524055955575
0.17384224551597158
0.17224686218152652
0.1706661199832237
0.16909988455657293
0.1675480227701733
0.16601040271439607
0.16448689369017142
0.16297736619788056
0.16148169192634734
0.15999974374193077
0.15853139567772045
0.15707652292282803
0.15563500181177775
0.15420670981399623
0.15279152552339634
0.15138932864805701
