0.05538628209329486
0.05589924806583939
0.056416964320098704
0.056939474828379626
0.05746682397008006
0.0579990565341694
0.05853621772497813
0.05907835316322084
0.05962550889274911
0.06017773138184153
0.060735067529544155
0.06129756466675075
0.06186527056456331
0.062438233432570385
0.06301650192762637
0.06360012515634032
0.06418915267883242
0.06478363451272694
0.06538362113898165
0.06598916350387762
0.06660031302534739
0.067217121596153
0.06783964158827499
0.06846792585810604
0.06910202774936305
0.0697420010997447
0.07038790024364339
0.07103978001734775
0.07169769576406448
0.07236170333777223
0.07303185910822456
0.07370821996618382
0.07439084332776424
0.07507978713867908
0.07577510988107823
0.07647687057517202
0.0771851287876498
0.07789994463504792
0.0786213787877157
0.07934949247689793
0.08008434749940119
0.0808260062215285
0.08157453158553409
0.08232998711527861
0.08309243691978078
0.08386194570014223
0.08463857875469595
0.08542240198335849
0.08621348189494735
0.08701188561111559
0.08781768087367048
0.08863093604790309
0.08945172013059348
0.09028010275460034
0.0911161541946212
0.09195994537377707
0.09281154786857754
0.09367103391577707
0.09453847641771614
0.09541394894948181
0.09629752576280848
0.0971892817953672
0.09808929267390601
0.09899763472339501
0.09991438497080309
0.10083962115314712
0.10177342172377787
0.10271586585790506
0.10366703346095102
0.10462700517300047
0.10559586237753792
0.10657368720638122
0.10756056254830046
0.10855657205467648
0.10956180014617872
0.11057633202121808
0.1116002536613191
0.11263365183973785
0.11367661412716237
0.11472922890052532
0.1157915853486266
0.11686377348092332
0.11794588413445813
0.11903800898095193
0.1201402405345485
0.1212526721602555
0.12237539808038779
0.12350851338288558
0.12465211402957412
0.1258062968629589
0.1269711596155227
0.12814680091675393
0.12933332030124017
0.1305308182175277
0.13173939603582197
0.13295915605659064
0.13419020151824282
0.13543263660647123
0.13668656646254904
0.13795209719098625
0.13922933586975178
0.14051839055755785
0.1418193703035761
0.1431323851560436
0.14445754617096235
0.14579496542106637
0.14714475600595003
0.14850703205961271
0.14988190876113483
0.15126950234312023
0.1526699301013646
0.1540833104044276
0.1555097627030806
0.15694940753972758
0.15840236655888182
0.15986876251576218
0.1613487192872961
0.1628423618811664
0.1643498164464544
0.16587121028360055
0.1674066718542658
0.16895633079181036
0.17052031791218766
0.1720987652230044
0.17369180593562364
0.17529957447456906
0.17692220648879228
0.17855983886215093
0.18021260972467273
0.18188065846276685
0.1835641257309599
0.1852631534625027
0.18697788488069805
0.18870846451010823
0.19045503818856435
0.19221775307709638
0.19399675767286526
0.19579220182031368
0.197604236722668
0.19943301495384172
0.20127869047034638
0.20314141862298749
0.2050213561695277
0.20691866128598915
0.20883349357951791
0.21076601410039206
0.21271638535429419
0.2146847713149316
0.2166713374368934
0.21867625066760524
0.2206996794606193
0.2227417937882988
0.22480276515462663
0.2268827666081646
0.2289819727555287
0.2311005597739737
0.23323870542493738
0.23539658906750618
0.23757439167174493
0.2397722958319972
0.2419904857807833
0.2442291474023459
0.24648846824635035
0.24876863754217413
0.25106984621187056
0.25339228688550214
0.25573615391403837
0.258101643384387
0.2604889531334374
0.26289828276172567
0.26532983364936813
0.2677838089689254
0.27026041370108594
0.27275985464914865
0.2752823404533948
0.2778280816062135
0.2803972904670639
0.28299018127728887
0.28560697017520226
0.2882478752112939
0.2909131163635063
0.2936029155520684
0.29631749665559426
0.29905708552569044
0.30182191000301645
0.30461219993255545
0.30742818717930487
0.31027010564395696
0.3131381912784128
0.3160326821020746
0.31895381821704444
0.32190184182458415
0.32487699724062347
0.3278795309122587
0.3309096914332577
0.3339677295605583
0.3370538982302161
0.3401684525737379
0.3433116499340571
0.3464837498821084
0.3496850142328334
0.35291570706175507
0.3561760947209693
0.3594664458559675
0.3627870314217293
0.36613812469925794
0.36952000131192464
0.3729329392417848
0.37637721884651415
0.37985312287500134
0.3833609364848476
0.3869009472579505
0.39047344521721744
0.394078722843044
0.3977170750895901
0.4013887994012787
0.40509419572891076
0.4088335665462736
0.4126072168661174
0.41641545425647136
0.42025858885684886
0.4241369333942566
0.42805080319937644
0.4320005162223531
0.43598639304875986
0.4400087569155325
0.4440679337264343
0.44816425206790445
0.45229804322435235
0.45646964119379796
0.460679382702928
0.46492760722241133
0.46921465698163556
0.47354087698395564
0.4779066150210184
0.4823122216874645
0.48675805039536885
0.49124445738821143
0.49577180175496
0.5003404454438198
0.5049507532756962
0.5096030929577009
0.5142978350960342
0.5190353532088986
0.523816023738876
0.5286402260654958
0.5335083425170444
0.5384207583819997
0.5433778619209294
0.5483800443769873
0.5534276999868263
0.5585212259907906
0.5636610226430355
0.5688474932206119
0.5740810440331579
0.5793620844309856
0.5846910268136902
0.5900682866376896
0.595494282423624
0.6009694357630133
0.6064941713245016
0.6120689168595463
0.6176941032075304
0.623370164300256
0.6290975371659301
0.6348766619322151
0.6407079818291498
0.6465919431907744
0.6525289954565349
0.6585195911716837
0.6645641859869896
0.6706632386575557
0.6768172110412791
0.683026568095678
0.6892917778744241
0.6956133115229738
0.7019916432729286
0.7084272504355623
0.7149206133945505
0.7214722155973817
0.7280825435457798
0.7347520867850845
0.7414813378925105
0.7482707924639855
0.7551209491001442
0.7620323093906811
0.769005377897629
0.7760406621372589
0.7831386725605548
0.790299922532231
0.7975249283084311
0.8048142090124827
0.8121682866097547
0.8195876858802504
0.8270729343898096
0.8346245624597423
0.8422431031342337
0.8499290921464427
0.8576830678823181
0.8655055713426137
0.8733971461029626
0.881358338271768
0.8893896964460573
0.8974917716650759
0.9056651173616606
0.9139102893113454
0.922227845578957
0.9306183464629589
0.9390823544369568
0.9476204340888283
0.9562331520572732
0.9649210769652219
0.9736847793508405
0.9825248315953333
0.9914418078478645
1.0004362839474814
1.0095088373415664
1.0186600470014955
1.0278904933344977
1.0372007580924643
1.0465914242768848
1.0560630760404088
1.0656162985845867
1.0752516780537684
1.0849698014251605
1.0947712563946737
1.104656631258811
1.1146265147923125
1.1246814961211342
1.1348221645913636
1.145049109633335
1.1553629206208802
1.165764186726171
1.1762534967689728
1.186831439061514
1.1974986012476023
1.208255570136589
1.2191029315318835
1.230041270053809
1.2410711689566378
1.2521932099397657
1.2634079729529164
1.2747160359949523
1.2861179749066445
1.2976143631564898
1.3092057716204242
1.3208927683541591
1.3326759183590038
1.3445557833402775
1.356532921458484
1.3686078870730078
1.3807812304782496
1.3930534976316988
1.4054252298742826
1.4178969636424006
1.4304692301715474
1.4431425551915018
1.4559174586126773
1.4687944542036433
1.481774049259418
1.4948567442605873
1.508043032522761
1.5213333998364469
1.5347283240969514
1.548228274924181
1.5618337132721636
1.5755450910279378
1.5893628505998854
1.6032874244949973
1.6173192348849383
1.6314586931609547
1.6457061994769737
1.6600621422810844
1.6745268978348595
1.6891008297206458
1.7037842883362062
1.7185776103768224
1.7334811183045524
1.7484951198043113
1.7636199072267373
1.7788557570174166
1.7942029291325396
1.8096616664404719
1.8252321941093204
1.8409147189799009
1.8567094289244408
1.8726164921902926
1.888636056728728
1.9047682495086726
1.9210131758149518
1.9373709185310224
1.9538415374061324
1.9704250683063231
1.987121522449605
2.0039308856247744
2.020853117393899
2.0378881502782207
2.0550358889274665
2.072296209272312
2.0896689576599092
2.107153949972456
2.1247509707285754
2.142459772167557
2.1602800733162626
2.1782115590387474
2.1962538790685047
2.2144066470232526
2.2326694394024087
2.251041794567167
2.269523211703069
2.288113149765432
2.3068110264074555
2.3256162168911723
2.3445280529814223
2.3635458218228096
2.382668764800088
2.401896076381974
2.421226902948585
2.440660341602931
2.460195438966618
2.479831189960127
2.499566536567975
2.5194003665893043
2.539331512374077
2.559358749545628
2.579480795709905
2.5996963091519603
2.6200038875204315
2.6404020665005032
2.6608893184761713
2.681464051182457
2.7021246063484448
2.722869258332022
2.7436962127471265
2.7646036050845852
2.785589499327503
2.8066518865624275
2.8277886835871753
2.848997731516932
2.8702767943895706
2.8916235577717817
2.9130356273673623
2.9345105276291923
2.9560457003765284
2.9776385034192385
2.999286209190739
3.0209860033915428
3.0427349836452247
3.064530158168919
3.0863684444603856
3.1082466680038174
3.130161560996782
3.1521097611005056
3.1740878102160854
3.196092153289157
3.218119137145714
3.24016500936174
3.2622259171695855
3.2842979064041233
3.306376920491531
3.3284587994840553
3.3505392791439377
3.3726139900798446
3.39467845693927
3.4167280976605205
3.438758222787834
3.460764034853511
3.482740627830753
3.5046829866613423
3.526585986861983
3.5484443942135675
3.570252864537534
3.5920059435635565
3.613698066892981
3.6353235600624254
3.6568766387120286
3.678351408862903
3.699741867308436
3.721041902124117
3.7422452933005
3.763345713504187
3.7843367289714656
3.8052118005394817
3.8259642848196225
3.846587435518022
3.86707440490784
3.887418245458114
3.907611911623856
3.9276482618020307
3.947520060458002
3.967219980426944
3.986740605394564
4.0060744325614595
4.025213875495223
4.0441512671743105
4.0628788632274455
4.081388845372255
4.0996733250565445
4.117724347305343
4.135533894776797
4.15309389202946
4.170396210003436
4.187432670717397
4.204195052183269
4.220675093539845
4.236864500406392
4.252754950456777
4.268338099214237
4.283605586066484
4.298549040500295
4.313160088554326
4.327430359488237
4.341351492665756
4.354915144648719
4.368112996498448
4.3809367612803465
4.393378191766808
4.405429088333005
4.417081307039332
4.428326767893703
4.439157463286094
4.449565466587082
4.459542940901355
4.469082147966474
4.478175457186395
4.486815354788505
4.494994453092275
4.502705499876749
4.509941387833483
4.5166951640907635
4.522960039794241
4.528729399728412
4.53399681196274
4.538756037505533
4.543001039948109
4.546725995081147
4.54992530046467
4.55259358493252
4.554725718011764
4.5563168192371055
4.55736226733997
4.557857709291697
4.557799069180052
4.557182556898079
4.556004676624307
4.554262235073274
4.551952349495432
4.549072455405691
4.545620314020047
4.54159401938017
4.536992005146191
4.531813051038492
4.5260562889099125
4.5197212084304965
4.5128076623677345
4.50531587144612
4.497246428770864
4.488600303801675
4.479378845863661
4.4695837871836845
4.459217245441787
4.448281725828703
4.436780122601913
4.424715720134193
4.412092193450152
4.398913608247815
4.385184420403928
4.370909474963222
4.356094004613509
4.340743627650048
4.324864345434193
4.308462539352768
4.291544967286179
4.274118759594503
4.256191414632147
4.237770793802802
4.218865116167443
4.199482952619017
4.179633219638158
4.15932517264487
4.138568398961454
4.117372810402069
4.095748635504352
4.073706411418191
4.051256975466212
4.0284114563898825
4.005181265294066
3.9815780863016865
3.957613866928722
3.9333008081880374
3.908651354428692
3.8836781829152383
3.858394193149344
3.83281249593354
3.806946402174403
3.7808094114198973
3.7544152001228515
3.7277776096198822
3.70091063381251
3.673828406534635
3.6465451885881714
3.6190753544265966
3.591433378464263
3.5636338209879153
3.535691313645796
3.507620544489291
3.4794362425421004
3.4511531618726545
3.4227860651470636
3.3943497066420516
3.3658588147004815
3.3373280736161153
3.3087721049391527
3.280205448199935
3.251642541055161
3.223097698868613
3.19458509374718
3.166118733062439
3.1377124374984735
3.109379818677521
3.0811342564266195
3.052988875760359
3.0249565236669427
2.9970497457968244
2.969280763165111
2.9416614489901707
2.9142033058014034
2.8869174429586293
2.8598145547334752
2.832904899109552
2.806198277462414
2.779704015282414
2.7534309441029365
2.727387384793146
2.7015811323681436
2.67601944245997
2.650709019580311
2.625656007290212
2.6008659803733387
2.5763439390879355
2.552094305548789
2.5281209222645873
2.5044270528287487
2.481015384733707
2.457888034250458
2.435046553287869
2.412491938120601
2.3902246398516294
2.368244576456011
2.3465511462378013
2.325143242522812
2.304019269406742
2.2831771583818457
2.262614385676178
2.242327990157387
2.222314591678119
2.2025704097716736
2.183091282643652
2.163872686446811
2.1449097548703806
2.126197299119917
2.1077298284067614
2.089501571105097
2.071506496766705
2.0537383392060526
2.036190620878884
2.0188566787738442
2.001729692016821
1.9848027113507096
1.9680686905987295
1.95152052014764
1.9351510624000352
1.9189531890447007
1.9029198198848107
1.887043962850109
1.8713187547069559
1.8557375018756854
1.8402937206747418
1.8249811762425405
1.8097939193473345
1.7947263202880714
1.7797730991196208
1.764929351506265
1.7501905696180893
1.7355526576337033
1.721011941594436
1.7065651735622753
1.692209530256036
1.6779426065655716
1.6637624045587236
1.6496673187859676
1.635656118839701
1.621727930226502
1.6078822146511835
1.594118750784218
1.5804376164856793
1.5668391732897584
1.553324053718849
1.539893151703274
1.5265476160436393
1.5132888464815863
1.5001184915579648
1.4870384470535727
1.4740508534467285
1.461158090506594
1.448362766896042
1.4356677025103934
1.42307590125842
1.4105905121309015
1.3982147767298783
1.3859519619742895
1.3738052774704315
1.3617777780382105
1.3498722530928666
1.338091105944725
1.3264362275122212
1.3149088703295606
1.3035095299270485
1.2922378415112177
1.2810925002168916
1.2700712129114562
1.2591706885172087
1.248386672064369
1.2377140252647454
1.2271468534651646
1.2166786756459642
1.2063026309790599
1.1960117126821668
1.1857990178065134
1.17565800040651
1.1655827153754659
1.1555680410608586
1.1456098704177582
1.1357052626210757
1.1258525493703417
1.1160513922245663
1.1063027889237727
1.0966090276643758
1.0869735887661562
1.0774009933607078
1.0678965990560705
1.0584663434675943
1.0491164384846603
1.0398530214367974
1.0306817739303964
1.0216075247053833
1.0126338587080936
1.00376275968878
0.9949943168437891
0.9863265262224413
0.9777552140189097
0.9692741012710049
0.9608750184672858
0.9525482654926585
0.9442830991765215
0.9360683195433059
0.9278929183530148
0.9197467503119271
0.9116211878053362
0.903509722434494
0.8954084789123764
0.887316607518762
0.8792365205075079
0.8711739378550498
0.8631377123756727
0.855139417414496
0.847192703958678
0.8393124661462169
0.831513888448045
0.8238114747600707
0.816218169662598
0.8087446692692053
0.8013989841684477
0.7941862681125708
0.7871088765710192
0.7801665827602023
0.7733568644077897
0.7666751836286637
0.760115208626267
0.7536689592305552
0.7473268892738011
0.7410779428055367
0.7349096381803368
0.7288082455384182
0.7227591276526433
0.7167473052996016
0.7107582780877378
0.7047790766569171
0.6987994501242989
0.6928130236043448
0.686818219987993
0.6808187464627677
0.6748235006337123
0.6688458362742851
0.6629022196878325
0.6570103875114731
0.6511871853417666
0.645446332727882
0.6397964223891679
0.634239493866607
0.6287704822064338
0.6233777049413756
0.6180443385877479
0.6127506226793271
0.6074763994791635
0.6022035907958335
0.5969182991240733
0.5916123268829994
0.5862839845463287
0.5809381167631792
0.5755853633799372
0.5702408063308593
0.564922274858269
0.5596485964509899
0.554437963186594
0.5493064343881989
0.5442665694655157
0.5393263151522569
0.5344883959958346
0.5297503542251838
0.525105039701626
0.5205410601157892
0.5160428443020117
0.5115905979559213
0.5071610823725989
0.5027301615056957
0.4982771792801937
0.49378993995128667
0.48926830705548746
0.48472481756638297
0.4801819830676117
0.47566729701837857
0.4712077266570093
0.4668254900744916
0.4625362603643411
0.4583496469675753
0.45427034150543033
0.45029785039653636
0.4464242071698002
0.4426316459614517
0.43889342364925193
0.4351790583049916
0.43146158383165656
0.4277225908722331
0.4239527965092138
0.4201496553952716
0.4163154339395827
0.4124579444105304
0.4085933066766329
0.4047474560657544
0.40095228276708567
0.39723544866030425
0.3936093123600745
0.39006732038987335
0.3865903766043944
0.38315699523241564
0.3797504338587308
0.3763627575175557
0.37299808257957506
0.36967226533114295
0.36640557423077014
0.3632128848381271
0.3600996399537074
0.3570633756446584
0.35409337751588216
0.3511673938199796
0.3482535076044076
0.34532090047366637
0.34235085471755183
0.3393378623188101
0.33628288179421706
0.3331897198278777
0.3300701982575413
0.32695239159192
0.32388167815093083
0.32090867205494195
0.3180661821684018
0.31534779730721557
0.3127083570094276
0.31009282448219
0.3074677619092164
0.30482497579124346
0.30216366442458387
0.29947646056558835
0.2967454038728953
0.2939491734956544
0.2910906387844661
0.28822692843785314
0.2854575511718259
0.2828611035071013
0.2804375352643353
0.2781142994489552
0.27579587078341067
0.27340550402445385
0.2709182496266368
0.26837442070982426
0.2658317894629966
0.26330254927065544
0.26076669457312185
0.2582361059030806
0.25577838211504417
0.25347530544117275
0.25135351998635547
0.24935020323091484
0.24735690260236623
0.24530216087580006
0.24318555473152784
0.24105076380968055
0.23894510360278146
0.2368731842603715
0.2347955326925149
0.23270516646852968
0.23063635566594864
0.22857024776539503
0.22642649554893302
0.2241808579701904
0.22192449208277443
0.21978413542414285
0.21784419346064798
0.21612398506245384
0.2145335350884667
0.2128876466875935
0.21103177842297824
0.20895518990195946
0.20680847804790523
0.204773474273402
0.20290276944708216
0.2011361424061013
0.19943482875056964
0.1977882811713351
0.19612476077224314
0.19437212605316326
0.19252738658486662
0.1906504585799811
0.1888521577463103
0.187180238786232
0.1855356237881004
0.18383114215055374
0.18213601354703268
0.18054546405517935
0.1790646917748485
0.1776085433397295
0.17604836982224606
0.17440900365779602
0.17284621788338286
0.17134005245257403
0.169809065724681
0.1683010616533883
0.16688062447680121
0.165495934991059
0.164091109986448
0.16268225879590856
0.16131054737673073
0.15981483761858328
0.15811836803282522
0.15644551049587788
0.15497600188512392
0.15367964566070605
0.1523596171796638
0.15093193638771807
0.14949257334144633
0.14817711617804152
0.1469274617836185
0.14562597489284912
0.1442876199615762
0.14298167663364242
0.14174341531665066
0.14056327447020447
0.13932365337566344
0.13788218058835366
0.13641277060635706
0.1351822354109155
0.1340876436363224
0.1329188937501513
0.13180732232692363
0.13075107993719448
0.1296110401174727
0.12845470924684288
0.12736537218332428
0.12620230530792811
0.12503658937667436
0.1239166959082241
0.1227123021936286
0.12160667189455945
0.12078660174960962
0.11989493599160275
0.11884285963325647
0.11772837191546429
0.11658665680157398
0.11536472198060335
0.11414441029079044
0.11308869673100644
0.11198096340059058
0.11104487120487128
0.110447794760504
0.10971819448311751
0.1087743061382557
0.1076939269028422
0.10662261454058167
