0.06037400208214192
0.06093316146296223
0.06149749887252698
0.06206706223995013
0.06264189993965776
0.06322206079521787
0.06380759407866561
0.06439854951906127
0.06499497730480593
0.06559692808709557
0.0662044529889382
0.06681760360055591
0.06743643199380227
0.06806099071905007
0.06869133281387178
0.069327511804627
0.06996958171346822
0.07061759706005007
0.07127161287102374
0.07193168467933166
0.07259786852970891
0.07327022098805387
0.07394879914044787
0.07463366059982124
0.07532486351446761
0.07602246656765763
0.07672652898382408
0.07743711053503895
0.07815427154853666
0.07887807290415044
0.07960857604663686
0.08034584298720333
0.08108993631113397
0.08184091917875867
0.08259885533753565
0.08336380911888734
0.08413584545205946
0.08491502986431924
0.08570142848669526
0.08649510806200615
0.08729613594883215
0.08810458012796071
0.08892050920590731
0.0897439924236466
0.09057509966033993
0.0914139014412328
0.0922604689403323
0.0931148739895407
0.09397718908293488
0.09484748738367474
0.0957258427290559
0.09661232963831609
0.09750702331635859
0.09840999966328781
0.09932133527788196
0.10024110746602015
0.10116939424510019
0.10210627435262024
0.10305182725183024
0.10400613313653038
0.10496927294287453
0.10594132835005136
0.1069223817902384
0.10791251645654411
0.10891181630633405
0.10992036607216489
0.11093825126624274
0.11196555818765047
0.11300237393077034
0.11404878639202747
0.11510488427610363
0.1161707571054615
0.117246495225485
0.11833218981341401
0.11942793288510237
0.12053381730410764
0.12164993678698195
0.12277638591235271
0.12391326012958018
0.12506065576548142
0.1262186700312025
0.12738740103428609
0.12856694778184274
0.1297574101910937
0.13095888909822154
0.13217148626603695
0.13339530439125616
0.1346304471145174
0.13587701902790414
0.13713512568434677
0.13840487360583176
0.13968637029109437
0.14097972422715327
0.1422850448952337
0.14360244278135015
0.14493202938443053
0.14627391722791072
0.147628219864388
0.1489950518895156
0.15037452894862635
0.15176676774577805
0.15317188605637086
0.15459000273295556
0.156021237718655
0.15746571205188745
0.15892354788146615
0.16039486847373596
0.1618797982218176
0.16337846265863032
0.16489098846444034
0.16641750347781029
0.16795813670573656
0.1695130183346913
0.17108227974165197
0.1726660535019049
0.1742644734025192
0.17587767445230462
0.17750579289204743
0.17914896620561366
0.18080733313163597
0.1824810336737499
0.1841702091119776
0.18587500201460966
0.1875955562481504
0.1893320169905394
0.19108453074182685
0.1928532453343433
0.1946383099470684
0.19643987511627822
0.19825809274653108
0.2000931161234
0.20194509992601775
0.20381420023884642
0.20570057456311253
0.20760438183074556
0.20952578241474917
0.21146493814446596
0.21342201231539487
0.21539716970333303
0.21739057657730348
0.21940240071238193
0.22143281140175994
0.2234819794707865
0.22555007728996562
0.22763727878810708
0.22974375946543377
0.2318696964077059
0.23401526829904767
0.2361806554362724
0.2383660397418121
0.2405716047784872
0.24279753576241042
0.24504401957832123
0.24731124479232156
0.2495994016668761
0.25190868217510226
0.25423928001427737
0.2565913906222181
0.2589652111896936
0.26136094067700083
0.2637787798268009
0.2662189311808231
0.2686815990934817
0.2711669897479721
0.27367531116990124
0.2762067732444561
0.27876158773048704
0.2813399682754168
0.2839421304325275
0.28656829167450126
0.28921867141039387
0.291893491001683
0.2945929737757415
0.2973173450447241
0.30006683212016616
0.30284166432897147
0.3056420730291181
0.30846829162793726
0.31132055559576555
0.3141991024840434
0.31710417194127577
0.3200360057299108
0.322994847742194
0.3259809440181229
0.32899454276025697
0.33203589435257913
0.3351052513763036
0.3382028686270592
0.34132900313187065
0.3444839141662447
0.3476678632716137
0.3508811142713796
0.3541239332899737
0.3573965887691116
0.36069935148441196
0.3640324945646466
0.3673962935073206
0.37079102619756343
0.37421697292477496
0.3776744164003847
0.3811636417758137
0.3846849366594542
0.38823859113463155
0.39182489777782153
0.3954441516747133
0.3990966504400596
0.40278269423340285
0.40650258577813186
0.4102566303784122
0.4140451359370691
0.41786841297374416
0.42172677464212405
0.4256205367471934
0.429550017763566
0.43351553885321864
0.4375174238822505
0.4415559994388572
0.4456315948513308
0.4497445422045401
0.4538951763579992
0.4580838349625436
0.46231085847855363
0.46657659019233744
0.47088137623301113
0.47522556559039186
0.4796095101312568
0.4840335646160417
0.48849808671561534
0.4930034370282321
0.4975499790953869
0.5021380794182061
0.5067681074733315
0.5114404357298074
0.5161554396635459
0.5209134977735619
0.5257149915976665
0.5305603057268986
0.5354498278210215
0.5403839486232128
0.5453630619743245
0.5503875648271086
0.5554578572608786
0.5605743424941327
0.5657374268986989
0.5709475200127886
0.5762050345534361
0.5815103864293187
0.5868639947524747
0.5922662818503819
0.5977176732772962
0.6032185978246423
0.60876948753231
0.614370777698356
0.620022906888595
0.6257263169459037
0.631481452998835
0.6372887634698913
0.6431487000829653
0.6490617178705725
0.6550282751802393
0.6610488336806173
0.667123858366606
0.6732538175637827
0.6794391829331199
0.6856804294732645
0.6919780355238766
0.6983324827670907
0.7047442562286889
0.7112138442781839
0.7177417386284209
0.7243284343339456
0.7309744297888597
0.7376802267233314
0.744446330199649
0.7512732486066287
0.758161493653803
0.7651115803639529
0.7721240270645028
0.7791993553784304
0.7863380902134612
0.7935407597499091
0.8008078954277232
0.8081400319324399
0.8155377071788532
0.823001462294168
0.8305318415995135
0.8381293925898678
0.8457946659125042
0.853528215343961
0.8613305977654969
0.8692023731365572
0.8771441044668211
0.8851563577864572
0.8932397021143516
0.9013947094247721
0.9096219546117317
0.917922015451918
0.9262954725646836
0.934742909371012
0.9432649120495975
0.9518620694903409
0.9605349732469296
0.969284217485356
0.9781103989311917
0.9870141168139053
0.99599597280832
1.005056570974235
1.0141965176920624
1.0234164215969421
1.032716893508973
1.0420985463612074
1.051561995123537
1.0611078567248506
1.0707367499705547
1.080449295457717
1.0902461154862269
1.100127833966669
1.110095076324585
1.1201484694007602
1.130288641348197
1.1405162215244542
1.1508318403804612
1.1612361293450415
1.171729720705218
1.182313247482047
1.1929873433018652
1.2037526422632718
1.2146097787992365
1.2255593875339483
1.2366021031353012
1.2477385601619273
1.2589693929051464
1.2702952352253147
1.2817167203827795
1.2932344808633334
1.3048491481976978
1.3165613527749365
1.3283717236501773
1.3402808883457802
1.3522894726461119
1.3643981003859982
1.3766073932320988
1.388917970457932
1.4013304487112663
1.413845441774861
1.426463560319362
1.4391854116490068
1.4520115994393692
1.4649427234673
1.4779793793327618
1.4911221581724434
1.5043716463648225
1.5177284252266607
1.531193070700522
1.544766153033433
1.5584482364461472
1.5722398787932084
1.5861416312128094
1.6001540377677959
1.6142776350753119
1.6285129519274841
1.6428605089006765
1.6573208179543883
1.671894382019415
1.686581694574569
1.7013832392121955
1.7162994891921586
1.7313309069838232
1.7464779437962719
1.7617410390961123
1.7771206201128515
1.7926171013314487
1.8082308839722212
1.8239623554572266
1.8398118888634751
1.8557798423624385
1.8718665586457637
1.8880723643367676
1.904397569387783
1.9208424664628898
1.9374073303057349
1.9540924170927254
1.970897963770666
1.9878241873790312
2.0048712843567933
2.0220394298330593
2.039328776902182
2.0567394558817726
2.074271573555179
2.091925212396476
2.109700429779227
2.127597257167914
2.145615699292035
2.1637557333032476
2.182017307914533
2.200400342521995
2.2189047263086294
2.2375303173303456
2.2562769415837516
2.275144392055703
2.2941324277549673
2.3132407727250905
2.3324691150391015
2.3518171057757677
2.371284357977233
2.3908704455882974
2.4105749023771272
2.430397220837495
2.450336851072675
2.470393199660907
2.49056562850258
2.5108534536494806
2.531255944115662
2.5517723206710268
2.572401754616705
2.593143366543468
2.6139962250729605
2.634959345581801
2.6560316889095383
2.677212160050396
2.698499606829164
2.719892818561921
2.74139052470195
2.7629913934714683
2.7846940304795536
2.806496977327186
2.828398710199786
2.8503976384482135
2.8724921031588404
2.8946803757136013
2.9169606563409607
2.939331072658748
2.9617896782096076
2.9843344509905987
3.006963291977771
3.0296740236470603
3.0524643884925147
3.0753320475436827
3.0982745788833443
3.1212894761667456
3.1443741471447324
3.1675259121914774
3.190742002839503
3.2140195603229857
3.2373556341318697
3.2607471805785115
3.2841910613789986
3.3076840422513234
3.3312227915328534
3.354803878819146
3.378423773626977
3.4020788440838996
3.4257653556470427
3.449479469854122
3.473217243109229
3.4969746255066774
3.5207474596958352
3.544531479790216
3.568322310324064
3.5921154652598806
3.615906347050423
3.6396902457587745
3.6634623382401283
3.6872176873892357
3.710951241457433
3.7346578334431246
3.7583321805599472
3.781968883786939
3.8055624275048
3.8291071792227562
3.8525973894006063
3.876027191370275
3.8993906013617483
3.9226815186379715
3.9458937257434945
3.969020888871793
3.992056558356002
4.014994169288074
4.037827042271415
4.060548384311793
4.083151289851683
4.1056287419530415
4.127973613633452
4.150178669360719
4.1722365667109145
4.194139858194599
4.2158809932563805
4.237452320452449
4.258846089810763
4.2800544553786875
4.301069477962398
4.321883128062542
4.342487289010315
4.362873760308002
4.383034261177843
4.402960434322777
4.422643849902639
4.442076009728653
4.461248351679476
4.480152254340858
4.498779041871636
4.517119989097575
4.535166326834657
4.552909247443056
4.570339910612207
4.587449449377392
4.604228976367509
4.620669590283212
4.63676238260418
4.652498444523698
4.667868874107996
4.682864783677443
4.6974773074058875
4.711697609133771
4.7255168903901525
4.738926398617869
4.751917435595498
4.764481366048946
4.776609626444857
4.788293733957174
4.799525295597454
4.81029601749876
4.820597714342081
4.830422318913643
4.839761891780314
4.8486086310699354
4.8569548823422615
4.86479314853556
4.872116099973212
4.878916584413675
4.885187637126699
4.890922490977742
4.896114586502
4.900757581948699
4.904845363275813
4.908372054074659
4.911332025403424
4.913719905508127
4.91553058940922
4.916759248331558
4.917401338955346
4.917452612465384
4.916909123375914
4.915767238108282
4.9140236432987825
4.911675353814209
4.908719720452891
4.905154437309503
4.90097754878232
4.896187456202298
4.890782924064128
4.884763085840248
4.878127449359799
4.870875901735689
4.863008713824157
4.854526544202577
4.845430442652825
4.835721853139075
4.8254026162706944
4.814474971242704
4.802941557248226
4.7908054143594185
4.778069983875397
4.764739108137969
4.75081702981808
4.736308390678184
4.721218229818045
4.705551981413629
4.689315471961006
4.67251491703936
4.655156917609137
4.637248455863437
4.61879689065241
4.599809952502087
4.580295738250416
4.560262705324423
4.539719665683237
4.518675779452295
4.497140548274158
4.475123808401266
4.452635723555328
4.429686777577012
4.4062877668882585
4.382449792787545
4.3581842535961375
4.3335028366706005
4.308417510293553
4.282940515451039
4.257084357500878
4.230861797731869
4.204285844809186
4.177369746096218
4.150126978838181
4.1225712411875275
4.094716443046086
4.066576696693838
4.038166307169368
4.009499762362538
3.9805917227759893
3.951457010908505
3.922110600210556
3.8925676035604213
3.862843261208162
3.8329529281347083
3.8029120607743105
3.7727362030508345
3.7424409716816305
3.712042040707243
3.68155512521097
3.6509959641990064
3.6203803026197963
3.5897238725100724
3.5590423732646284
3.5283514510371794
3.4976666772905087
3.4670035265251102
3.4363773532267787
3.4058033680846034
3.3752966135416944
3.344871938751131
3.3145439740192337
3.2843271048271347
3.2542354455293956
3.224282812835321
3.194482699184602
3.164848246133694
3.1353922178733806
3.106126975001157
3.077064448674456
3.048216115272763
3.0195929716981023
2.9912055114448184
2.963063701570716
2.935176960702807
2.9075541382122454
2.8802034946941966
2.8531326838894953
2.8263487361859445
2.7998580438373684
2.773666348038126
2.747778727989292
2.722199592089568
2.6969326713791224
2.6719810153575887
2.647346990288063
2.6230322800872394
2.5990378898876436
2.5753641523417476
2.552010736719617
2.528976660832398
2.506260305794059
2.4838594336138065
2.4617712075923963
2.439992215477851
2.418518495319959
2.3973455639489543
2.376468447991636
2.35588171732728
2.335579520875339
2.3155556245954863
2.2958034515667562
2.2763161239941105
2.2570865069660804
2.238107253754271
2.219370852402914
2.2008696733034214
2.1825960173849035
2.1645421644772718
2.146700421320724
2.1290631686067396
2.1116229063446887
2.0943722967595524
2.0773042038451996
2.060411728630282
2.043688239166429
2.027127394228064
2.010723159727253
1.9944698169032147
1.9783619614529375
1.9623944929354926
1.9465625940167268
1.9308616994315022
1.915287454933831
1.8998356669840448
1.8845022444836355
1.8692831345008654
1.8541742546103965
1.8391714251603288
1.824270305426714
1.809466338149816
1.7947547072860435
1.7801303138663294
1.7655877745403827
1.7511214466373513
1.7367254823492677
1.7223939129533823
1.7081207619027392
1.6939001832695137
1.679726619628735
1.6655949712831808
1.6515007670458717
1.637440325900765
1.6234108989874205
1.609410782630861
1.5954393955456605
1.5814973166891049
1.5675862841477997
1.5537091593904124
1.53986986459452
1.5260733029542293
1.5123252724158789
1.4986323819251837
1.4850019760777824
1.471442069486034
1.457961286981849
1.4445688009712856
1.4312742539008299
1.4180876527899218
1.4050192246596425
1.3920792264369772
1.3792777099257727
1.3666242505499893
1.3541276562757956
1.3417956788272867
1.3296347517229876
1.3176497780565821
1.3058439853837551
1.2942188564246218
1.2827741340706713
1.2715078892726492
1.2604166326327606
1.2494954463969765
1.2387381138637428
1.228137228065321
1.2176842702929689
1.2073696603967208
1.197182793133045
1.1871120861977769
1.1771450738205247
1.1672685827356273
1.1574690230711127
1.1477328140356098
1.138046943405752
1.1283996328057644
1.1187810518474277
1.1091839993321624
1.0996044554890756
1.0900419110969028
1.0804993998077999
1.070983197282516
1.0615021986896247
1.0520670354615107
1.042689033049162
1.0333791360125275
1.024146931474075
1.014999887626496
1.0059428947486946
0.9969781572211099
0.9881054407266993
0.9793226324439372
0.9706265271173701
0.9620137142654718
0.953481420342684
0.9450281641722832
0.9366541199109956
0.9283611446512635
0.9201525003859119
0.9120323568706216
0.9040051799739366
0.8960750828165184
0.8882451626544172
0.8805168040336475
0.8728889391566915
0.8653573361755201
0.8579141078283538
0.8505477271403796
0.8432438219007787
0.8359868473636322
0.8287624331421397
0.8215598731478942
0.8143740285539243
0.8072059693091677
0.8000620205952323
0.7929514108901385
0.7858832424148462
0.7788638043447981
0.7718951764283748
0.7649756179846179
0.7581015553054787
0.7512703349997378
0.7444825861214347
0.7377432076093418
0.731060632277109
0.7244448350645932
0.7179051350950062
0.7114488548146409
0.7050813165045637
0.6988068152655589
0.6926296297701383
0.686554183154832
0.6805840984193154
0.6747206713232987
0.6689616883576588
0.6633012868065946
0.657730834547201
0.6522400413605002
0.6468171909387003
0.6414477966881287
0.6361120525436044
0.6307826545157652
0.6254251314221384
0.6200021567155246
0.6144815107009611
0.6088453046055067
0.6030969629204952
0.597263047548547
0.5913891054017227
0.5855312314860298
0.5797465252333653
0.5740851839323821
0.5685850337043389
0.563267515612406
0.5581342116399043
0.5531649707869171
0.5483206075313957
0.5435525951940734
0.5388186177630115
0.5340983807354126
0.5294020636009185
0.5247663213471181
0.5202388297098195
0.515858233911521
0.5116381434581849
0.5075608477215418
0.5035816002919894
0.49964077891848474
0.49567941645845515
0.4916525176646682
0.4875349728253633
0.4833188182696926
0.479007060584784
0.4746122766363108
0.4701624333257373
0.4657057560274552
0.4613032950137547
0.4570086852536594
0.45284894512199925
0.448820472645581
0.4448988956107886
0.44104853318180287
0.43722291629476445
0.4333652479712869
0.42942495620206467
0.4253915423875328
0.42132198887089567
0.4173305637352158
0.4135355408161163
0.4099965230704198
0.4066868938110032
0.40351355767268304
0.4003579441904503
0.397111883542153
0.3937073552555975
0.39014231944660926
0.3864847557383132
0.3828433485468825
0.3793257698091887
0.3760043627207515
0.3728838435203603
0.3698842092991679
0.366876023735168
0.3637518974180872
0.3604603241442213
0.3569814229141781
0.3533096606811818
0.3494795581351928
0.3455864169989333
0.3417666018334874
0.33816028879126
0.33487354494231103
0.33194613687295893
0.32934542280731566
0.3269852336702698
0.3247399541243994
0.3224362750084878
0.31986895366209106
0.3169095568937631
0.3136331520179966
0.31029403097692154
0.3071605116085578
0.30436579874423236
0.30184456079061966
0.2993847430487154
0.29679298642705243
0.2939968770035658
0.2910144374148399
0.28793171343816787
0.28487100587115716
0.28191475237333025
0.2790947931292965
0.27645637928994476
0.27408810667882477
0.2720579549971218
0.2703231796889733
0.26870504753794716
0.26692556039076865
0.26475085528940123
0.26215441464359945
0.25929396646597175
0.25641311499182373
0.2537295960610216
0.2513345732417284
0.24916971978683758
0.24703999359638507
0.24483073735121133
0.24270520282237845
0.24083214590158325
0.23906206868828264
0.237060484096985
0.234666182691589
0.2320941229586785
0.2297525065988215
0.22779661567332518
0.22608274470827897
0.22437687669396753
0.22246714543629914
0.22029781751819738
0.2180151666219553
0.21586028669154977
0.2139193971954389
0.2120511361809603
0.2100151444797372
0.20781215247664211
0.20584141750567436
0.20434801446887327
0.20307203553781966
0.2016330954527022
0.19999622530446995
0.19824614478334246
0.1963747255469099
0.1945005367112749
0.1926861211277456
0.1908116908669559
0.18878236655384986
0.1868019748707118
0.18501100506676302
0.18334072380661734
0.18170570890783572
0.18017302761596984
0.17877542089002801
0.177342786070504
0.1756371776153688
0.1738439823560229
0.1723953711853163
0.17109834863042825
0.169372390393871
0.16738232124542674
0.16547324741213448
0.16386015728167777
0.1626591724781708
0.16180200712298934
0.16086512088874716
0.15966722667645897
0.15830157550098334
0.15664951051488077
0.15476562939797128
0.1528257230528322
0.15096163574670143
0.14950407914277627
0.14875751506176446
0.148078900799767
0.1470121418969663
0.14616251405341382
0.1452432306351776
0.14390101215528647
0.14228205470940136
0.14077684034979895
0.13953938383118772
0.13830043874500417
0.13727840607950106
0.13637454775462748
0.1350382013785197
0.1336749405184613
0.13222652162400744
0.1305782641412069
0.12931517819626828
0.12817812763128184
0.12688252674802455
0.1261419991016584
0.125450091418306
0.12382878475714905
0.12270936380214997
0.12170292025067363
0.12033526238016108
0.11939500172726869
0.11859134995801952
0.11751138183679007
0.11626847132995383
0.11528374043295153
