0.049982258164504835
0.05044517417975058
0.05091237699314446
0.05138390628558413
0.051859802106856735
0.052340104876982055
0.052824855387920706
0.05331409480925665
0.053807864693443445
0.054306206975371585
0.05480916397549359
0.05531677840962023
0.055829093385523554
0.05634615240983768
0.0568679993928619
0.057394678648420724
0.05792623490162745
0.05846271329019294
0.059004159369431416
0.05955061911443011
0.0601021389269103
0.06065876563590541
0.06122054650377539
0.06178752922956593
0.06235976195254411
0.06293729325656677
0.06352017217546778
0.06410844819520228
0.06470217125826556
0.06530139176979409
0.06590616059927062
0.06651652908674735
0.06713254904624873
0.06775427276937131
0.0683817530320134
0.06901504309640051
0.06965419671707285
0.07029926814422613
0.07095031212965802
0.07160738393015068
0.07227053931221318
0.07293983455732336
0.0736153264672277
0.07429707236673767
0.0749851301101743
0.07567955808566777
0.07638041522018812
0.07708776098371563
0.07780165539666437
0.07852215903046522
0.07924933301793667
0.07998323905401374
0.08072393940301123
0.08147149690367493
0.08222597497448393
0.08298743761817215
0.08375594942726769
0.08453157559116387
0.08531438189832495
0.08610443474481054
0.08690180113875492
0.08770654870494787
0.08851874569196283
0.08933846097724293
0.09016576407218535
0.09100072512931305
0.09184341494680116
0.09269390497525515
0.09355226732293284
0.09441857476236497
0.09529290073589523
0.09617531936227171
0.09706590544251474
0.09796473446586051
0.09887188261616356
0.09978742677866517
0.10071144454580665
0.10164401422444282
0.10258521484109892
0.1035351261492753
0.1044938286353758
0.10546140352681592
0.10643793279776784
0.10742349917502043
0.10841818614650092
0.10942207796686437
0.11043525966565353
0.11145781705237998
0.11248983672646375
0.11353140608109526
0.11458261331218023
0.11564354742667633
0.11671429824731801
0.1177949564215734
0.11888561342874045
0.11998636158759156
0.121097294064017
0.1222185048775717
0.12335008891095031
0.12449214191584917
0.125644760522574
0.1268080422462141
0.12798208549590248
0.1291669895822816
0.1303628547253156
0.1315697820629532
0.13278787365916733
0.1340172325115909
0.13525796256157788
0.13651016870001306
0.13777395677852425
0.13904943361577288
0.14033670700752315
0.1416358857352734
0.14294707957351183
0.14427039930033367
0.14560595670593307
0.14695386460027982
0.1483142368242502
0.14968718825678476
0.151072834825866
0.15247129351593675
0.15388268237857924
0.15530712054129459
0.15674472821791408
0.15819562671651455
0.1596599384504555
0.16113778694772332
0.16262929686027938
0.1641345939743393
0.1656538052203482
0.16718705868267367
0.16873448360982474
0.17029621042505727
0.17187237073558137
0.1734630973441909
0.1750685242583887
0.17668878670192703
0.1783240211242731
0.17997436521240576
0.18163995790067808
0.1833209393820945
0.18501745111835363
0.1867296358521834
0.1884576376169975
0.19020160174873263
0.1919616748968353
0.19373800503552357
0.195530741475051
0.19734003487334506
0.1991660372468928
0.20100890198340488
0.20286878385212606
0.20474583901697352
0.2066402250469147
0.2085521009288245
0.21048162707928808
0.2124289653563721
0.21439427907177505
0.21637773300332186
0.2183794934071199
0.22039972802942526
0.22243860611993607
0.22449629844351954
0.22657297729315368
0.22866881650278204
0.23078399145952241
0.23291867911688197
0.2350730580071135
0.23724730825531393
0.23944161159089722
0.24165615136197074
0.24389111254791676
0.24614668177259522
0.24842304731805245
0.2507203991374177
0.253038928868536
0.25537882984782495
0.25774029712349805
0.2601235274690606
0.2625287193975133
0.2649560731745545
0.2674057908332038
0.2698780761870333
0.2723731348443105
0.27489117422202364
0.277432403560112
0.27999703393562825
0.28258527827654206
0.285197351376408
0.2878334699083799
0.290493852439998
0.2931787194469218
0.29588829332781286
0.29862279841881034
0.30138246100791927
0.30416750934951753
0.30697817367931723
0.3098146862286216
0.312677281239105
0.3155661949774485
0.3184816657503785
0.3214239339190416
0.32439324191401897
0.3273898342498576
0.3304139575402436
0.3334658605123924
0.33654579402243306
0.3396540110696498
0.3427907668117578
0.3459563185793398
0.3491509258912729
0.352374850468798
0.3556283562509078
0.3589117094087635
0.36222517836098295
0.3655690337875236
0.36894354864538437
0.3723489981822988
0.3757856599521631
0.3792538138292088
0.3827537420227114
0.3862857290911354
0.3898500619568804
0.3934470299205581
0.39707692467512734
0.40074004032022975
0.404436673376072
0.4081671227976426
0.41193168998847624
0.4157306788143887
0.41956439561716996
0.4234331492283215
0.42733725098221187
0.4312770147292205
0.4352527568493649
0.43926479626466136
0.4433134544521579
0.44739905545680897
0.4515219259032788
0.4556823950088133
0.4598807945946218
0.46411745909825586
0.46839272558459755
0.4727069337578343
0.47706042597192067
0.4814535472415835
0.4858866452530838
0.49036007037409796
0.4948741756638572
0.4994293168827048
0.5040258525013693
0.5086641437099472
0.5133445544264595
0.5180674513049981
0.522833203743688
0.527642183891886
0.532494766657371
0.5373913297128584
0.5423322535018796
0.5473179212445911
0.5523487189429758
0.5574250353851593
0.5625472621497308
0.5677157936091067
0.5729310269324926
0.5781933620884496
0.5835032018461415
0.5888609517769962
0.5942670202547261
0.5997218184550142
0.6052257603550234
0.6107792627311197
0.6163827451566627
0.6220366299987953
0.6277413424140624
0.6334973103438076
0.6393049645081558
0.6451647383993003
0.6510770682739757
0.6570423931445958
0.6630611547699329
0.669133797644143
0.6752607689852588
0.6814425187223258
0.6876794994813192
0.6939721665700159
0.7003209779617441
0.7067263942777776
0.7131888787681916
0.7197088972918926
0.7262869182948518
0.7329234127871518
0.7396188543182977
0.7463737189515443
0.7531884852359735
0.7600636341775056
0.7669996492081121
0.7739970161531994
0.7810562231972925
0.7881777608480993
0.795362121898398
0.8026098013862365
0.8099212965531059
0.8172971068001111
0.8247377336417477
0.8322436806581752
0.8398154534445796
0.8474535595585706
0.8551585084654119
0.8629308114803238
0.8707709817090024
0.8786795339848423
0.8866569848041181
0.8947038522580757
0.9028206559625584
0.9110079169844532
0.9192661577655723
0.9275959020431176
0.9359976747674239
0.9444720020161811
0.9530194109057157
0.9616404294986549
0.9703355867082617
0.9791054121991012
0.987950436284329
0.9968711898189835
1.0058682040895552
1.0149420106996279
1.0240931414513865
1.0333221282232294
1.0426295028427632
1.0520157969557453
1.0614815418904109
1.071027268517256
1.080653507104011
1.0903607871660128
1.1001496373114465
1.1100205850815221
1.119974156785596
1.130010877330782
1.1401312700462864
1.15033585650206
1.1606251563217493
1.1709996869897221
1.1814599636522845
1.1920064989125079
1.2026398026189324
1.2133603816478498
1.2241687396788157
1.2350653769636815
1.2460507900884852
1.2571254717285092
1.2682899103959346
1.279544590180311
1.2908899904813858
1.3023265857341748
1.3138548451262806
1.3254752323071781
1.337188205089138
1.348994215139969
1.360893707667002
1.3728871210924376
1.384974886719818
1.3971574283911778
1.4094351621352488
1.4218084958058295
1.4342778287108073
1.446843551230977
1.4595060444292878
1.472265679649339
1.4851228181039589
1.498077810452717
1.5111309963688955
1.5242827040955205
1.537533249989882
1.5508829380570208
1.5643320594713805
1.57788089208682
1.5915296999346193
1.6052787327092388
1.6191282252419383
1.6330783969616443
1.6471294513431367
1.6612815753424428
1.6755349388189764
1.6898896939444983
1.7043459745985514
1.7189038957503333
1.7335635528267272
1.7483250210663577
1.7631883548595444
1.7781535870739338
1.793220728365761
1.8083897664764215
1.823660665514495
1.8390333652226831
1.8545077802300145
1.870083799288845
1.8857612844966354
1.9015400705025316
1.9174199636985778
1.9334007413953438
1.949482150982278
1.9656639090723231
1.9819457006310028
1.9983271780899783
2.014807960444896
2.0313876323376747
2.0480657431232663
2.064841805920807
2.081715296649448
2.098685653048697
2.1157522736835648
2.132914516934599
2.150171699972876
2.16752309772038
2.1849679417955477
2.2025054194446905
2.2201346724592215
2.237854796079108
2.2556648378829074
2.2735637966646136
2.2915506212978927
2.309624209587921
2.3277834071115264
2.3460270060459076
2.364353743986675
2.3827623027556206
2.4012513071990553
2.4198193239771846
2.4384648603453862
2.4571863629281037
2.4759822164862073
2.4948507426786963
2.513790198819665
2.532798776631488
2.551874600995415
2.571015728700429
2.590220147191815
2.6094857733204804
2.6288104520943394
2.648191955433289
2.6676279809289944
2.6871161506110837
2.706654009721391
2.7262390254977755
2.7458685859693355
2.765539998764739
2.7852504899356814
2.804997202797262
2.824777196787436
2.8445874463476875
2.864424839827008
2.884286178411623
2.904168175082701
2.924067453604702
2.9439805475466567
2.9639038993393116
2.983833859370627
3.003766685122608
3.0236985403522594
3.043625494319776
3.0635435210669475
3.0834484987489876
3.103336209023073
3.123202336496886
3.1430424682405818
3.1628520933657365
3.1826266026747856
3.202361288384655
3.2220513439283422
3.241691863838115
3.2612778437143897
3.280804180284043
3.300265671552252
3.319657017051772
3.338972818193949
3.3582075787253074
3.3773557052940912
3.3964115081308455
3.4153692018472235
3.434222906357242
3.4529666479252414
3.4715943603446386
3.4900998862517856
3.5084769785789582
3.5267193021506817
3.5448204354274027
3.5627738724004834
3.5805730246425065
3.5982112235166146
3.6156817225486355
3.6329776999656485
3.6500922614043274
3.667018442792455
3.6837492134066876
3.7002774791095323
3.7165960857682667
3.7326978228582943
3.7485754272532446
3.76422158720375
3.7796289465067328
3.794790108866476
3.809697642448733
3.8243440846285104
3.8387219469319924
3.8528237201725863
3.8666418797807074
3.8801688913265187
3.89339721623431
3.906319317686881
3.918927666717679
3.9312147484880153
3.943173068746175
3.9547951604646445
3.966073590651226
3.9770009673291375
3.987569946680724
3.9977732403487805
4.007603622888857
4.0170539393653755
4.026117113083764
4.034786153450159
4.043054163949698
4.050914350233702
4.058360028305581
4.065384632794531
4.071981725305659
4.078145002834481
4.08386830623321
4.089145628715759
4.093971124387735
4.098339116787373
4.102244107422731
4.105680784290151
4.1086440303585325
4.111128932003622
4.113130787376222
4.114645114687951
4.115667660397951
4.116194407283801
4.1162215823797945
4.115745664765687
4.114763393188999
4.113271773504114
4.111268085911525
4.108749891980772
4.105715041440953
4.102161678723029
4.098088249238537
4.093493505379902
4.0883765122280185
4.082736652953472
4.076573633898452
4.069887489327157
4.062678585833346
4.054947626394531
4.046695654063281
4.03792405528699
4.0286345628486115
4.018829258421707
4.008510574734386
3.99768129733766
3.986344565974848
3.9745038755497117
3.962163076692018
3.9493263759202555
3.9359983354021253
3.9221838723143736
3.907888257804303
3.8931171155560547
3.8778764199653546
3.8621724939269764
3.846012006239467
3.829401968632049
3.812349732418567
3.7948629847834034
3.7769497447039075
3.7586183585135657
3.7398774951094462
3.7207361408066353
3.701203593841404
3.6812894585235987
3.661003639037311
3.64035633288734
3.619358023987135
3.5980194753819292
3.576351721598768
3.554366060612793
3.5320740454169104
3.509487475179502
3.4866183859725015
3.4634790410496836
3.4400819206526645
3.4164397113199727
3.392565294672419
3.3684717356462177
3.344172270143869
3.3196802920716912
3.295009339732254
3.2701730815399723
3.245185301028612
3.22005988112084
3.1948107876319773
3.1694520519831824
3.143997753103202
3.1184619985028004
3.0928589045120995
3.0672025756782118
3.0415070833288937
3.0157864433175083
2.9900545929752034
2.9643253673079393
2.938612474488858
2.9129294707101137
2.887289734472789
2.8617064404085886
2.8361925327424773
2.8107606985209936
2.785423340746352
2.7601925515714263
2.7350800857247037
2.710097334347081
2.685255299433587
2.660564569082111
2.636035293757785
2.6116771637853753
2.5874993882823336
2.563510675741951
2.539719216468793
2.516132667057354
2.492758137089214
2.469602178204082
2.4466707756761203
2.4239693425988187
2.401502716750026
2.3792751601740414
2.357290361480351
2.335551440819656
2.314060957458158
2.292820919831447
2.2718327979211144
2.2510975377614253
2.2306155778510557
2.2103868672173914
2.1904108848590407
2.17068666027714
2.1512127947983535
2.131987483392902
2.113008536699823
2.0942734029889696
2.075779189814825
2.0575226851506696
2.03950037783188
2.0217084771833576
2.0041429317568027
1.986799447157124
1.969673502992091
1.9527603690333841
1.9360551207287255
1.9195526542516181
1.9032477013157465
1.8871348440134674
1.8712085299604544
1.8554630880401217
1.8398927450409461
1.824491643466166
1.8092538607682211
1.7941734302194576
1.779244363575994
1.7644606756239913
1.7498164106175105
1.7353056705263161
1.7209226449121116
1.7066616421454266
1.6925171215660542
1.6784837260813688
1.6645563145940738
1.6507299935595154
1.6370001468987863
1.6233624634445256
1.6098129610784717
1.5963480067404008
1.582964331553372
1.5696590404249722
1.556429615651567
1.5432739142722973
1.5301901591883302
1.51717692437296
1.5042331148369132
1.4913579423632675
1.4785508983653664
1.46581172552239
1.453140390081369
1.4405370568507831
1.4280020689200892
1.4155359339968232
1.4031393189410044
1.3908130535895145
1.3785581443090076
1.3663757969193608
1.3542674477329384
1.342234800516764
1.3302798662782322
1.3184050019826052
1.3066129437170213
1.2949068295005237
1.2832902069674248
1.2717670215637107
1.2603415817045462
1.2490184985214694
1.237802599320635
1.2266988155848324
1.2157120481615982
1.2048470140506131
1.1941080807950013
1.1834990957628888
1.1730232184712703
1.162682764482193
1.152479069262297
1.142412379755189
1.1324817803261908
1.122685158284991
1.1130192124735485
1.1034795065239837
1.094060566428602
1.0847560200816408
1.0755587744846522
1.06646122437461
1.0574554841623174
1.0485336333185669
1.0396879638367222
1.0309112173271926
1.0221967989214569
1.0135389557673842
1.0049329097269344
0.9963749370508207
0.9878623921845426
0.9793936780479803
0.9709681704210005
0.9625861085340692
0.9542484666217186
0.9459568212399503
0.9377132262017687
0.9295201013223757
0.9213801338079801
0.9132961837527243
0.905271179877323
0.8973079902899125
0.8894092569314387
0.8815771915459918
0.8738133440737738
0.8661183684995597
0.8584918227453301
0.8509320445415507
0.8434361417623527
0.8360001227760455
0.8286191715453852
0.8212880471941147
0.8140015635379642
0.8067550858986179
0.7995449747639032
0.7923689111842902
0.7852260575528794
0.7781170373190158
0.7710437532518216
0.7640090987644024
0.7570166418786024
0.7500703685733049
0.7431745565314243
0.7363338121977403
0.7295532508302237
0.7228387440439282
0.7161971182805876
0.7096361751203069
0.7031644284586028
0.6967905126108158
0.6905222970177921
0.6843658266617121
0.678324268822952
0.6723970671654574
0.6665794757829294
0.660862576720961
0.6552337957681258
0.649677848862886
0.6441779947846261
0.6387174443064566
0.6332807737831235
0.6278552002324115
0.6224315908451714
0.6170051103807866
0.611575467500615
0.6061468052219225
0.6007273628162734
0.5953290632683673
0.5899671026959559
0.5846594354708088
0.5794258403104006
0.5742861614592214
0.5692574799263842
0.5643504103374052
0.5595652990298967
0.5548895431845722
0.5502972786968895
0.5457521729056789
0.5412131354156109
0.5366417656738797
0.5320096834408966
0.5273038058924826
0.52252818509855
0.5177020290925666
0.5128546795274569
0.508019215639826
0.5032266261657058
0.49850196141045966
0.4938627603581112
0.4893189568182351
0.4848730921858798
0.4805202490396336
0.4762482017624688
0.47203894877462593
0.46787238505624223
0.4637315521830634
0.4596076025317396
0.45550235503559877
0.45142736788677396
0.44740006165769897
0.44343848442339195
0.43955637329805375
0.4357597698597795
0.432046228488225
0.4284072829147248
0.4248333442731941
0.4213178124189213
0.41785626172428614
0.41443958225514566
0.4110458368154273
0.4076390532597147
0.40417942343162433
0.4006400554399439
0.3970186518496292
0.39333546717034895
0.3896199478473641
0.3858974604836348
0.38218574861426
0.378500271985347
0.37485928660921414
0.37128146909370485
0.3677779841069132
0.36434719815314826
0.36097793805627687
0.3576596554970732
0.3543926138579738
0.35119190773720166
0.3480832427399076
0.34509182371144076
0.3422277775664206
0.3394740835321072
0.3367845696812691
0.3340952796369434
0.3313433127472278
0.328483418432006
0.3254993645511687
0.3224125913594138
0.3192840814725494
0.31619902610600104
0.3132346509838073
0.3104293546009527
0.3077725515241085
0.30521764057945255
0.3027048867857068
0.30018086967434754
0.2976107884345948
0.29498330263721617
0.29230432931969325
0.2895834580452962
0.2868302674480822
0.2840674067197387
0.2813378946105461
0.2786868592593096
0.27613615378315803
0.2736801091283404
0.2712997271053622
0.26897582510962714
0.26668954512320225
0.264410176610927
0.2620926765811308
0.25970906929918264
0.25728488673646954
0.25488673455782107
0.25256887630552693
0.250337431323083
0.24815834734071107
0.2459856137597773
0.24378362332893527
0.24153982694153128
0.23927449513266158
0.2370388198127417
0.2348783074295078
0.232788027282342
0.23072702812771834
0.2286776293357997
0.22665953446656442
0.22469275573907987
0.22278749742630982
0.2209438136174616
0.21911411957751603
0.21721982611580418
0.21523279049798383
0.2131824174038504
0.21112636745710506
0.20915522911963352
0.20733413421423866
0.20564423055737127
0.20404086451538203
0.20248142834925473
0.20086837623020934
0.19908970690449093
0.19713423351445375
0.19510942484559984
0.19313170806935434
0.19127730597312823
0.18961079968721753
0.18807251126790214
0.18647401155766996
0.18474260404566697
0.1829800520256443
0.1813141698942541
0.17980125770335315
0.1784064870441601
0.17701798542318448
0.17551204777920584
0.17393409972733118
0.17239461009216983
0.17080726251453848
0.16908452934491014
0.16735028181495679
0.1658021658157292
0.16448223799089637
0.1632084529722198
0.1617815514653043
0.16021758125081914
0.1586810603789558
0.15731796999164352
0.1561282881341284
0.15494634985689912
0.1536224093923527
0.15218304653607398
0.15078176998170464
0.14939504418522062
0.14792827892546265
0.14656538237779856
0.14546427738311737
0.14451409536735857
0.14332854979308274
0.14172837116326062
0.1400357758483125
0.1385147829167876
0.1372016588134928
0.1360414731027341
0.13505437325622885
0.13415575904974056
0.13310138177187114
0.13183954161776934
0.1304185907786475
0.1289822892439983
0.1277704001165358
0.12681869189936104
0.12584466150904974
0.12472518138530389
0.123580369223688
0.1225293193921766
0.12151641195966288
0.12032635862236893
0.11926061026111522
0.11848811063076174
0.11737174823946782
0.11575374962140107
0.11452309992621983
0.11381548788932076
0.11298538797234768
0.11195412539788457
0.11098914654768142
0.11004388098863124
0.10898435540373662
0.10800274064968075
0.10719754976601836
0.1063202070858398
0.10537366712458107
0.10442066278777545
0.10350472082130707
0.10261734100276457
0.10151307451253003
0.10027793570749528
0.09952867415891575
0.09904224556341748
0.09801588563211909
0.09706199536328716
