0.044744737200197435
0.04515914586804358
0.04557739214913368
0.04599951156863765
0.046425539978809285
0.046855513564156195
0.04728946884426166
0.04772744267570704
0.04816947225559815
0.04861559512558221
0.04906584917386265
0.049520272638837834
0.04997890411327627
0.05044178254517908
0.05090894724393881
0.051380437881062516
0.051856294496192376
0.05233655749757584
0.05282126766723553
0.05331046616514072
0.053804194530191016
0.05430249468593953
0.05480540894274376
0.055312980002570414
0.05582525096155137
0.05634226531392521
0.056864066956262053
0.057390700189284986
0.05792220972467808
0.058458640685921805
0.05900003861386888
0.059546449469516864
0.06009791963874454
0.060654495935704066
0.06121622560699317
0.061783156334717655
0.0623553362422989
0.0629328138971296
0.06351563831474075
0.06410385896310557
0.06469752576752073
0.0652966891131878
0.06590139985102618
0.06651170930121232
0.06712766925715186
0.06774933199063586
0.06837675025573729
0.06900997729321191
0.0696490668350992
0.07029407310901407
0.07094505084288767
0.07160205526952926
0.0722651421310845
0.07293436768411249
0.07360978870357747
0.07429146248802286
0.07497944686453331
0.07567380019345074
0.0763745813726028
0.07708184984370715
0.07779566559494114
0.07851608916887984
0.07924318166548165
0.07997700474674514
0.08071762064485107
0.08146509216346583
0.08221948268583248
0.08298085617853604
0.08374927719761546
0.08452481089381332
0.08530752301686861
0.08609747992347691
0.0868947485792994
0.08769939656830246
0.08851149209534939
0.0893311039932681
0.09015830172832584
0.09099315540616312
0.09183573577706036
0.09268611424232252
0.0935443628596981
0.0944105543496854
0.09528476210177636
0.09616706018000203
0.09705752332866399
0.09795622698020684
0.09886324725932545
0.09977866099041273
0.1007025457037328
0.10163497964166458
0.1025760417654903
0.10352581176116929
0.10448437004645436
0.10545179777739125
0.10642817685491877
0.10741358993112618
0.10840812041717493
0.10941185248885942
0.11042487109399027
0.1114472619600592
0.11247911159955395
0.11352050731867058
0.11457153722358801
0.11563229022789084
0.11670285605936045
0.11778332526812456
0.11887378923333133
0.11997434017055081
0.12108507113971695
0.12220607605226431
0.12333744967891419
0.12447928765722505
0.12563168649941395
0.12679474360022608
0.12796855724421033
0.12915322661488138
0.13034885180105515
0.13155553380637447
0.13277337455623334
0.13400247690698527
0.1352429446535626
0.13649488253773437
0.13775839625693526
0.1390335924719992
0.14032057881643986
0.1416194639047371
0.1429303573404362
0.14425336972568933
0.1455886126697112
0.14693619879704503
0.14829624175764863
0.1496688562348757
0.15105415795465332
0.15245226369506035
0.15386329129525506
0.15528735966467042
0.15672458879226078
0.15817509975615016
0.15963901473271352
0.16111645700685048
0.16260755098048998
0.16411242218330727
0.1656311972818127
0.16716400408937862
0.16871097157614573
0.17027222987899268
0.17184791031150354
0.17343814537401042
0.1750430687639622
0.17666281538585996
0.17829752136183435
0.1799473240420537
0.18161236201490377
0.1832927751177521
0.1849887044475016
0.18670029237091895
0.18842768253627912
0.19017101988282664
0.19193045065304243
0.19370612240253804
0.1954981840115507
0.19730678569612697
0.1991320790190515
0.20097421690100775
0.20283335363226432
0.20470964488352544
0.2066032477176796
0.20851432060153943
0.21044302341676702
0.21238951747211243
0.21435396551475253
0.21633653174230877
0.21833738181445841
0.22035668286500512
0.22239460351381887
0.22445131387886952
0.22652698558807288
0.22862179179193567
0.2307359071754329
0.23286950797032152
0.2350227719673176
0.2371958785291428
0.23938900860214948
0.24160234472956135
0.24383607106321692
0.2460903733770856
0.24836543907935582
0.2506614572253186
0.25297861853034187
0.25531711538228175
0.25767714185475504
0.2600588937199358
0.26246256846129173
0.2648883652870431
0.26733648514286
0.2698071307249831
0.2723005064936984
0.27481681868585733
0.2773562753287984
0.2799190862531531
0.28250546310609803
0.28511561936471996
0.28774977034951293
0.2904081332374758
0.29309092707545037
0.2957983727937285
0.2985306932191285
0.30128811308871817
0.30407085906300174
0.306879159739205
0.3097132456652206
0.31257334935236486
0.3154597052891825
0.31837254995488273
0.32131212183234226
0.3242786614219418
0.3272724112545422
0.3302936159050318
0.3333425220057414
0.3364193782590804
0.3395244354516095
0.3426579464667229
0.3458201662978307
0.34901135206147615
0.3522317630105112
0.3554816605468401
0.3587613082344925
0.3620709718122317
0.36541091920664054
0.36878142054439483
0.3721827481650457
0.3756151766335066
0.37907898275234786
0.38257444557395653
0.38610184641271217
0.3896614688571291
0.3932535987815595
0.39687852435793103
0.40053653606732464
0.4042279267113883
0.40795299142361274
0.4117120276802248
0.41550533531132894
0.4193332165112838
0.42319597584940344
0.4270939202800707
0.4310273591527607
0.4349966042219608
0.43900196965640476
0.4430437720487696
0.4471223304242469
0.4512379662495575
0.4553910034412143
0.4595817683736806
0.46381058988711493
0.4680777992948065
0.4723837303903212
0.4767287194542331
0.4811131052603453
0.4855372290817086
0.4900014346961699
0.4945060683915608
0.4990514789700504
0.5036380177527018
0.5082660385828768
0.5129358978297345
0.5176479543906711
0.5224025696935797
0.5272001076984487
0.5320409348984249
0.5369254203201709
0.541853935523624
0.5468268546011881
0.5518445541763571
0.556907413401278
0.5620158139539979
0.5671701400347979
0.5723707783616777
0.5776181181652197
0.5829125511826407
0.5882544716506961
0.5936442762982458
0.5990823643372647
0.6045691374535821
0.6101049997960801
0.6156903579653078
0.6213256210009306
0.6270112003678846
0.6327475099419709
0.6385349659937031
0.6443739871715403
0.6502649944834086
0.656208411277452
0.6622046632211762
0.6682541782793472
0.6743573866906365
0.6805147209427644
0.6867266157461359
0.6929935080061789
0.6993158367939866
0.705694043315327
0.7121285708782632
0.7186198648588831
0.7251683726653179
0.7317745436999915
0.7384388293202176
0.7451616827965253
0.7519435592694986
0.7587849157041776
0.765686210842736
0.7726479051548116
0.7796704607858798
0.7867543415030865
0.7939000126390793
0.8011079410332473
0.8083785949707086
0.8157124441185455
0.8231099594597122
0.8305716132241502
0.8380978788172109
0.8456892307452935
0.853346144538585
0.8610690966708888
0.8688585644763459
0.8767150260631282
0.8846389602238983
0.8926308463428946
0.9006911642998466
0.9088203943702012
0.9170190171218989
0.9252875133086514
0.9336263637590931
0.9420360492625289
0.9505170504504038
0.9590698476739973
0.9676949208776611
0.9763927494681952
0.9851638121795007
0.9940085869330398
1.0029275506934991
1.0119211793199454
1.0209899474120627
1.0301343281514501
1.0393547931380351
1.0486518122210193
1.058025853324812
1.0674773822694616
1.0770068625853855
1.086614755322705
1.0963015188544096
1.1060676086739134
1.1159134771862589
1.125839573493298
1.1358463431722885
1.1459342280481986
1.1561036659591029
1.166355090515067
1.1766889308497268
1.1871056113650915
1.1976055514687702
1.2081891653039902
1.2188568614720072
1.2296090427465791
1.240446105780844
1.2513684408058159
1.2623764313208665
1.2734704537757429
1.2846508772439442
1.2959180630874234
1.3072723646124276
1.3187141267161087
1.3302436855240687
1.3418613680182592
1.353567491655465
1.3653623639759251
1.3772462822020053
1.3892195328266828
1.4012823911918504
1.413435121056043
1.4256779741514842
1.4380111897303893
1.4504349941001824
1.4629496001475342
1.4755552068511042
1.4882519987826537
1.501040145596571
1.5139198015074318
1.5268911047555873
1.5399541770605765
1.5531091230621124
1.5663560297486325
1.5796949658731407
1.5931259813562677
1.6066491066763942
1.6202643522466051
1.6339717077785456
1.6477711416328096
1.66166260015594
1.6756460070037897
1.6897212624512354
1.7038882426880912
1.7181467991011115
1.732496757542145
1.7469379175821118
1.7614700517510447
1.7760929047639133
1.7908061927323045
1.8056096023620039
1.820502790136184
1.8354853814846461
1.8505569699387487
1.86571711627224
1.8809653476281019
1.8963011566312549
1.9117240004875422
1.9272333000687623
1.9428284389841828
1.9585087626385176
1.9742735772765763
1.9901221490148304
2.0060537028601444
2.022067421715825
2.0381624453754412
2.054337869504574
2.070592744610927
2.086926075003177
2.103336817738993
2.1198238815625907
2.1363861258324217
2.153022359439421
2.1697313397165043
2.1865117713397235
2.2033623052219977
2.2202815373998113
2.2372680079139022
2.2543201996845244
2.271436537382207
2.2886153862948646
2.3058550511922995
2.323153775188866
2.3405097386056326
2.3579210578328635
2.375385784194273
2.392901902813964
2.4104673314876686
2.4280799195593388
2.4457374468047424
2.46343762232343
2.481178083440613
2.4989563946206697
2.516770046393891
2.534616454298256
2.5524929578381426
2.5703968194617457
2.5883252235593837
2.6062752754845984
2.624244000600323
2.6422283433522495
2.660225166371806
2.6782312496110263
2.696243289511846
2.7142578982124186
2.7322716027929563
2.7502808445639184
2.7682819783993313
2.7862712721180483
2.804244905915969
2.8221989718521936
2.840129473392305
2.8580323250118425
2.8759033518633292
2.8937382895101176
2.9115327837304537
2.9292823903952754
2.9469825754231627
2.9646287148161234
2.9822160947797944
2.999739911931742
3.017195273601626
3.034577198226931
3.05188061584815
3.0691003687071854
3.0862312119528226
3.103267814457178
3.120204759746961
3.137036547053394
3.153757592484679
3.1703622303248364
3.1868447144626804
3.2031992199547203
3.2194198447256746
3.235500611410241
3.251435469339658
3.2672182966765595
3.282842902701451
3.2983030302540715
3.313592358332721
3.3287045048545845
3.3436330295797303
3.3583714372015234
3.372913180605798
3.387251664300997
3.401380248021292
3.415292250504356
3.4289809534452944
3.4424396056278543
3.4556614272338284
3.468639614331142
3.481367343540893
3.4938377768831006
3.506044066800701
3.517979361360824
3.529636809631988
3.541009567235449
3.5520908020684794
3.5628737001968487
3.5733514719133654
3.5835173579587525
3.593364635900727
3.602886626666524
3.61207670122365
3.62092828740306
3.629434876858404
3.6375900321544714
3.6453873939773285
3.6528206884581267
3.6598837346019613
3.666570451812616
3.6728748675034466
3.6787911247840914
3.6843134902121863
3.68943636159865
3.6941542758546744
3.698461916867982
3.7023541233954296
3.7058258969586153
3.7088724097286754
3.7114890123860618
3.713671241940708
3.7154148294976905
3.716715707953127
3.717570019604871
3.7179741236622927
3.7179246036393114
3.717418274614701
3.716452190343649
3.7150236502045297
3.713130205964922
3.7107696683509674
3.707940113404381
3.704639888611617
3.7008676187899874
3.696622211715875
3.691902863480591
3.6867090635598827
3.681040599583603
3.674897561792651
3.668280347170885
3.6611896632403917
3.6536265315091905
3.6455922905612326
3.6370885987792785
3.6281174366920963
3.6186811089382265
3.608782245839386
3.5984238045774473
3.5876090699697647
3.5763416548384472
3.5646254999699805
3.5524648736624123
3.539864370858035
3.5268289118602185
3.513363740633696
3.4994744226882215
3.4851668425459863
3.470447200793725
3.4553220107207316
3.4397980945443862
3.4238825792249203
3.407582891871363
3.3909067547406004
3.3738621798314403
3.356457463075491
3.338701178126456
3.3206021697491575
3.3021695468093624
3.283412674865078
3.264341168359604
3.244964882416292
3.2252939042345155
3.205338544086043
3.185109325910655
3.1646169775096693
3.1438724203358324
3.1228867588780145
3.1016712696393043
3.080237389707307
3.0585967049159044
3.036760937598434
3.0147419339330512
2.992551650882116
2.9702021427288376
2.9477055472158704
2.9250740712924297
2.902319976478428
2.879455563856453
2.8564931587047715
2.8334450947871233
2.8103236983178945
2.787141271623979
2.7639100765275924
2.740642317477229
2.717350124456801
2.6940455357057878
2.6707404802859847
2.6474467605328655
2.624176034431945
2.6009397979625515
2.5777493674533014
2.5546158619950425
2.531550185958325
2.5085630116635276
2.485664762252506
2.4628655948112734
2.4401753837937896
2.4176037047973673
2.395159818740748
2.37285265649666
2.3506908040315393
2.328682488106474
2.3068355625951042
2.285157495476531
2.2636553565640742
2.242335806034046
2.2212050838226878
2.200268999963691
2.1795329259433043
2.159001787154763
2.1386800565381163
2.118571749495323
2.0986804201732956
2.079009159208674
2.0595605930272485
2.04033688478739
2.0213397370500283
2.0025703962471897
1.9840296590063276
1.9657178803684416
1.9476349839139406
1.9297804737815558
1.912153448532637
1.8947526167763584
1.877576314431719
1.8606225234610998
1.8438888918688807
1.8273727547193828
1.8110711558932762
1.7949808702728427
1.7790984260267348
1.7634201266563418
1.7479420724709478
1.7326601811791638
1.7175702073210668
1.7026677603195848
1.6879483210004818
1.6734072565165017
1.6590398337102987
1.6448412310589116
1.6308065494549622
1.6169308221906353
1.6032090246130337
1.5896360840066228
1.5762068903226933
1.5629163084101227
1.5497591923997438
1.5367304028514024
1.5238248271850363
1.511037403783701
1.498363149979092
1.485797193913173
1.4733348100203505
1.4609714576036779
1.448702821698855
1.4365248551465246
1.4244338205437195
1.4124263305370013
1.4004993847709448
1.388650401732805
1.376877243752216
1.365178233534945
1.3535521608385275
1.3419982782361932
1.3305162853578447
1.3191063015293123
1.3077688273318975
1.2965046962429825
1.2853150181569204
1.2742011171786467
1.2631644665807846
1.2522066241674505
1.2413291714458985
1.2305336599296328
1.2198215675556532
1.2091942675842908
1.1986530114763803
1.1881989261495205
1.1778330247708884
1.167556228942843
1.157369398894549
1.1472733672356026
1.137268971084586
1.1273570770715442
1.117538593915673
1.1078144680430044
1.098185659025513
1.088653093424985
1.0792175977837435
1.0698798138375336
1.06064010131022
1.0514984356411805
1.0424543094540633
1.0335066472909895
1.024653742959022
1.0158932276984347
1.0072220753169507
0.998636647579371
0.9901327797372721
0.9817059024504466
0.9733511928630506
0.96506374463611
0.9568387446530761
0.9486716431781367
0.9405583046171939
0.9324951277331202
0.9244791270819624
0.9165079713119637
0.9085799784340999
0.900694072776158
0.8928497125653894
0.8850468004301612
0.8772855910881383
0.8695666107100649
0.8618906006840208
0.8542584947495868
0.8466714330014521
0.8391308096674959
0.8316383447328397
0.8241961635059994
0.8168068642570961
0.8094735530856367
0.8021998277668078
0.7949896984211046
0.7878474416557346
0.7807773948711969
0.7737837068529282
0.7668700677714964
0.7600394450533656
0.7532938509639662
0.74663416390658
0.7400600198531222
0.7335697845512824
0.7271606121506708
0.7208285915649019
0.7145689772086999
0.7083764944530855
0.7022457017041018
0.6961713813763006
0.6901489235785189
0.6841746619172682
0.6782461223301783
0.6723621530208536
0.6665229139367235
0.6607297146023379
0.6549846977641249
0.6492903747536944
0.6436490314147609
0.6380620460378073
0.6325291943117437
0.6270480544229393
0.6216136533761574
0.6162184946400718
0.6108530630798039
0.6055068152058856
0.6001695488159243
0.59483293884464
0.589491961659276
0.5841459323591653
0.5787989504758382
0.5734596672811596
0.5681404181948748
0.5628558741230689
0.5576214367461482
0.5524516302280446
0.5473587285553597
0.5423518062805537
0.537436311846364
0.5326141445252037
0.5278840933121272
0.5232424126079929
0.5186833108817953
0.5141992311782245
0.5097809679423883
0.5054178053341455
0.5010978877739052
0.49680891727173854
0.49253908589812717
0.48827802804788767
0.4840176104057818
0.4797525365152504
0.47548087725070376
0.4712045970490177
0.46692992230943103
0.462667174764407
0.4584297137848695
0.45423199150615295
0.45008724249399124
0.44600564628754263
0.44199364542540165
0.4380545147875352
0.4341896048657793
0.43039933315649165
0.42668318289302515
0.4230385835680468
0.41945925945780543
0.4159340545880753
0.41244712724884114
0.4089797959353791
0.4055135630677831
0.40203339922650383
0.3985304529209543
0.3950037440116659
0.3914606707148426
0.387916117219418
0.3843898598882203
0.3809022749721187
0.37746914915577795
0.3740972584627927
0.3707826471290703
0.3675127511714176
0.3642717627345443
0.36104674974050305
0.35783140883602055
0.35462590103245034
0.3514342067988249
0.3482622179091674
0.3451182347631384
0.34201388480692735
0.33896178558728096
0.3359690455663449
0.33303051932042144
0.3301275283897955
0.327234277289639
0.3243284743745991
0.3213998540172002
0.3184524489549841
0.3155008412401179
0.31256326912273136
0.30965475738123044
0.3067834039399654
0.3039524252125293
0.3011668366272952
0.2984380196984651
0.2957790539407264
0.2931918477763221
0.29065614705198634
0.28813101335197416
0.28557141615592074
0.28295230560602774
0.2802856353038398
0.27761827736876693
0.27501173578251104
0.2725170957628437
0.27015907754156276
0.2679336997909148
0.2658142369375026
0.2637566909729362
0.26170370212933497
0.2595970211869656
0.25740229047648516
0.255127646104906
0.2528148188764228
0.25050950451473697
0.2482383579365396
0.24600648945722373
0.24380538864416715
0.2416189005965543
0.23942939949716066
0.23722685107392955
0.23501190423843243
0.2327918221524717
0.2305813632148176
0.22841005959617935
0.22632224060077702
0.2243584123559368
0.22252485847305925
0.22077577090247688
0.21902566078765187
0.2171906637770857
0.21523507336054112
0.21318788354913967
0.2111216627623572
0.20911033188042996
0.20718604447805425
0.20533444175339416
0.2035351072831561
0.20178700362041022
0.20009363387213705
0.1984511636853912
0.19684900173752384
0.1952532430699408
0.19361382383834005
0.19190617322831208
0.19013548502920954
0.18833356801299186
0.186564153685206
0.18486491300994418
0.18320600959646863
0.18154954442912596
0.1798881408160372
0.17824844519112176
0.176702049964894
0.17529298949674532
0.17396286550297477
0.17260231779666335
0.17114296058055029
0.16958799573199568
0.16797596639127022
0.16632454270641853
0.16467620929702365
0.1631108659371134
0.16162662330598263
0.16016506930731278
0.1587227506326117
0.1572919173598374
0.15582113387744687
0.1543090526210337
0.15284034188946277
0.15149984530289734
0.15026560425970664
0.14903633011029008
0.14777845317285573
0.14653242165487715
0.14525781351762415
0.14391194491752368
0.14262774840502626
0.14146003576900612
0.14028660782470967
0.13902617756911334
0.1376543191765138
0.1362568133551943
0.1349656851424838
0.13383746613680833
0.13276436800618366
0.1316301978482659
0.1304740215774747
0.12938507768237625
0.12836934997025093
0.12728385250537147
0.12610074702132018
0.12492663259521934
0.12370291917850296
0.12247271602236105
0.12137234384109835
0.12038317456566312
0.11938976143054755
0.11831515315868492
0.11715461576646415
0.11605374392374106
0.11516958354147867
0.11432628482422062
0.11329694226653206
0.11217404381520138
0.11110877585437465
0.11016305640888456
0.10926824482459345
0.1083926332042645
0.10758624457477432
0.10663101192964126
0.10544551735382371
0.1044054167293072
0.10360937579416693
0.10273024229521485
0.10165414947537596
0.10060819997213419
0.09981238413928888
0.09907226098044865
0.09821155990813672
0.09740301419531665
0.09644840554610112
0.09539528646596822
0.09458391296968173
0.09386085912360742
0.09292050394987547
0.09197483667938201
0.09107502140853546
0.09025813466014884
0.08967610237333568
0.08894330351991171
0.08808847102494334
