0.07149911595139
0.07216131102724543
0.07282963826166856
0.07350415442005495
0.07418491679179745
0.07487198319064867
0.0755654119688737
0.07626526202045175
0.07697159278188655
0.07768446423645411
0.07840393692437904
0.07913007194213735
0.07986293096015155
0.08060257620660183
0.08134907049580076
0.08210247721054528
0.08286286033127967
0.0836302844232443
0.08440481465057408
0.08518651677414452
0.08597545717328653
0.08677170282963863
0.08757532134915667
0.08838638096233531
0.08920495052844271
0.09003109954431125
0.09086489814629395
0.09170641712002564
0.0925557279042645
0.09341290260041216
0.0942780139736844
0.09515113545921842
0.09603234117208428
0.09692170591420557
0.09781930517273708
0.0987252151344406
0.09963951269254735
0.10056227544499809
0.10149358170857427
0.10243351052540826
0.10338214165921103
0.10433955561772101
0.10530583364814287
0.10628105774927844
0.10726531067365647
0.10825867593958202
0.10926123783531969
0.11027308142701032
0.11129429256533604
0.11232495789150775
0.11336516484534682
0.1144150016780333
0.11547455744824862
0.11654392204061809
0.11762318616437006
0.1187124413690122
0.11981178004640268
0.12092129543649068
0.12204108164495545
0.1231712336412812
0.12431184726764861
0.1254630192550513
0.12662484722181852
0.12779742968310842
0.12898086606951809
0.13017525672096927
0.13138070290085746
0.13259730681100088
0.1338251715875049
0.1350644013203258
0.13631510105721492
0.1375773768080806
0.13885133556612392
0.14013708530299385
0.1414347349872008
0.14274439458730498
0.14406617508578604
0.1454001884827385
0.14674654781045432
0.14810536714284753
0.14947676159604106
0.15086084735097638
0.1522577416520948
0.15366756282400318
0.1550904302768857
0.15652646451749966
0.1579757871613663
0.15943852094000452
0.16091478971154818
0.16240471847060098
0.16390843336331853
0.16542606168747095
0.1669577319130983
0.16850357368775704
0.17006371784977253
0.17163829643438347
0.17322744269012968
0.17483129108743542
0.17644997732559944
0.17808363835187602
0.17973241236696758
0.18139643883916307
0.18307585850849828
0.1847708134098424
0.18648144687743104
0.18820790355470504
0.1899503294106791
0.19170887175097642
0.19348367922531814
0.1952749018460118
0.19708269099451517
0.19890719943802937
0.20074858133973755
0.20260699226647272
0.20448258921391277
0.2063755306059718
0.2082859763132384
0.21021408766557084
0.21216002746650364
0.21412396000239803
0.21610605105822708
0.2181064679298936
0.22012537943968022
0.2221629559451781
0.22421936935720072
0.22629479315228535
0.22838940238225794
0.23050337369655244
0.23263688534783825
0.2347901172109085
0.23696325079460737
0.2391564692574395
0.2413699574220625
0.24360390178805755
0.2458584905488244
0.24813391360266823
0.25043036257324913
0.2527480308184459
0.25508711345026497
0.25744780734639
0.25983031116859573
0.2622348253741645
0.2646615522367038
0.2671106958563063
0.2695824621777388
0.2720770590075893
0.2745946960275821
0.27713558481233536
0.27969993884430033
0.28228797353141866
0.2848999062220235
0.2875359562216673
0.2901963448102174
0.29288129526028095
0.2955910328478007
0.2983257848774815
0.30108578069249076
0.30387125169614504
0.3066824313670096
0.30951955527731134
0.3123828611090265
0.31527258867303476
0.31818897992596296
0.3211322789872001
0.3241027321590099
0.3271005879414304
0.33012609705316104
0.33317951244913613
0.33626108933652477
0.33937108519690595
0.34250975980071907
0.34567737522950753
0.3488741958917174
0.35210048854407067
0.35535652230801895
0.35864256869043054
0.36195890160115524
0.365305797375297
0.36868353478817784
0.37209239507656733
0.37553266196096535
0.3790046216594003
0.38250856291163027
0.3860447769981681
0.3896135577570254
0.39321520160818774
0.39685000756923666
0.40051827727812556
0.4042203150125912
0.40795642770906476
0.41172692498509533
0.4155321191575221
0.4193723252635519
0.42324786108255036
0.4271590471535513
0.43110620679860034
0.4350896661421815
0.43910975413067926
0.4431668025551625
0.44726114607061174
0.4513931222168094
0.45556307143946373
0.4597713371110387
0.46401826555082293
0.46830420604645423
0.4726295108739827
0.4769945353201539
0.481399637700563
0.4858451793846815
0.4903315248117552
0.4948590415149662
0.49942810014119166
0.5040390744721401
0.5086923414439246
0.5133882811693012
0.5181272769570492
0.5229097153333754
0.5277359860620375
0.532606482164513
0.537521599941594
0.5424817389920135
0.547487302233898
0.5525386959243823
0.5576363296798388
0.5627806164954888
0.5679719727656014
0.5732108183023605
0.5784975763561457
0.5838326736343084
0.5892165403211178
0.5946496100956319
0.6001323201509956
0.6056651112137057
0.6112484275606943
0.6168827170384
0.6225684310809821
0.6283060247261602
0.6340959566355818
0.6399386891088462
0.6458346881024095
0.6517844232458632
0.657788367856508
0.6638469989580815
0.6699607972931013
0.6761302473402212
0.6823558373283436
0.68863805925091
0.6949774088793063
0.7013743857770981
0.7078294933127732
0.7143432386722952
0.7209161328704667
0.727548690763516
0.7342414310591422
0.7409948763276633
0.7478095530100346
0.7546859914298094
0.7616247257989678
0.7686262942274089
0.7756912387287922
0.7828201052285619
0.7900134435678087
0.7972718075097472
0.8045957547421673
0.8119858468826295
0.8194426494783977
0.8269667320104539
0.8345586678918586
0.8422190344684393
0.8499484130172869
0.8577473887436357
0.8656165507784169
0.8735564921716169
0.881567809889136
0.8896511048030119
0.8978069816852143
0.9060360491968859
0.9143389198781292
0.9227162101354488
0.9311685402279961
0.9396965342529084
0.9483008201284333
0.9569820295761263
0.965740798100274
0.9745777649673023
0.9834935731823855
0.9924888694642682
1.0015643042191111
1.0107205315118064
1.0199582090346375
1.0292779980760303
1.0386805634849239
1.048166573634577
1.0577367003837082
1.0673916190351487
1.0771320082922193
1.0869585502131676
1.0968719301628487
1.1068728367611438
1.1169619618304027
1.127140000338432
1.1374076503402852
1.1477656129153029
1.158214592103148
1.1687552948360473
1.1793884308669034
1.1901147126961835
1.2009348554937833
1.2118495770178979
1.2228595975315648
1.2339656397136942
1.2451684285681013
1.256468691327483
1.2678671573541478
1.279364558036911
1.2909616266829809
1.3026590984067774
1.3144577100128767
1.326358199876436
1.338361307816906
1.3504677749686758
1.3626783436459706
1.3749937572030588
1.3874147598889564
1.3999420966975642
1.4125765132120993
1.4253187554433155
1.438169569663111
1.4511297022316851
1.4641998994187817
1.4773809072186457
1.4906734711590865
1.5040783361038803
1.517596246048227
1.5312279439075824
1.5449741713003216
1.5588356683218436
1.5728131733120718
1.5869074226159534
1.601119150335041
1.6154490880727266
1.6298979646698553
1.644466505933054
1.6591554343545964
1.6739654688230459
1.6888973243255179
1.7039517116404093
1.719129337021477
1.73443090187205
1.7498571024090306
1.7654086293179332
1.7810861673972151
1.7968903951919992
1.8128219846174582
1.8288816005716844
1.845069900536472
1.861387534167759
1.8778351428739024
1.894413359382323
1.9111228072940418
1.9279641006256028
1.9449378433389626
1.9620446288581062
1.9792850395726223
1.9966596463277573
2.014169007901291
2.0318136704660152
2.049594167038197
2.06751101691176
2.0855647250775444
2.103755781627509
2.122084661143859
2.140551822072845
2.159157706081916
2.1779027374016513
2.1967873221510907
2.2158118476460027
2.234976681690912
2.2542821718534087
2.273728644721123
2.2933164051410433
2.31304573544108
2.3329168946326337
2.35293011759562
2.373085614243942
2.3933835686719838
2.4138241382825765
2.4344074528944573
2.455133613830646
2.476002692986408
2.4970147318774405
2.518169740667097
2.5394676971736097
2.5609085458556944
2.5824921967779653
2.604218524554585
2.626087367271775
2.6480985253887868
2.670251760617123
2.69254679477838
2.7149833086395785
2.737560940727183
2.760279286118649
2.783137895212071
2.8061362724737786
2.8292738751636977
2.8525501120384793
2.875964342033071
2.899515872919713
2.923203959945294
2.947027804446911
2.97098655244598
2.9950792932204777
3.01930505785622
3.0436628177774545
3.068151483255919
3.0927699019006814
3.1175168571270904
3.1423910666065966
3.167391180697354
3.1925157808563545
3.217763378033355
3.2431324110474957
3.2686212449470746
3.294228169353464
3.3199513967894356
3.3457890609934298
3.37173921522007
3.3977998305279513
3.4239687940565005
3.450243907291515
3.4766228843225218
3.503103350091007
3.529682838632989
3.556358791315632
3.583128555070399
3.6099893806240204
3.636938420728991
3.6639727283951573
3.6910892551244467
3.718284849150812
3.7455562536872162
3.7729001051817748
3.800312931585518
3.8277911506340594
3.8553310681455244
3.8829288763374783
3.910580652165568
3.938282355686506
3.9660298284484528
3.993818791911947
4.021644845904227
4.049503467110883
4.07739000760721
4.105299693434072
4.133227623220944
4.161168766860355
4.1891179642377585
4.217069924020548
4.245019222510779
4.272960302565574
4.300887472589978
4.328794905606308
4.356676638405662
4.384526570785113
4.412338464876538
4.440105944571687
4.467822495048956
4.495481462406523
4.523076053407965
4.550599335345486
4.578044236026157
4.605403543887198
4.63266990824599
4.65983583969011
4.686893710614263
4.713835755909026
4.740654073808168
4.767340626899996
4.793887243309374
4.82028561805579
4.846527314594177
4.872603766544119
4.898506279613614
4.924226033723335
4.949754085337291
4.975081370005724
5.000198705125945
5.025096792926721
5.049766223681647
5.0741974791568785
5.098380936298206
5.122306871162427
5.145965463097777
5.169346799177687
5.192440878891986
5.215237619099431
5.237726859245043
5.259898366845236
5.2817418432435
5.303246929638896
5.324403213389202
5.345200234589922
5.365627492930103
5.385674454825151
5.405330560826254
5.42458523330556
5.443427884415537
5.46184792432024
5.479834769695463
5.4973778524943695
5.514466628973837
5.531090588976601
5.547239265463123
5.562902244286264
5.578069174201318
5.592729777102683
5.606873858477996
5.620491318069231
5.633572160729842
5.646106507465702
5.658084606646963
5.6694968453769885
5.680333761003558
5.69058605275677
5.700244593497068
5.709300441556097
5.717744852652251
5.72556929186184
5.7327654456263115
5.739325233775016
5.745240821542343
5.750504631557809
5.7551093557864945
5.759047967397344
5.762313732536055
5.764900221979109
5.766801322645181
5.768011248939946
5.7685245539104075
5.768336140184615
5.767441270673033
5.765835579007845
5.763515079696886
5.760476177969411
5.756715679291252
5.752230798527849
5.7470191687341785
5.7410788495516325
5.734408335192828
5.727006561996446
5.718872915535408
5.710007237262938
5.700409830682462
5.690081467028783
5.679023390449389
5.667237322676394
5.654725467181236
5.64149051280576
5.627535636865163
5.612864507719742
5.597481286814025
5.581390630183539
5.564597689430832
5.547108112173858
5.528928041971121
5.510064117729109
5.490523472598661
5.470313732367633
5.449443013357992
5.427919919835829
5.4057535409430155
5.3829534471591485
5.35952968630217
5.335492779075362
5.3108537141676075
5.285623942912553
5.259815373510925
5.2334403648183265
5.206511719698922
5.179042677942965
5.151046908743533
5.122538502724968
5.093531963512508
5.064042198829182
5.0340845111028445
5.003674587562531
4.972828489799876
4.941562642767758
4.909893823184848
4.877839147311384
4.845416058058346
4.812642311389396
4.779535961972313
4.746115348034645
4.712399075376743
4.6784060004942125
4.644155212761656
4.609666015629845
4.574957906789775
4.540050557259016
4.504963789348982
4.469717553475506
4.434331903780344
4.398826972537077
4.363222943322256
4.327540022940599
4.291798412102434
4.256018274861846
4.22021970683522
4.184422702232016
4.148647119742745
4.112912647342714
4.077238766084613
4.041644712967807
4.0061494429874545
3.970771590481887
3.935529429912087
3.90044083622229
3.8655232449454417
3.8307936122313735
3.796268374988961
3.7619634113457163
3.727894001639247
3.694074790164686
3.6605197479100218
3.6272421365172796
3.5942544737117794
3.5615685004435345
3.529195149984833
3.4971445192254538
3.465425842402509
3.43404746749482
3.403016835502739
3.3723404628232396
3.3420239269170593
3.312071855449927
3.2824879190737932
3.25327482799648
3.224434332469659
3.195967227306013
3.1678733605165577
3.140151646139012
3.1128000813078813
3.085815767596268
3.0591949366387605
3.032932980023594
3.0070244834205444
2.9814632648882573
2.956242417280388
2.9313543546437524
2.9067908624726244
2.882543151651037
2.858601915878892
2.8349573923371003
2.8115994253018837
2.78851753236876
2.765700972892797
2.7431388181946206
2.720820023022612
2.698733497702872
2.676868180352418
2.6552131084809782
2.63375748926646
2.6124907677627087
2.5914026922897935
2.5704833762710892
2.5497233558211763
2.5291136424569314
2.5086457704025245
2.488311838086494
2.4681045435832245
2.448017213926052
2.428043828406929
2.4081790361663673
2.3884181685535486
2.368757246883834
2.3491929863218144
2.3297227966551537
2.310344780681672
2.291057730796421
2.271861124129574
2.2527551162493
2.233740533015199
2.2148188596667744
2.19599222568823
2.1772633834480173
2.158635678120946
2.1401130060228355
2.1216997582873796
2.1034007468560243
2.085221110092333
2.0671661960169216
2.0492414222118644
2.0314521128613348
2.0138033151420247
1.9962995991782335
1.9789448479194098
1.96174204543101
1.944693074029743
1.9277985322364173
1.9110575864518171
1.8944678693838484
1.8780254374032426
1.8617247970760857
1.845559008093795
1.8295198657781333
1.8135981614810535
1.797784013845734
1.7820672584716852
1.7664378785365946
1.7508864549054841
1.7354046117104882
1.7199854327204034
1.7046238252774195
1.6893168121676037
1.6740637372484952
1.658866377439524
1.6437289610008718
1.6286580989292003
1.6136626417846536
1.598753477440094
1.5839432854896764
1.5692462611714746
1.5546778159805967
1.5402542545774105
1.5259924195496022
1.5119092888515606
1.4980215072233911
1.4843448342894225
1.4708934995098963
1.4576794679905283
1.4447116404979965
1.4319950338020881
1.4195300104212
1.407311645871393
1.3953293321428626
1.3835667142419155
1.3720020393181234
1.3606089642350059
1.3493578192053548
1.3382172670653545
1.3271562374801436
1.316145962434615
1.305161903924461
1.2941853556825353
1.2832045235936087
1.2722149446577944
1.2612191864397282
1.2502258665391126
1.2392481290568254
1.2283017949631219
1.217403450077911
1.2065687375589955
1.1958110786615144
1.185140962390553
1.1745658362442453
1.164090517252733
1.1537179477921475
1.1434500645052486
1.1332885443461422
1.1232352419518965
1.1132922276170978
1.1034614540114385
1.093744193435876
1.0841404651156472
1.0746486890952665
1.0652657488629984
1.0559875272594041
1.0468098279243674
1.037729450669694
1.0287451004921941
1.0198578122110562
1.0110706768794606
1.0023878405473376
0.9938129587514974
0.9853474629603752
0.9769890658553436
0.9687308688812242
0.9605612530801421
0.952464495708621
0.9444218521812995
0.9364127613477452
0.9284159137542729
0.9204101392285267
0.9123753247140507
0.9042937324821827
0.8961520397012334
0.8879441291760476
0.8796742074745275
0.8713593903531816
0.8630306916385824
0.8547315358173029
0.8465134966834901
0.8384297790157245
0.8305277145333152
0.8228419311466005
0.8153896895115454
0.8081691907594221
0.8011606979756357
0.7943294823010313
0.7876292976899764
0.7810055120575979
0.7743980385208029
0.7677452962725428
0.7609908385034861
0.7540934170619248
0.7470391240203025
0.7398517425783965
0.7325960626084179
0.7253700063422571
0.7182851609305287
0.7114403096461769
0.7048963066295336
0.6986609976772794
0.692689419569538
0.6868988595636754
0.681193235196341
0.67548876712515
0.6697334958134611
0.6639158430899001
0.658060827165716
0.6522158857824663
0.6464311210516352
0.6407405662730806
0.6351509612595431
0.629642062381843
0.6241783061889771
0.6187272951435655
0.6132779216938568
0.6078511339743311
0.6024992323157436
0.5972937678251445
0.5923056306672653
0.5875824349995654
0.5831280794665051
0.5788889397015538
0.5747516382418469
0.57055756661869
0.5661362764239047
0.5613519336886753
0.5561473879157997
0.5505660456502379
0.5447382700936811
0.5388355524990832
0.5330139566748339
0.5273762863495197
0.5219712212738957
0.5168208559867538
0.5119455635387695
0.50735987556299
0.5030448832588005
0.4989297699113572
0.4949060276783376
0.490862445595791
0.48671084011765714
0.48239357445377395
0.47789214162492794
0.4732480115270445
0.46857221457639303
0.46401366325332544
0.4596976911927853
0.4556818772603065
0.45195322047727937
0.4484419638603058
0.445026027562396
0.4415451208287228
0.4378580493762853
0.4339248197609867
0.42984073173973547
0.42577240689648943
0.4218349368959978
0.41801180945889527
0.4141845032078929
0.4102384661775754
0.406150420695121
0.4019986244412173
0.39791533585236427
0.39402630486431656
0.3904007351941945
0.3870321515149206
0.3838700917530364
0.3808703521526513
0.37799360904359347
0.3751569190058166
0.37222744517209194
0.36907685889431935
0.3656124136155676
0.36178167306641174
0.3576409848086632
0.3534419927684202
0.3495752091323113
0.34636522759976796
0.3438631945864787
0.3417478252294387
0.33942711080259935
0.33638961532280465
0.3326057349219416
0.32858281904431885
0.32493650836073534
0.3219054048343235
0.31931611055455494
0.3168658056216574
0.3143114524014014
0.3115609893734546
0.3087117094189153
0.30592335832594963
0.3032621620404713
0.3006728494373889
0.2980523276161243
0.29537565297816937
0.292693864292729
0.28999281714574393
0.2871645029836183
0.2841679905210361
0.28123724086820867
0.27879227862445527
0.276998417601356
0.2755027124537963
0.27370957713664607
0.2713009952647295
0.26838067102088214
0.26527651655026757
0.26239637145732686
0.2599555290157251
0.2577709303288419
0.2555550773781943
0.25326817171279187
0.2509885718529916
0.24877973827439814
0.24682343996370718
0.24504529854295196
0.2431111125480828
0.2410370559642633
0.2390755498184801
0.2373772717300051
0.23558300425245238
0.2331589398384205
0.2304919524694136
0.2284860973190827
0.2274109362787976
0.22657865790782417
0.2247792217864089
0.22189422213876062
0.21898837444889557
0.21664698802403448
0.21473553675394955
0.2130340993352964
0.21132589210491082
0.20971517075902862
0.2081996408059177
0.2062794498910955
0.2037278803470011
0.20104443435668753
0.19922749283623747
0.19811090378888388
0.19660564026555832
0.19451051326602437
0.19248609156139143
0.19067024592187604
0.18850817821664756
0.18581052739369716
0.18342304972863052
0.18220736485684016
0.18193557040717875
0.18124527305441973
0.1793990211533957
0.1772596384390604
0.1756713459836658
0.17400072313000384
0.17195131458267365
0.1700808211413007
0.16854479849625134
0.16721334815861857
0.16608751099566543
0.16501862334954318
0.163371615676971
0.1611675469441603
0.15906260518810447
0.15769461826319453
0.15683538376466777
0.15547777226350068
0.1539388673135077
0.1526035291762668
0.15148133862773813
0.1506932400274249
0.14935794375621939
0.14726688516928307
0.14527848892710873
0.14419195683317065
0.143930094669346
0.14281974348566193
0.14099093741155505
0.13969605786410547
0.1387892637215128
0.13801658162926175
0.13702751591133927
0.13568492885736605
0.13449528241809994
