0.06532830517986807
0.06593334986604703
0.06654399750863191
0.06716029997561306
0.06778230961151423
0.06841007924446965
0.0690436621908043
0.06968311226322343
0.07032848376765057
0.07097983151407748
0.07163721081846454
0.072300677509851
0.07297028792957791
0.07364609894230252
0.07432816794083456
0.07501655284312332
0.07571131210545459
0.07641250472298966
0.07712019023765775
0.07783442874125779
0.07855528087934023
0.07928280785913913
0.08001707145210839
0.08075813400227402
0.08150605842901792
0.08226090823136538
0.08302274749740532
0.08379164090447347
0.08456765373190159
0.08535085185529696
0.08614130176428808
0.0869390705606842
0.08774422596467935
0.08855683632369207
0.08937697061517573
0.09020469845401531
0.0910400900979167
0.09188321645111089
0.09273414907668276
0.09359296019323514
0.09445972269060483
0.09533451012757878
0.09621739674452737
0.09710845746640812
0.09800776790840822
0.09891540438294279
0.09983144391018381
0.10075596421662694
0.1016890437488662
0.10263076167497878
0.1035811978948497
0.10454043304359922
0.10550854850124051
0.10648562639949544
0.1074717496244765
0.10846700182880348
0.10947146743488995
0.11048523164417355
0.11150838044362216
0.11254100061291489
0.11358317972963101
0.11463500618080254
0.11569656916721191
0.1167679587092688
0.11784926566167914
0.1189405817103174
0.1200419993889947
0.12115361208308344
0.12227551403840045
0.12340780036713704
0.12455056705793074
0.12570391098336905
0.1268679299076576
0.12804272249409027
0.12922838831512762
0.13042502785691565
0.13163274253473556
0.13285163469161781
0.13408180761545943
0.13532336554209218
0.13657641366676673
0.13784105815164993
0.13911740613658796
0.1404055657430056
0.14170564608643788
0.1430177572889442
0.1443420104803037
0.14567851781258864
0.14702739246871052
0.1483887486685858
0.14976270168390624
0.15114936784236957
0.1525488645405781
0.15396131025199863
0.155386824537888
0.1568255280557188
0.15827754256919807
0.1597429909599663
0.16122199723566097
0.16271468654117258
0.16422118516706877
0.1657416205640806
0.16727612134713815
0.16882481731205634
0.17038783944155797
0.17196531991833822
0.17355739213579444
0.17516419070744854
0.17678585147805603
0.17842251153689914
0.18007430922469853
0.1817413841489913
0.18342387719284015
0.1851219305268919
0.18683568762067074
0.18856529325451232
0.19031089353106628
0.19207263588627216
0.19385066910289456
0.1956451433202854
0.19745621004706768
0.19928402217544416
0.2011287339891713
0.20299050118039155
0.20486948085815423
0.20676583156372588
0.20867971328117715
0.2106112874512904
0.2125607169840258
0.21452816627128865
0.21651380119952143
0.21851778916433295
0.22054029908116524
0.22258150140055338
0.2246415681202164
0.22672067280074176
0.22881899057552052
0.23093669816881568
0.23307397390513235
0.2352309977258757
0.23740795120330857
0.23960501755289512
0.2418223816489258
0.24406023003902483
0.24631875095675096
0.2485981343380016
0.25089857183471953
0.2532202568299942
0.25556338445154486
0.2579281515888355
0.2603147569057214
0.26272340085789087
0.2651542857063216
0.2676076155326925
0.2700835962559026
0.27258243564686685
0.2751043433434649
0.27764953086793115
0.2802182116406899
0.28281060099843625
0.285426916207855
0.2880673764836528
0.29073220300375185
0.29342161892536045
0.2961358494027839
0.2988751216021809
0.3016396647196193
0.30442970999662916
0.3072454907379826
0.31008724232770285
0.3129552022471575
0.3158496100907618
0.3187707075843444
0.3217187386023529
0.32469394918299177
0.32769658755007286
0.3307269041263329
0.33378515155287175
0.33687158470772055
0.33998646072076233
0.34313003899550837
0.34630258122403224
0.349504351405998
0.3527356158670759
0.35599664327706076
0.3592877046673352
0.36260907345079774
0.36596102543853054
0.3693438388596894
0.372757794379123
0.37620317511689655
0.37968026666616966
0.3831893571122973
0.38673073705129746
0.3903046996098388
0.393911540462124
0.39755155785139007
0.40122505260680447
0.4049323281635939
0.4086736905817129
0.4124494485657703
0.416259913482438
0.42010539938171554
0.42398622301519207
0.4279027038547963
0.4318551641129878
0.4358439287616582
0.4398693255514394
0.44393168503066976
0.44803134056517907
0.45216862835763894
0.4563438874660881
0.46055745982391766
0.46480969025906665
0.46910092651270374
0.4734315192592429
0.4778018221243805
0.48221219170528845
0.4866629875892848
0.4911545723719234
0.4956873116780167
0.5002615741777936
0.5048777316084723
0.5095361587904659
0.5142372336473509
0.5189813372244128
0.5237688537063258
0.5286001704357421
0.53347567793167
0.5383957699068791
0.5433608432862614
0.5483712982246683
0.5534275381231627
0.5585299696481139
0.5636790027466154
0.5688750506653565
0.5741185299653303
0.5794098605396071
0.5847494656293739
0.5901377718393792
0.5955752091542142
0.6010622109539897
0.606599214028886
0.6121866585943117
0.6178249883051794
0.6235146502709981
0.6292560950681914
0.6350497767553516
0.6408961528848072
0.6467956845161671
0.6527488362282954
0.6587560761312519
0.6648178758777489
0.6709347106738918
0.6771070592889353
0.683335404067022
0.6896202309342319
0.6959620294088228
0.7023612926090628
0.7088185172606911
0.7153342037040203
0.7219088558997788
0.7285429814355375
0.7352370915296811
0.7419917010363191
0.7488073284481495
0.75568449589941
0.762623729167494
0.7696255576739074
0.7766905144844036
0.7838191363077933
0.7910119634947952
0.7982695400344262
0.8055924135510292
0.8129811352984888
0.8204362601554751
0.8279583466171967
0.8355479567879487
0.8432056563713947
0.8509320146598932
0.858727604522763
0.8665930023927749
0.8745287882516573
0.8825355456140609
0.8906138615095985
0.8987643264646432
0.9069875344810596
0.9152840830142253
0.9236545729492753
0.9320996085755048
0.9406197975587083
0.9492157509126055
0.9578880829674093
0.9666374113368925
0.9754643568835512
0.9843695436815302
0.9933535989773342
1.0024171531487933
1.0115608396611901
1.0207852950213478
1.0300911587295745
1.0394790732286925
1.0489496838507457
1.0585036387612288
1.068141588900196
1.0778641879212445
1.087672092126977
1.0975659604019115
1.1075464541425293
1.117614237183842
1.1277699757226591
1.1380143382382093
1.1483479954091262
1.1587716200261975
1.1692858869027214
1.1798914727805636
1.19058905623236
1.2013793175602958
1.2122629386901849
1.2232406030623935
1.234312995517555
1.2454808021788368
1.256744710329119
1.2681054082841625
1.2795635852603802
1.2911199312385075
1.3027751368222642
1.3145298930911637
1.3263848914492045
1.338340823467623
1.3503983807219808
1.36255825462419
1.3748211362485765
1.3871877161517954
1.3996586841869363
1.412234729311033
1.4249165393871357
1.4377048009786206
1.4506001991377442
1.463603417186761
1.4767151364925133
1.4899360362332974
1.5032667931587593
1.5167080813419
1.530260571923826
1.5439249328499516
1.5577018285986
1.571591919900973
1.5855958634531662
1.5997143116182115
1.6139479121210907
1.6282973077329885
1.6427631359471908
1.6573460286450983
1.6720466117525905
1.6868655048864074
1.701803320990579
1.7168606659620353
1.7320381382660126
1.7473363285405275
1.7627558191895545
1.7782971839652721
1.793960987538345
1.8097477850569221
1.8256581216931007
1.8416925321777486
1.8578515403220068
1.8741356585268678
1.8905453872794173
1.9070812146355274
1.9237436156897143
1.9405330520305648
1.957449971182906
1.9744948060347949
1.9916679742510413
2.0089698776709692
2.0264009016921922
2.043961414638071
2.061651767110445
2.0794722913262427
2.097423300438251
2.115505087839182
2.1337179264499566
2.1520620679903817
2.170537742233509
2.1891451562424513
2.2078844935895447
2.2267559135581303
2.2457595503263112
2.2648955121322327
2.2841638804214446
2.303564708975398
2.3230980230211626
2.342763818322238
2.3625620602501503
2.3824926828367268
2.4025555878067597
2.422750643591231
2.443077684320399
2.4635365087971577
2.4841268794503066
2.504848521267574
2.5257011207084727
2.546684324596638
2.5677977389921653
2.589040928042845
2.6104134128158893
2.6319146701083205
2.6535441312374206
2.675301180810796
2.6971851554760624
2.719195342650288
2.741330979229497
2.763591250278225
2.7859752876992765
2.8084821688840442
2.831110915343707
2.8538604913212025
2.8767298023848067
2.899717694003196
2.922822950102951
2.9460442916084957
2.969380374964896
2.992829790644753
3.016391061638847
3.0400626419318684
3.063842914963576
3.0877301920763958
3.1117227109498136
3.1358186340230065
3.160016046906242
3.1843129567819544
3.2087072907970384
3.233196894446943
3.257779529953178
3.282452874634997
3.307214519277407
3.332061966496036
3.3569926291007848
3.3820038284602205
3.4070927928673376
3.432256655909833
3.457492454845327
3.4827971289847475
3.508167518084862
3.5336003607527595
3.559092292864431
3.5846398459994084
3.61023944589434
3.635887410917922
3.6615799505695175
3.687313164004912
3.713083038591401
3.7388854484955605
3.7647161533067153
3.79057079669942
3.816444905138163
3.8423338866277557
3.8682330295131697
3.894137501332244
3.920042347725333
3.94594249140561
3.971832731194324
3.9977077411248993
4.0235620696204135
4.0493901387487155
4.075186243559773
4.100944551509765
4.126659101976921
4.152323805873566
4.1779324453596445
4.20347867366269
4.228956015009181
4.254357864672857
4.279677489144937
4.304908026431853
4.330042486486032
4.355073751774826
4.3799945779937035
4.404797594928775
4.429475307474777
4.454020096813855
4.478424221760763
4.502679820280581
4.526778911184081
4.550713396006692
4.5744750610765585
4.598055579777138
4.621446515009987
4.644639321862752
4.667625350487942
4.690395849197382
4.712941967777327
4.735254761029074
4.757325192539551
4.7791441386863385
4.800702392881212
4.821990670055973
4.8429996113942595
4.863719789312472
4.884141712692769
4.90425583237056
4.924052546878744
4.943522208450288
4.962655129280428
4.981441588049156
4.999871836704385
5.017936107505343
5.03562462032533
5.052927590212434
5.06983523520602
5.086337784406223
5.102425486293065
5.118088617290911
5.133317490573445
5.148102465103542
5.162433954901418
5.176302438534064
5.189698468817633
5.202612682724051
5.215035811482026
5.226958690861804
5.238372271632182
5.249267630177345
5.259635979260393
5.269468678919124
5.278757247479334
5.287493372669421
5.295668922819772
5.303275958129058
5.310306741979163
5.316753752279384
5.322609692819913
5.327867504613813
5.332520377206059
5.336561759927503
5.339985373071095
5.342785218967101
5.3449555929335695
5.346491094077962
5.347386635925437
5.347637456849082
5.347239130277144
5.34618757465229
5.3444790631178565
5.342110232906205
5.339078094404428
5.33538003987303
5.331013851793496
5.325977710821288
5.320270203321316
5.313890328463745
5.306837504858774
5.299111576709956
5.29071281946678
5.281641944958211
5.271900105990334
5.261488900392429
5.2504103744973705
5.2386670260436885
5.226261806488291
5.213198122720452
5.199479838169482
5.185111273300217
5.170097205492273
5.1544428683009365
5.1381539500992846
5.121236592103115
5.103697385781972
5.08554336966144
5.066782025523598
5.04742127401414
5.027469469666363
5.006935395353656
4.985828256183444
4.964157672846859
4.941933674439422
4.9191666907689005
4.89586754416724
4.872047440823957
4.847717961658637
4.822891052750162
4.797579015340218
4.771794495427972
4.74555047297217
4.718860250715863
4.6917374426476295
4.6641959621115925
4.636250009576672
4.607914060073361
4.5792028503039415
4.550131365429369
4.520714825533282
4.490968671760477
4.460908552123988
4.430550306971644
4.399909954099551
4.369003673496544
4.337847791700364
4.306458765743125
4.274853166660549
4.243047662536976
4.211059001055699
4.178903991522629
4.146599486330035
4.114162361826971
4.081609498563442
4.048957760877007
4.016223975793326
3.9834249112161517
3.9505772533877086
3.917697583607466
3.8848023542057777
3.851907863779141
3.819030231705897
3.786185371974718
3.753388966373809
3.720656437105591
3.688002918910264
3.655443230801372
3.622991847537247
3.5906628709738855
3.558470001466549
3.526426509509104
3.494545207821242
3.4628384241134578
3.431317974777567
3.399995139765926
3.368880638934544
3.337984610133339
3.3073165893301333
3.276885493053052
3.2466996034279982
3.2167665560734484
3.1870933310937364
3.157686247383628
3.1285509604217148
3.0996924636880743
3.0711150937929332
3.0428225393486836
3.0148178535583994
2.987103470430986
2.9596812244679254
2.9325523736008003
2.9057176250941055
2.879177164066523
2.8529306842275326
2.826977420377407
2.801316182178879
2.77594538868021
2.750863103053517
2.726067067010242
2.7015547343684854
2.677323303275144
2.6533697466288118
2.629690840307023
2.606283188871963
2.5831432485104067
2.5602673470541046
2.537651701022716
2.515292429729888
2.4931855665898315
2.471327067853412
2.4497128190851942
2.4283386397623117
2.4072002864291484
2.38629345487582
2.3656137818209246
2.3451568465689836
2.324918173080136
2.3048932328348033
2.285077448801667
2.2654662007267814
2.246054831859913
2.2268386571272805
2.207812972654778
2.1889730664504814
2.170314229977709
2.151831770298339
2.133521022447742
2.1153773617232656
2.097396215631421
2.079573075345306
2.061903506669903
2.0443831606911695
2.0270077844823264
2.0097732324400166
1.992675479001337
1.9757106336243082
1.9588749589708612
1.9421648931849942
1.9255770769849685
1.9091083859699394
1.8927559680718626
1.8765172854719576
1.8603901595749852
1.844372816842552
1.8284639324985714
1.8126626684247658
1.7969687010643929
1.7813822349555415
1.7659039977210285
1.7505352130271594
1.7352775492257155
1.7201330430949502
1.7051040002107045
1.6901928758484133
1.675402142710745
1.6607341539077805
1.646191011172354
1.6317744489693453
1.6174857447098574
1.6033256635751731
1.589294443511405
1.5753918219794296
1.561617101431867
1.5479692457993306
1.5344469961652014
1.5210489909653322
1.5077738750371132
1.4946203830122722
1.4815873859328592
1.4686738952304403
1.4558790246400413
1.4432019172340582
1.4306416504357806
1.418197135554007
1.4058670293010296
1.3936496726178738
1.3815430672147646
1.3695448933998597
1.3576525653197584
1.3458633131774556
1.334174277721015
1.3225826012720772
1.3110855020717969
1.299680324259122
1.2883645631336496
1.2771358727747084
1.265992068745405
1.2549311409453319
1.2439512897835225
1.2330509927190658
1.222229098824815
1.2114849381803225
1.200818422957773
1.1902301105330386
1.1797211979979192
1.1692934234177803
1.1589488621947592
1.1486896255973378
1.138517490028067
1.1284335058330064
1.118437648760935
1.1085285813208559
1.0987035825480223
1.0889586828483475
1.0792890084165614
1.0696893027507202
1.0601545583089538
1.050680666823559
1.0412649880251545
1.031906746264318
1.0226071916373116
1.0133695019179794
1.0041984463259896
0.9950998731683436
0.9860801125061485
0.977145396404655
0.9683013909790358
0.9595529087413602
0.9509038329631252
0.9423572461308145
0.9339157194386855
0.9255816935630699
0.917357862585734
0.9092474609389624
0.9012543480610552
0.8933827932581344
0.885636895087652
0.8780196344992228
0.8705316560508318
0.8631699748809079
0.8559268811312148
0.8487893201624994
0.8417389490135783
0.834752925409136
0.827805325795239
0.8208689740334546
0.8139174331962222
0.8069269692506612
0.79987839632129
0.7927587964506463
0.7855631170958476
0.7782955643299277
0.7709705553269631
0.7636128485565158
0.7562564443118852
0.7489420331640889
0.7417131694280393
0.7346118306492296
0.7276743558080417
0.7209287068295459
0.7143935028045426
0.7080785146778388
0.7019856558461941
0.6961093463064452
0.69043563294624
0.684940425199919
0.6795881395008544
0.6743323403010787
0.6691193036130669
0.6638940643427973
0.6586072234158052
0.6532204294533055
0.647709285827695
0.642063890901021
0.6362882745353786
0.630399980269082
0.6244301303793892
0.6184232489114349
0.612435574342964
0.6065307890437566
0.6007729098617186
0.5952172374087309
0.5899012664761409
0.5848377482404612
0.580011506841467
0.5753806734704211
0.5708823366225202
0.5664421134258858
0.5619862202924347
0.5574533735664486
0.552803503625353
0.5480217064770555
0.5431180165637685
0.5381241537906836
0.5330867637441038
0.5280555850189825
0.5230677881626937
0.5181352671728688
0.5132436777162649
0.5083660967764259
0.5034843331436298
0.4986059361224036
0.4937682742823919
0.48902811798414736
0.4844409335398867
0.48003801539312635
0.4758115433994602
0.47171523241588603
0.4676810532945778
0.46364460456261847
0.4595673572412265
0.45544507950149815
0.4512991607656813
0.44715884086380553
0.4430487591716829
0.4389900643967203
0.4350092733626358
0.43114112871859267
0.42741688013405704
0.4238415661150692
0.42037448026994034
0.41693065842640037
0.4134110080664378
0.40974583828776656
0.4059232674751045
0.40198885660319866
0.39802717065313925
0.3941388944969975
0.3904151490652261
0.3869123623983966
0.38364223700250544
0.3805819460603486
0.37768408660755465
0.37486631156625483
0.37199651290584174
0.3689136105294488
0.3654980535370754
0.3617510290736328
0.35781433960452697
0.35390338897323353
0.35020561701841724
0.34682458660312265
0.34378465830819277
0.34104566183259893
0.33849903514422486
0.3359757531606391
0.33330455634775175
0.33039680331297666
0.3272814870863881
0.32406726587713935
0.32088045751664646
0.317812071356087
0.3148835738153741
0.3120493181269622
0.3092400295333927
0.30641288725272814
0.30356916001625833
0.30075100266402205
0.2980222414233542
0.29541328989311266
0.29288587679283895
0.29036075122698735
0.28778034959321697
0.2851696936327907
0.2826173353127985
0.2801823121313637
0.27783998906095975
0.2755098815823463
0.27310913325713754
0.2705825527857274
0.26793799056215967
0.2652584916245313
0.26261834214906027
0.25999081085419173
0.2573223783793843
0.2547035764703655
0.25235944663706183
0.2503874453962492
0.2486221949598723
0.2468851314816018
0.24513777384336566
0.24334455598085192
0.2414128087566717
0.2391997931395572
0.23657525828951667
0.23365683132497886
0.23081688003808604
0.22838541343094065
0.22639929015484878
0.2245475404209855
0.22252796359215044
0.22041675897480975
0.21840816448450182
0.21650378651851596
0.21467611238890624
0.2129156221029352
0.21118321212821647
0.2095052843042613
0.2079165945168072
0.2063741515164374
0.20471758262481698
0.2028736625126116
0.20096538536498204
0.1990394427968771
0.1971102142553044
0.19518727849353362
0.19333004717894384
0.19169047836177128
0.19024160317054375
0.1888241383528909
0.18722595021052874
0.18543909184010265
0.1836983730804889
0.18214190588262089
0.18066875135280527
0.17914031220358523
0.17748553320347388
0.17565164401966946
0.17386119694121538
0.17225040192723537
0.17078545853381766
0.1695053910471937
0.16834574872512004
0.16702091506311226
0.16537422360687165
0.16353663249171352
0.16157239674624502
0.15962075332439968
0.15798724587062285
0.1567373357348648
0.1555988538580352
0.1544027650941311
0.1532191502233924
0.15202381049273112
0.15085999494302454
0.1495137868918842
0.14796142752909133
0.14625122609039434
0.14482023691988868
0.14401634504795888
0.14303638994565782
0.1415306088538041
0.1403199020318372
0.139546495976298
0.13859559032554977
0.13718661047097394
0.13531757606646133
0.13339356463100666
0.1318449903616767
0.1312328761861791
0.13097553719626262
0.12980098175827098
0.12785253595763685
0.12659355259658855
0.12591601349255857
0.12480644539656659
