0.07191028657036466
0.07257629151754139
0.07324846395696133
0.0739268609767699
0.07461154020240761
0.07530255978140633
0.07599997840549609
0.07670385530366217
0.07741425025958759
0.07813122360479939
0.07885483622788571
0.07958514958507835
0.08032222569726577
0.08106612715709492
0.08181691713704456
0.08257465939649714
0.08333941827785235
0.08411125873014404
0.08489024628402374
0.0856764470922217
0.08646992791058686
0.08727075611561956
0.08807899970479999
0.08889472730013986
0.08971800816196265
0.09054891219442854
0.09138750993515508
0.09223387258653916
0.09308807199921197
0.09395018069475759
0.09482027186035351
0.09569841935655857
0.09658469773021955
0.09747918221781963
0.09838194874863851
0.09929307394832126
0.10021263516023339
0.10114071043162144
0.1020773785376995
0.10302271897622768
0.10397681197934261
0.1049397385215261
0.1059115803278628
0.10689241986660464
0.10788234038037949
0.10888142587069331
0.10988976111591109
0.1109074316828759
0.11193452391787694
0.11297112497090364
0.11401732279263561
0.11507320614888675
0.11613886461745224
0.11721438860893865
0.11829986936182665
0.11939539896231918
0.12050107033973384
0.12161697728302542
0.12274321444653369
0.12387987735452449
0.12502706241351821
0.12618486691644482
0.12735338905891963
0.12853272793170953
0.12972298354645345
0.13092425683117753
0.13213664964644184
0.13336026479238036
0.13459520601252978
0.13584157800312763
0.1370994864335975
0.13836903793873828
0.13965034013545238
0.14094350163564337
0.142248632046088
0.14356584198404546
0.14489524308609716
0.1462369480115976
0.14759107046279618
0.14895772517957592
0.15033702796384998
0.15172909568130122
0.15313404626615254
0.15455199874587955
0.15598307323348154
0.15742739095336292
0.1588850742374225
0.16035624654419137
0.16184103246836637
0.16333955774475653
0.1648519492650294
0.1663783350866111
0.16791884444104935
0.16947360774780046
0.1710427566196948
0.17262642388210586
0.174224743574714
0.17583785096917873
0.17746588257533516
0.17910897615692
0.18076727073908508
0.1824409066232916
0.1841300253930507
0.1858347699313871
0.18755528442921193
0.18929171440159112
0.19104420668889313
0.19281290947955837
0.19459797232169335
0.19639954612406643
0.19821778318204683
0.20005283718100705
0.20190486321131493
0.20377401778265222
0.20566045883514752
0.20756434575041108
0.2094858393660683
0.21142510198860512
0.21338229740719078
0.2153575909043687
0.21735114927313734
0.21936314082509176
0.22139373540753396
0.2234431044185009
0.22551142081357914
0.22759885912806557
0.22970559548661504
0.23183180761418484
0.2339776748569508
0.2361433781922977
0.23832910024144405
0.24053502528911594
0.24276133929415242
0.24500822990407553
0.2472758864728626
0.24956450007096964
0.251874263507968
0.2542053713377983
0.2565580198793939
0.2589324072351687
0.26132873330059225
0.2637471997798303
0.26618801020728977
0.2686513699572699
0.2711374862616606
0.27364656822824973
0.2761788268525345
0.2787344750384441
0.28131372761094053
0.2839168013342378
0.2865439149276223
0.28919528908432557
0.29187114648563517
0.2945717118173896
0.29729721178822255
0.30004787515041476
0.3028239327079422
0.3056256173440589
0.3084531640300251
0.31130680984842213
0.31418679401003047
0.3170933578675822
0.32002674493951777
0.32298720092299466
0.32597497371484074
0.32899031343020635
0.3320334724168155
0.3351047052783451
0.3382042688906725
0.3413324224211055
0.3444894273453457
0.3476755474681422
0.3508910489429317
0.35413620028955667
0.3574112724126134
0.3607165386236046
0.3640522746563731
0.367418758690892
0.37081627136896217
0.3742450958171447
0.3777055176633026
0.38119782505938543
0.38472230869994267
0.3882792618423216
0.3918689803254436
0.3954917625925301
0.39914790971073605
0.4028377253892633
0.4065615160033115
0.41031959061121664
0.4141122609777858
0.41793984159225644
0.4218026496930412
0.42570100528362365
0.42963523115678015
0.4336056529154596
0.4376125989910604
0.4416564006681454
0.4457373921021262
0.4498559103432915
0.4540122953553282
0.45820689003916515
0.4624400402517945
0.46671209483075465
0.4710234056095302
0.47537432744679337
0.4797652182415344
0.48419643895719067
0.48866835364239014
0.49318132945258397
0.4977357366713091
0.5023319487307362
0.5069703422351132
0.5116512969792522
0.5163751959731184
0.5211424254602929
0.5259533749404111
0.5308084371910695
0.5357080082874953
0.540652487624947
0.5456422779385687
0.5506777853242188
0.5557594192630421
0.5608875926363698
0.566062721750035
0.5712852263556992
0.5765555296678906
0.5818740583877678
0.5872412427210183
0.5926575163996521
0.5981233167001584
0.6036390844646209
0.6092052641197553
0.6148223036963655
0.6204906548472616
0.6262107728695636
0.6319831167192275
0.6378081490328503
0.6436863361433843
0.6496181481006128
0.6556040586859658
0.6616445454326447
0.6677400896411051
0.6738911763957904
0.6800982945825071
0.6863619369033896
0.6926825998932264
0.6990607839339594
0.7054969932714575
0.7119917360267733
0.7185455242135957
0.7251588737485075
0.7318323044665784
0.7385663401327309
0.7453615084529442
0.7522183410873332
0.7591373736601638
0.7661191457693581
0.7731642009967123
0.7802730869178381
0.7874463551079856
0.7946845611524324
0.8019882646504229
0.8093580292241437
0.8167944225208844
0.8242980162208547
0.8318693860373702
0.839509111722044
0.8472177770656162
0.8549959698987355
0.8628442820917671
0.8707633095542179
0.8787536522317153
0.8868159141030968
0.894950703176005
0.9031586314814406
0.9114403150659014
0.9197963739852759
0.9282274322925513
0.9367341180305023
0.9453170632167194
0.9539769038324144
0.9627142798045557
0.9715298349926992
0.9804242171680221
0.9893980779950782
0.9984520730106148
1.007586861598824
1.0168031069681895
1.02610147612341
1.0354826398372536
1.044947272619976
1.0544960526862315
1.064129661920647
1.073848785840413
1.0836541135565894
1.0935463377321724
1.1035261545384014
1.1135942636091374
1.1237513679907156
1.1339981740919505
1.144335391629098
1.1547637335696883
1.1652839160725137
1.175896658425355
1.1866026829795053
1.1974027150811581
1.2082974829993591
1.2192877178514971
1.230374153524082
1.2415575265924512
1.2528385762336207
1.2642180441382556
1.2756966744180338
1.287275213508337
1.2989544100677242
1.310735014874018
1.3226177807142916
1.3346034622724399
1.346692816011249
1.3588866000500044
1.3711855740383445
1.3835904990237646
1.3961021373150648
1.4087212523414332
1.4214486085045408
1.434284971027802
1.4472311057966318
1.460287779196674
1.4734557579446412
1.486735808912402
1.5001286989464793
1.5136351946807294
1.5272560623427582
1.5409920675529083
1.5548439751181329
1.5688125488175808
1.5828985511816722
1.5971027432641258
1.6114258844060918
1.6258687319932
1.6404320412037339
1.655116564750961
1.6699230526143665
1.6848522517658615
1.6999049058837779
1.7150817550614594
1.7303835355044497
1.7458109792196699
1.7613648136953768
1.777045761569933
1.7928545402933131
1.8087918617757774
1.8248584320281986
1.8410549507909442
1.857382111152455
1.8738405991566722
1.8904310933988573
1.9071542646104485
1.924010775232149
1.9410012789747977
1.9581264203679742
1.9753868342963103
1.9927831455232505
2.0103159682014557
2.0279859053700497
2.045793548438279
2.0637394766558557
2.0818242565684066
2.100048441459512
2.118412570777606
2.136917169547866
2.1555627477696304
2.174349799797734
2.1932788037084796
2.212350220649775
2.231564494174629
2.250922049558511
2.27042329309996
2.290068611403465
2.3098583706462286
2.3297929158260136
2.349872569992431
2.3700976334585433
2.3904683829959525
2.410985071009555
2.431647924694345
2.4524571451729185
2.473412906613401
2.4945153553278576
2.5157646088508963
2.537160754997806
2.5587038509032616
2.5803939220383114
2.602230961207813
2.6242149275259723
2.6463457453715953
2.6686233033217186
2.691047453063674
2.7136180082858323
2.736334743546754
2.75919739312244
2.782205649831468
2.805359163838427
2.8286575414356343
2.852100343801828
2.875687085739992
2.89941723439201
2.9232902079320935
2.9473053742377684
2.971462049538993
2.9957594970457193
3.0201969255534546
3.0447734880276105
3.069488280166203
3.094340338942091
3.119328641123542
3.1444521017754115
3.1697095727391105
3.19509984109353
3.220621627596671
3.246273585107773
3.2720542969922928
3.297962275507723
3.323995960174048
3.350153716126108
3.3764338324515477
3.4028345205132315
3.4293539122580112
3.4559900585124868
3.482740927266008
3.5096044019438493
3.5365782796693663
3.563660269518027
3.590847990764273
3.618138971121487
3.6455306449783875
3.6730203516315103
3.700605333516691
3.728282734440584
3.7560495978142456
3.783902864890536
3.811839373007438
3.8398558538392678
3.867948931658151
3.896115121607635
3.9243508279913137
3.952652342578634
3.981015842930471
4.009437390747703
4.0379129302444365
4.066438286550675
4.095009164145496
4.123621145325154
4.152269688709398
4.180950127788873
4.209657669517358
4.238387392952771
4.267134247950694
4.295893053913555
4.324658498601269
4.353425137005245
4.382187390292135
4.410939544820264
4.4396757512341996
4.468390023641665
4.4970762388775904
4.525728135860589
4.554339315046378
4.5829032379834125
4.611413226976351
4.639862464861945
4.66824399490351
4.696550720808869
4.724775406877869
4.752910678284884
4.780949021501829
4.808882784868108
4.836704179312518
4.864405279234042
4.891978023546017
4.91941421689123
4.946705531032665
4.973843506426219
5.000819553981681
5.027624957017093
5.054250873413126
5.080688337972414
5.106928264990316
5.132961451042124
5.1587785779922575
5.1843702162307395
5.209726828142392
5.234838771813133
5.259696304978518
5.284289589218887
5.308608694405203
5.332643603399779
5.356384217015291
5.379820359235518
5.402941782700498
5.425738174458993
5.448199161989853
5.470314319494401
5.492073174460721
5.513465214500451
5.534479894458312
5.555106643793822
5.5753348742342235
5.595153987696517
5.614553384476933
5.6335224717038015
5.652050672051064
5.670127432707002
5.687742234593407
5.704884601828887
5.721544111429357
5.737710403238063
5.753373190076334
5.7685222681057295
5.783147527390919
5.797238962652453
5.810786684196506
5.823780929009125
5.836212072000451
5.848070637384158
5.859347310175974
5.8700329477947335
5.880118591747958
5.889595479383436
5.898455055687509
5.906688985109341
5.914289163390562
5.921247729377923
5.927557076796684
5.933209865961348
5.938199035399679
5.942517813365805
5.946159729217183
5.949118624630114
5.951388664627999
5.952964348396274
5.953840519857829
5.954012377982424
5.9534754868039395
5.952225785118843
5.950259595840299
5.947573634981583
5.944165020243854
5.940031279183245
5.935170356933135
5.929580623458112
5.923260880317177
5.9162103669145525
5.90842876621771
5.899916209923442
5.89067328305402
5.880701027967442
5.87000094776651
5.858575009094165
5.846425644303516
5.833555752993314
5.819968702901551
5.805668330151846
5.790658938849598
5.774945300026906
5.758532649937741
5.741426687707195
5.72363357234079
5.705159919102456
5.686012795272254
5.666199715297039
5.6457286353500935
5.624607947317807
5.602846472234041
5.58045345318506
5.557438547710158
5.533811819725227
5.509583730998635
5.484765132210642
5.4593672536294395
5.433401695438444
5.406880417751091
5.3798157303503995
5.352220282191816
5.324107050708561
5.295489330959102
5.266380724656765
5.236795129121186
5.20674672619096
5.176249971135755
5.14531958160504
5.113970526648607
5.082218015841763
5.050077488545261
5.0175646033265044
4.984695227564458
4.951485427255924
4.9179514570353415
4.88410975041404
4.849976910237782
4.815569699353708
4.780905031469071
4.745999962174748
4.7108716800961545
4.675537498123327
4.640014844659954
4.604321254818845
4.568474361478298
4.532491886100372
4.496391629198425
4.460191460327424
4.42390930745704
4.387563145574215
4.351170984349596
4.314750854690886
4.278320793996364
4.241898829914047
4.205502962406682
4.169151143920322
4.132861257455427
4.096651092344761
4.06053831755219
4.024540452321655
3.9886748340265004
3.952958583096551
3.917408564934057
3.882041348770669
3.8468731634656557
3.8119198503012326
3.777196812893511
3.742718964407716
3.708500672342465
3.6745557012301413
3.6408971536874737
3.6075374103405493
3.5744880692408203
3.541759885480631
3.509362711806289
3.47730544111126
3.445595951768745
3.414241056828469
3.383246458153803
3.3526167066090946
3.3223551694193785
3.2924640058127608
3.2629441520160802
3.2337953166046134
3.205015987104009
3.1766034486062074
3.1485538149898766
3.1208620731305423
3.0935221402475186
3.066526934267476
3.0398684567917846
3.013537887943422
2.9875256920464253
2.9618217327657352
2.9364153960183317
2.911295718669216
2.8864515207604713
2.8618715388006915
2.837544557478077
2.8134595370650963
2.7896057337656504
2.7659728103253123
2.742550934386524
2.7193308623250183
2.6963040066489263
2.6734624854712297
2.650799153067942
2.628307611093028
2.605982200616744
2.583817975763939
2.5618106603273736
2.5399565892926694
2.518252637710369
2.4966961397642913
2.4752848011950523
2.4540166084307993
2.4328897378479595
2.4119024685356325
2.391053101778474
2.3703398902221835
2.3497609793668963
2.3293143636740954
2.308997859199923
2.28880909430663
2.2687455196719535
2.24880443852072
2.2289830577372562
2.2092785602599325
2.189688198873882
2.170209411155164
2.1508399548225983
2.1315780620637783
2.1124226104695323
2.0933733070049625
2.0744308799631797
2.0555972721269
2.0368758264869227
2.0182714539683793
1.999790770877058
1.9814421924201584
1.9632359679248665
1.9451841435247228
1.9273004393360782
1.9096000306819696
1.8920992268338974
1.8748150460190847
1.857764691936843
1.8409649444525966
1.8244314850556957
1.8081781855061487
1.7922163951764698
1.7765542681721078
1.7611961746311993
1.7461422409647631
1.7313880606431422
1.7169246101269084
1.7027383936489804
1.6888118261236271
1.6751238462554745
1.6616507331518515
1.6483670810049038
1.635246869601847
1.6222645555647024
1.6093961022334153
1.5966198665277327
1.5839172698292463
1.5712731968800777
1.5586760907964603
1.54611774136406
1.5335927947299284
1.521098041796019
1.5086315663752532
1.4961918493682178
1.4837769298394803
1.4713837174058342
1.4590075339203008
1.4466419386079243
1.4342788630640992
1.421909054524935
1.4095228006132827
1.397110888159645
1.384665732965158
1.3721826054196318
1.3596608668733223
1.3471051219396533
1.3345261820141323
1.321941726694949
1.309376546084226
1.2968622533835732
1.2844363794658622
1.272140803616956
1.2600195386270576
1.2481159703286981
1.2364697424211157
1.225113562759305
1.2140702697710437
1.203350519918181
1.192951426038938
1.182856387415003
1.1730362125315381
1.1634514641099603
1.154055782319425
1.1447997994587553
1.135635177360498
1.1265182948911157
1.1174131872178423
1.1082934724407671
1.0991431622678927
1.0899564044471157
1.0807363148019817
1.0714931106149432
1.0622417590954554
1.052999326354413
1.0437821843528248
1.0346032340973323
1.0254693479286774
1.0163793159772834
1.007322672344228
0.9982798272244889
0.98922388681111
0.9801243585358711
0.9709526010649326
0.9616884220521891
0.9523267465980835
0.9428829220067158
0.933395157408602
0.9239229547222171
0.9145412025030558
0.9053307444464731
0.8963673840509442
0.887712007047379
0.8794043854107337
0.8714621082335063
0.8638842272141137
0.8566573107076657
0.849760580641483
0.8431673366380571
0.8368419406715506
0.8307343734694063
0.8247763568337275
0.8188830096467876
0.8129616656397303
0.8069258273232831
0.8007091814861894
0.7942739873671902
0.7876106038265585
0.7807293438006208
0.7736498250107792
0.7663941043650374
0.7589872083909232
0.751463571573944
0.7438734891515085
0.7362830256242309
0.7287647528838662
0.721382964092743
0.7141814279201996
0.7071809707316045
0.7003882384220345
0.6938096133231271
0.6874604582771009
0.6813624458691255
0.6755292666331516
0.6699487100286137
0.6645720648973585
0.659318193631898
0.6540918776565412
0.6488089513986643
0.6434183229195902
0.6379136598778372
0.632332164199211
0.626740842246238
0.6212117458444668
0.6157903660566166
0.6104681625276219
0.6051766666953832
0.5998167734946064
0.5943178468814753
0.5886969399706546
0.5830790872230203
0.5776581566755576
0.5726147348402997
0.5680359716381512
0.5638801456415894
0.5599986140145332
0.5561948539109169
0.5522880957506776
0.548158248287982
0.543761784660763
0.5391145257861392
0.5342462378542383
0.5291528864117235
0.5237882844909413
0.518116712347547
0.5121927117880354
0.5061944992507593
0.5003648011031686
0.4948927796440324
0.48982689519865175
0.48508503774558276
0.4805494760209238
0.4761712528718428
0.4720055508782058
0.4681495517100664
0.46462457885698216
0.46129316143164095
0.45788929869769307
0.4541606944720557
0.450028082239376
0.44563906428118116
0.44126424315154794
0.43710033245873414
0.43312207138783143
0.4291045046872908
0.4248161868213814
0.4202374645194715
0.4156157048550209
0.4112914603219972
0.4074326915768596
0.4039275758487934
0.4005636310931001
0.3973124637657998
0.3943738627590054
0.3918899327984898
0.3896712168217487
0.3872872377861656
0.38440379831868215
0.3809745100298971
0.37716424790419106
0.3732028355200361
0.36931335420876427
0.3656736552127783
0.3623775477411648
0.35942918519622497
0.35673830917836724
0.35410690826183155
0.35134254388152103
0.3484416363326929
0.34549824429358694
0.3423836622295252
0.33874472439836195
0.3344720263975513
0.3300819025844338
0.3264317487829016
0.3238785151646977
0.3218161649868015
0.3193218517096077
0.3161403279810721
0.3127247528792124
0.3095347477824841
0.3066319119114699
0.3038284698809106
0.30100658782894657
0.2982173066566637
0.2955099248201807
0.2928784857385658
0.29040402004298593
0.28812884430210667
0.2858065209655345
0.2832367808711275
0.2806868277111692
0.27836532297020594
0.2759004537782265
0.27311546520956753
0.2705468075932323
0.2685109273287863
0.26661669080761546
0.264554890191806
0.26255941077935824
0.26082018725399697
0.25893272968106207
0.2564175459884249
0.25354362005369546
0.2508605143204016
0.2483862300022889
0.24588225048574328
0.24330284912887035
0.2407301207604099
0.23826408718203548
0.23631953112539705
0.23513026992428313
0.2341285849140169
0.23275883252532706
0.23093913960888618
0.22865726765868163
0.22611014964538978
0.22383811562371322
0.2216818333093646
0.2191512944787912
0.2166712150611269
0.21454655011589324
0.2121227802796742
0.21009736983882196
0.2089663969856408
0.20741078509756689
0.20565945761954674
0.2047011441118785
0.20400075958933295
0.20264850837767434
0.19992975525264095
0.19635946512922867
0.19360840281083364
0.19227163446220896
0.19184638538850118
0.1909966221768927
0.1883802679005931
0.1857226180952084
0.18426262646487446
0.18318056931272897
0.18226864652031075
0.1805076024833652
0.17751096483573356
0.17478060437945972
0.1734264549414351
0.17256116514285413
0.1713893741881001
0.170838686901119
0.17091620238265523
0.1701770278383407
0.16809955161308965
0.16482813429877896
0.16262206186759914
0.16209271334138217
0.16179843256685583
0.16096583629923283
0.15852390088218776
0.1557661986721509
0.15385280127490003
0.15257495765832566
0.15063312539992874
0.14956751543359423
0.14860998891510555
0.1475600063001327
0.14612285350049442
0.14450812801306276
0.1427840401738949
