0.04005718242261479
0.04042817689933175
0.04080260695878021
0.041180504403686265
0.04156190133106947
0.04194683013529999
0.0423353235090015
0.04272741444890434
0.04312313625508731
0.04352252253650615
0.043925607212016285
0.04433242451501043
0.044743008994337585
0.045157395518958345
0.045575619279903834
0.045997715793005906
0.04642372090354695
0.04685367078614637
0.04728760195159321
0.047725551247331896
0.04816755586157318
0.04861365332550271
0.049063881517809015
0.04951827866682649
0.04997688335411332
0.05043973451807338
0.050906871456467835
0.05137833382965441
0.051854161665231636
0.05233439536008953
0.052819075684105786
0.05330824378455035
0.053801941187348636
0.05430020980283782
0.05480309192862146
0.05531063025204948
0.05582286785518065
0.05633984821767834
0.05686161522086124
0.05738821315063073
0.05791968670281003
0.058456080984132575
0.058997441519249065
0.05954381425216041
0.0600952455512126
0.06065178221199361
0.06121347146316598
0.06178036096804229
0.06235249883034954
0.06292993359732045
0.06351271426393627
0.06410089027776514
0.06469451154167655
0.06529362841904746
0.0658982917384548
0.06650855279575657
0.06712446336121158
0.06774607568166624
0.06837344248567309
0.06900661698832226
0.06964565289453403
0.0702906044049653
0.07094152621905309
0.07159847354084764
0.07226150208303099
0.07293066807118817
0.07360602824923755
0.07428763988388742
0.07497556076879681
0.07566984923038757
0.07637056413198602
0.0770777648791673
0.07779151142398173
0.0785118642705314
0.0792388844803254
0.07997263367608586
0.08071317404828397
0.08146056835911661
0.08221487994848899
0.08297617273882422
0.08374451124071734
0.08451996055772722
0.0853025863925179
0.08609245505119323
0.08688963345030608
0.08769418912027285
0.08850619021332407
0.08932570550728418
0.09015280441209546
0.09098755697502378
0.09183003388728446
0.09268030648863732
0.09353844677428126
0.09440452740022605
0.09527862168945456
0.09616080363761824
0.09705114791981162
0.09794972989560653
0.0988566256162824
0.09977191183023423
0.10069566599007396
0.10162796625775222
0.10256889151206335
0.10351852135477821
0.10447693611651462
0.10544421686374741
0.10642044540598418
0.10740570430120551
0.10840007686315686
0.10940364716842112
0.1104165000627641
0.11143872116791077
0.11247039688906654
0.11351161442096463
0.1145624617560327
0.11562302769059518
0.11669340183205927
0.11777367460703901
0.11886393726708125
0.11996428189749772
0.12107480142394751
0.12219558961992127
0.12332674111424452
0.12446835139897809
0.12562051683650655
0.12678333466778105
0.1279569030194778
0.12914132091229114
0.13033668826846218
0.13154310591972687
0.13276067561565355
0.1339895000310682
0.13522968277477687
0.1364813283971771
0.13774454239904085
0.13901943123936467
0.140306102343755
0.14160466411325046
0.14291522593217315
0.14423789817737143
0.14557279222601316
0.14692002046500469
0.14827969629932325
0.14965193416083028
0.15103684951720658
0.15243455888090907
0.15384517981805051
0.1552688309575023
0.15670563199999613
0.1581557037271043
0.1596191680110996
0.16109614782335535
0.16258676724451496
0.16409115147346548
0.165609426836936
0.16714172079904796
0.1686881619712005
0.17024888012122577
0.1718240061835363
0.17341367226898657
0.17501801167429984
0.17663715889257084
0.178271249622851
0.17992042078050474
0.18158481050696298
0.18326455818033396
0.18495980442533852
0.18667069112394744
0.18839736142518498
0.1901399597563911
0.1918986318327882
0.19367352466868445
0.1954647865880899
0.19727256723486197
0.1990970175840048
0.2009382899520168
0.20279653800808256
0.2046719167848394
0.20656458268920525
0.20847469351346326
0.21040240844659577
0.21234788808480504
0.2143112944434806
0.21629279096751802
0.21829254254344788
0.22031071551017556
0.22234747767055738
0.22440299830275728
0.22647744817179516
0.22857099954101517
0.23068382618375918
0.23281610339460643
0.23496800800126028
0.23713971837627615
0.23933141444882333
0.24154327771596915
0.2437754912550497
0.24602823973510915
0.24830170942896543
0.250596088224824
0.25291156563845946
0.255248332825027
0.2576065825908891
0.25998650940574214
0.2623883094147654
0.26481218045013755
0.2672583220434333
0.26972693543772414
0.2722182235992071
0.27473239122979864
0.2772696447786293
0.2798301924544681
0.28241424423758565
0.28502201189192944
0.28765370897702897
0.29030955086004895
0.29298975472788763
0.2956945395989114
0.29842412633521237
0.3011787376542971
0.3039585981411289
0.30676393425981435
0.30959497436564076
0.312451948716669
0.31533508948566796
0.31824463077144627
0.3211808086107044
0.3241438609896336
0.32713402785515805
0.33015155112658207
0.33319667470656505
0.3362696444928043
0.33937070838885613
0.3425001163151999
0.3456581202201812
0.34884497409103765
0.35206093396428384
0.35530625793639314
0.358581206174489
0.3618860409261691
0.3652210265300713
0.3685864294257113
0.3719825181631587
0.37540956341297055
0.3788678379754786
0.38235761679011704
0.3858791769445436
0.3894327976834075
0.39301876041704203
0.39663734872990075
0.4002888483887047
0.4039735473504461
0.40769173576988654
0.41144370600714514
0.4152297526345149
0.4190501724436235
0.4229052644515893
0.42679532990737157
0.4307206722975883
0.43468159735184747
0.43867841304808625
0.44271142961703785
0.4467809595467942
0.4508873175865668
0.45503082075028045
0.459211788319598
0.4634305418465266
0.46768740515543245
0.47198270434491496
0.47631676778856974
0.4806899261359322
0.4851025123122095
0.4895548615179737
0.4940473112278158
0.49858020118883
0.503153873418038
0.5077686721995072
0.5124249440805457
0.5171230378673614
0.5218633046199547
0.5266460976460454
0.5314717724947484
0.5363406869487991
0.5412532010164302
0.5462096769221991
0.5512104790970028
0.556255974167048
0.5613465309421364
0.5664825204025813
0.571664315685621
0.5768922920703182
0.5821668269617113
0.58748829987374
0.5928570924110823
0.5982735882497123
0.6037381731163421
0.6092512347666971
0.6148131629622768
0.6204243494460224
0.6260851879164081
0.631796074000428
0.637557405224727
0.6433695809856079
0.6492330025173173
0.6551480728587612
0.6611151968185888
0.6671347809387401
0.6732072334560248
0.6793329642621108
0.6855123848615555
0.6917459083282
0.6980339492591885
0.7043769237275045
0.7107752492321046
0.7172293446459822
0.723739630162267
0.7303065272379075
0.7369304585351117
0.743611847860509
0.7503511201017464
0.7571487011617463
0.7640050178903361
0.7709204980132373
0.7778955700584791
0.7849306632798516
0.7920262075776686
0.7991826334165736
0.8064003717403321
0.813679853883576
0.8210215114803201
0.8284257763693391
0.8358930804961578
0.8434238558116043
0.8510185341670062
0.8586775472055147
0.8664013262501282
0.8741903021875896
0.8820449053486189
0.88996556538407
0.8979527111371369
0.906006770511276
0.9141281703338621
0.9223173362155906
0.9305746924052144
0.9389006616398443
0.9472956649904525
0.9557601217025377
0.9642944490320077
0.9728990620757854
0.981574373597479
0.9903207938475642
0.9991387303782754
1.0080285878529174
1.0169907678495478
1.0260256686587772
1.0351336850757917
1.0443152081861462
1.0535706251455796
1.0629003189532635
1.0723046682187913
1.0817840469224809
1.091338824168909
1.1009693639336482
1.1106760248028509
1.1204591597058111
1.1303191156400367
1.1402562333890227
1.1502708472322378
1.160363284647473
1.1705338660052065
1.1807829042548847
1.19111070460297
1.2015175641826596
1.212003771714964
1.2225696071612109
1.2332153413665796
1.2439412356946562
1.254747541652852
1.265634500508491
1.2766023428953326
1.2876512884105813
1.2987815452020035
1.3099933095450966
1.3212867654102023
1.3326620840193293
1.3441194233925295
1.355658927883804
1.3672807277061876
1.3789849384460298
1.3907716605663192
1.402640978898806
1.4145929621248494
1.426627662244871
1.4387451140363228
1.4509453344998822
1.4632283222939388
1.4755940571571953
1.4880424993191872
1.500573588898758
1.5131872452902986
1.5258833665376872
1.538661828695871
1.5515224851799814
1.5644651661019087
1.5774896775943692
1.59059580112227
1.6037832927814857
1.617051882584968
1.6304012737360793
1.6438311418893408
1.6573411343984759
1.6709308695517855
1.6845999357949237
1.6983478909412264
1.7121742613694575
1.7260785412092612
1.7400601915143468
1.7541186394235666
1.768253277309997
1.7824634619182742
1.7967485134902839
1.8111077148795387
1.8255403106543717
1.8400455061903476
1.8546224667520184
1.869270316564574
1.8839881378755126
1.8987749700069008
1.9136298083985417
1.9285516036425279
1.943539260509683
1.9585916369683734
1.9737075431963222
1.988885740585949
2.004124940743893
2.0194238044854416
2.0347809408245356
2.050194905960117
2.065664202259722
2.081187277241012
2.0967625225522974
2.1123882729529964
2.12806280529488
2.143784337505452
2.1595510275742487
2.175360972543516
2.191212207504298
2.207102704599324
2.223030372034001
2.2389930530969484
2.2549885251914876
2.2710144988796834
2.287068616940498
2.3031484534437277
2.319251512841422
2.335375229078669
2.3515169647254814
2.3676740101318314
2.3838435826077595
2.400022825630692
2.416208808082017
2.4323985235152725
2.448588889458058
2.4647767467501795
2.480958858920345
2.4971319116039594
2.513292512004551
2.5294371884014777
2.5455623897066086
2.5616644850727233
2.5777397635564814
2.59378443383886
2.609794624005952
2.625766381393191
2.641695672496063
2.6575783829503634
2.673410317585233
2.6891872005521353
2.704904675533031
2.720558306031052
2.7361435757469845
2.7516558890448968
2.767090571510274
2.782442870604056
2.7977079564159597
2.8128809225204803
2.8279567869389033
2.8429304932108024
2.8577969115782564
2.87255084028618
2.88718700700201
2.9017000703579816
2.9160846216191434
2.9303351864802667
2.9444462269945832
2.9584121436373207
2.9722272775068537
2.985885912666144
2.999382278627075
3.0127105529800526
3.0258648641712025
3.038839294429217
3.0516278828437717
3.0642246285972456
3.0766234943512183
3.0888184097890234
3.1008032753153754
3.1125719659138564
3.1241183351627195
3.135436219409237
3.1465194421024694
3.15736181828404
3.167957159236141
3.178299277285689
3.188381990763107
3.1981991291139207
3.2077445381609206
3.217012085514222
3.2259956661261686
3.2346892079876124
3.243086677961613
3.251182087750207
3.2589694999894046
3.266443034467161
3.2735968744585318
3.2804252731718218
3.286922560299028
3.2930831486633934
3.2989015409564746
3.3043723365565696
3.309490238419971
3.3142500600359996
3.318646732436333
3.3226753112487333
3.32633098378481
3.329609076151081
3.33250506037217
3.3350145615146403
3.3371333647995742
3.338857422691734
3.3401828619527594
3.341105990645688
3.3416233050777535
3.3417314966682636
3.341427458728162
3.340708293137768
3.339571316909049
3.3380140686187736
3.336034314698832
3.3336300555700795
3.330799531606073
3.32754122891325
3.3238538849141954
3.3197364937208804
3.3151883112849876
3.310208860312715
3.3047979349318077
3.298955605098896
3.2926822207356556
3.28597841558274
3.278845110760904
3.2712835180292488
3.2632951427310624
3.2548817864182653
3.2460455491460807
3.2367888314300886
3.2271143358584786
3.217025068352894
3.2065243390718496
3.195615762951336
3.1843032598777965
3.1725910544892013
3.1604836756005437
3.147985955250549
3.1351030273668647
3.121840326047483
3.1082035834564743
3.0941988273324847
3.0798323781087182
3.065110845643335
3.0500411255593733
3.0346303951933424
3.0188861091517074
3.002815994474391
2.9864280454042866
2.9697305177616347
2.952731922921794
2.9354410213946314
2.9178668160034156
2.9000185446606097
2.88190567273752
2.8635378850242397
2.8449250772758323
2.826077347340146
2.807004985862127
2.787718466559068
2.768228436060751
2.7485457033080687
2.728681228503503
2.7086461116066367
2.6884515803678726
2.6681089778937706
2.647629749737709
2.6270254305102516
2.6063076300044257
2.585488018832335
2.5645783135709754
2.543590261416968
2.5225356243521713
2.5014261628247163
2.4802736189530394
2.45908969926401
2.4378860569801346
2.4166742738751914
2.395465841722542
2.3742721433655944
2.353104433445639
2.3319738188283625
2.3108912387768985
2.28986744492599
2.268912981118949
2.248038163176344
2.227253058672675
2.2065674668046023
2.185990898441605
2.1655325564568515
2.145201316442693
2.125005707921325
2.1049538961665113
2.085053664756879
2.0653123989848052
2.045737070247372
2.026334221546866
2.007109954227844
1.9880699160757733
1.9692192908983492
1.9505627897048918
1.9321046435916125
1.9138485984308589
1.8957979114508294
1.8779553497787145
1.860323191004756
1.8429032258075806
1.8256967626625336
1.8087046346347542
1.79192720823786
1.7753643943175508
1.759015660897725
1.7428800479051452
1.7269561836678349
1.7112423030627655
1.6957362671703888
1.6804355842777523
1.6653374320588668
1.6504386807509377
1.6357359171385966
1.6212254691556924
1.6069034309156793
1.592765687987501
1.5788079427440298
1.5650257396246672
1.5514144901722466
1.5379694977267047
1.5246859816834695
1.5115591012523832
1.4985839786823174
1.4857557219462822
1.4730694469103065
1.4605202990350712
1.448103474680479
1.4358142420979
1.4236479622008837
1.4116001092005053
1.399666291174494
1.3878422706082132
1.376123984899533
1.3645075667583917
1.3529893643560607
1.3415659609907873
1.3302341939389386
1.3189911720586684
1.3078342916129566
1.296761249688283
1.2857700545130695
1.2748590319361282
1.264026827319361
1.2532724021402597
1.2425950246959185
1.2319942544566285
1.221469919835427
1.2110220894173178
1.2006510370203274
1.1903572013261827
1.1801411412011484
1.170003488202035
1.15994489809822
1.1499660035043808
1.140067369876536
1.1302494571441326
1.1205125891074528
1.1108569324062578
1.1012824863596846
1.0917890843031348
1.0823764062383632
1.0730440017213145
1.0637913210096666
1.0546177516637496
1.0455226571329586
1.0365054134548692
1.0275654401218393
1.0187022214797625
1.00991531572797
1.0012043496545089
0.9925689985844165
0.9840089525118899
0.9755238708680282
0.9671133296663886
0.9587767657014309
0.9505134229200658
0.9423223059777152
0.9342021453434809
0.9261513772383694
0.918168140357741
0.9102502899758138
0.9023954288937249
0.8946009539652754
0.8868641167110367
0.8791820967730682
0.8715520874841762
0.8639713933190044
0.8564375390868518
0.848948390071231
0.8415022807031444
0.8340981467863978
0.8267356530761674
0.8194153047389807
0.8121385287005016
0.8049077099865611
0.797726169607566
0.7905980746856395
0.7835282781913865
0.7765220940333584
0.769585021962026
0.7627224441179326
0.7559393194132379
0.7492399020923407
0.7426275064220396
0.7361043312340174
0.729671347734481
0.7233282440627626
0.7170734130988462
0.7109039679819903
0.7048157734819748
0.6988034899475619
0.6928606376976559
0.6869797000553681
0.681152289246074
0.6753693984410514
0.6696217543795128
0.6639002693845156
0.6581965722236885
0.6525035782789694
0.6468160449950143
0.6411310515889143
0.6354483437499049
0.6297704939113861
0.6241028437129704
0.6184532151450306
0.6128313986054421
0.607248448381838
0.6017158379232503
0.5962445473164357
0.5908441712425286
0.5855221438768067
0.5802831738588926
0.5751289646852334
0.5700582630275812
0.5650672320939168
0.5601500950928047
0.5552999439013442
0.550509570926899
0.5457721691810118
0.5410817661054004
0.5364333143738429
0.5318224513578842
0.5272450389155224
0.5226966761901993
0.5181724069136597
0.5136667970317343
0.5091744410335709
0.5046907999296711
0.5002131371379023
0.4957412583401478
0.4912778091560918
0.48682802685262544
0.48239902271696744
0.47799881462103155
0.47363537624932533
0.46931590836633275
0.46504640809759834
0.46083148339139074
0.4566742915987991
0.45257649403982914
0.4485381887473879
0.4445578636122933
0.4406324588131184
0.43675762003781265
0.43292816613654606
0.4291387080165671
0.42538427269769136
0.4216607434628977
0.41796494969192105
0.41429433095583873
0.4106462380367732
0.4070170860759217
0.40340170884458354
0.39979333713863335
0.3961845717813287
0.3925694599487703
0.388946287382158
0.3853201131937847
0.3817037483293945
0.37811620012273417
0.37457865544901925
0.3711093852103918
0.36771967800436633
0.36441242860078055
0.3611834968968821
0.3580243987401295
0.3549243903898102
0.3518709089986428
0.3488489069197978
0.3458406384841457
0.34282722192602816
0.3397921808334312
0.33672609156958616
0.3336308938815215
0.3305221912616591
0.3274279715309212
0.3243831141512477
0.32142085773837187
0.31856393325521665
0.31581811943096316
0.31316986215890075
0.31058857567980147
0.30803350518154765
0.30546372082360446
0.302848208177552
0.30017280246831507
0.2974422769399442
0.2946775121739221
0.291908551000528
0.2891658356047245
0.2864738253708738
0.28385010013273687
0.2813077355434363
0.2788546177867588
0.27648699170196006
0.27418358857035807
0.27190999482598754
0.2696341546806102
0.2673421382316985
0.2650425901187431
0.2627582235645483
0.26051093942644665
0.25830868724177397
0.256141124180424
0.2539869583457766
0.25182744717670025
0.2496564004965507
0.24748233526696659
0.24532354704328269
0.24319628716534714
0.24109999251237796
0.23901252244668017
0.23690425781466393
0.23476088982332852
0.23259610433832556
0.23044611049028843
0.22835106323859897
0.22633433937979397
0.22439020063375972
0.22248557051127107
0.22057539142873162
0.2186222055209885
0.21660846936528452
0.2145439830469584
0.2124726977096064
0.21046167017003012
0.20856129417253866
0.2067682256868394
0.20503087243802062
0.20329234324414863
0.20152577772904762
0.19972971386374486
0.1979027541825114
0.19604334107101454
0.19417596975336468
0.19235059172258284
0.19060408161178422
0.18893736040151102
0.1873213652863128
0.18570608929160656
0.184044308440661
0.1823348498078206
0.18063956757951025
0.17904169966620923
0.17757713630579797
0.17620301579890188
0.17483009539229613
0.17339234335694748
0.1718852600559747
0.17033747592678372
0.168794455488892
0.167306361374145
0.16586167369414925
0.1643796039004609
0.1628031238712695
0.1611640333742874
0.15954700793280624
0.15800602556478804
0.15652762343812066
0.1550900766643899
0.1537241557932455
0.15246966048685
0.1513186418775143
0.1502136498611096
0.14906803472472713
0.14783977400403467
0.14656946161469575
0.14529766201857322
0.14402445377212442
0.14276355782083044
0.14151705517709573
0.14023724332883322
0.13892225417950377
0.13764142342100955
0.13640862738392678
0.13516292533157642
0.13384978865909483
0.1324713847715247
0.13113185759231116
0.12997877389784998
0.12900639597893548
0.12805341933250963
0.12700810215430056
0.12587789473950192
0.12473689207919733
0.1236027796918857
0.12247302629477443
0.12147222172166694
0.12058362237064742
0.11957112713706643
0.11838648557847713
0.11714987757199298
0.11600143713100156
0.1149169011189347
0.11380070920294896
0.11273648423878452
0.11186840419884043
0.11105062332584609
0.11007744504875361
0.10905375721829852
0.10809317018142602
0.10710133930304958
0.1060678699335725
0.10507659616498924
0.10409412499606978
0.1031261303433714
0.10225616981682926
0.10146507098788174
0.1006418616164936
0.09965883519680684
0.09858481957795798
0.09760498234045382
0.0967925407599473
0.09613917386243052
0.09553558352832878
0.09466960266850379
0.09365472955838157
0.0928381363293017
0.09216721581002407
0.09138941599813363
0.0904836809922022
0.08955539463808956
0.0886481307804605
0.0878672289228396
0.08718891041234084
0.0864954238627173
0.08586325998997897
0.08522328479391095
0.08436717994805867
0.0832884900900719
0.08243704548275678
0.08186989730784912
0.08121149789296099
0.08044353777273014
0.07952493813022063
0.0786710020658033
