0.03484168523311125
0.035164376236598516
0.03549005552371844
0.03581875075682928
0.03615048985489399
0.036485300994541114
0.03682321261296031
0.037164253410494244
0.03750845235300508
0.03785583867367798
0.03820644187589408
0.03856029173643831
0.03891741830692828
0.039277851916703695
0.039641623175419305
0.04000876297595409
0.040379302496747205
0.04075327320417833
0.04113070685556644
0.04151163550152835
0.041896091489261746
0.04228410746417946
0.04267571637446807
0.04307095147160441
0.04346984631531598
0.04387243477449473
0.04427875103183985
0.04468882958497076
0.04510270525058676
0.04552041316744081
0.04594198879817175
0.046367467933576906
0.04679688669444508
0.04723028153572616
0.047667689248575076
0.04810914696410474
0.048554692156669105
0.04900436264604399
0.049458196601421985
0.04991623254465798
0.050378509352717926
0.05084506626215007
0.051315942871377106
0.0517911791439014
0.0522708154129258
0.052754892383218614
0.05324345113547744
0.05373653312966127
0.054234180207833625
0.054736434598549676
0.055243338919908715
0.055754936182875796
0.05627126979559009
0.056792383566217484
0.05731832170742784
0.05784912883914715
0.05838484999304885
0.058925530616222015
0.05947121657444637
0.06002195415681392
0.06057779007840707
0.0611387714856223
0.061704945959067586
0.06227636151827264
0.06285306662485704
0.06343511018689642
0.06402254156364671
0.0646154105686938
0.06521376747452907
0.06581766301691587
0.06642714839864361
0.06704227529409829
0.06766309585373124
0.06828966270798106
0.06892202897153865
0.06956024824851227
0.0702043746359226
0.07085446272877759
0.07151056762467735
0.07217274492801934
0.07284105075463262
0.07351554173651549
0.07419627502670628
0.07488330830369455
0.07557669977629576
0.07627650818834417
0.07698279282376977
0.0776956135115483
0.07841503063028485
0.07914110511322585
0.07987389845362268
0.08061347270929835
0.0813598905083941
0.08211321505364563
0.08287351012855189
0.08364084010160207
0.08441526993255297
0.0851968651769044
0.08598569199154843
0.08678181714071391
0.08758530800040247
0.08839623256464514
0.0892146594510858
0.0900406579059111
0.09087429781008619
0.09171564968500186
0.0925647846979136
0.09342177466795451
0.09428669207174102
0.09515961004957853
0.09604060241133015
0.0969297436419734
0.09782710890810038
0.0987327740639864
0.09964681565722226
0.10056931093547557
0.10150033785232547
0.10243997507370564
0.10338830198434333
0.10434539869377468
0.10531134604313008
0.10628622561135265
0.10727011972203004
0.10826311144964733
0.10926528462647428
0.11027672384913821
0.1112975144852487
0.11232774268046947
0.11336749536533795
0.11441686026166965
0.11547592589029622
0.11654478157737887
0.11762351746194513
0.11871222450267245
0.1198109944852869
0.12091992002972093
0.12203909459737566
0.12316861249852863
0.12430856889940503
0.12545905983011182
0.12662018219183632
0.12779203376443846
0.12897471321416445
0.13016832010108476
0.13137295488720416
0.13258871894386148
0.13381571455967403
0.13505404494856618
0.13630381425758897
0.1375651275749533
0.13883809093813224
0.14012281134187768
0.1414193967464621
0.1427279560859784
0.14404859927643432
0.14538143722424618
0.14672658183476325
0.1480841460202075
0.1494542437088385
0.15083698985320285
0.15223250043851094
0.15364089249182472
0.1550622840904532
0.1564967943708348
0.1579445435374081
0.1594056528713157
0.1608802447397573
0.16236844260461425
0.16387037103165158
0.16538615569969167
0.16691592340964256
0.16845980209398603
0.17001792082564604
0.17159040982777804
0.17317740048263808
0.17477902534164166
0.17639541813413495
0.17802671377751023
0.1796730483865621
0.18133455928304573
0.18301138500543343
0.18470366531867993
0.1864115412239488
0.18813515496840452
0.1898746500551974
0.19163017125319062
0.19340186460708225
0.19518987744740196
0.19699435840039708
0.19881545739813272
0.2006533256888592
0.20250811584689915
0.20437998178291394
0.20626907875433323
0.20817556337517207
0.21009959362691835
0.21204132886837201
0.21400092984627153
0.21597855870556906
0.21797437899996028
0.21998855570232698
0.2220212552151205
0.2240726453808221
0.22614289549263117
0.22823217630486842
0.2303406600437019
0.23246852041737853
0.23461593262714595
0.23678307337771975
0.23897012088775502
0.24117725490074993
0.2434046566952844
0.24565250909599454
0.24792099648397314
0.2502103048073407
0.25252062159194383
0.2548521359519439
0.2572050386004217
0.25957952185961025
0.26197577967199204
0.26439400761039444
0.2668344028885051
0.26929716437152446
0.27178249258638887
0.27429058973230336
0.27682165969096606
0.279375908036892
0.2819535420477699
0.28455477071438273
0.2871798047510665
0.28982885660546126
0.2925021404687391
0.2951998722853845
0.29792226976305813
0.30066955238240867
0.3034419414066798
0.30623965989117624
0.30906293269297924
0.3119119864800083
0.31478704974050026
0.31768835279193336
0.32061612779007986
0.32357060873795535
0.3265520314943261
0.3295606337824214
0.33259665519825454
0.3356603372189103
0.3387519232105283
0.34187165843622896
0.3450197900638237
0.3481965671731326
0.3514022407635239
0.35463706376069154
0.3579012910237099
0.3611951793514697
0.3645189874891164
0.3678729761339713
0.3712574079415874
0.3746725475310547
0.37811866149030054
0.3815960183810745
0.3851048887434896
0.38864554510032345
0.39221826196097775
0.3958233158249856
0.39946098518534356
0.4031315505311764
0.406835294350339
0.41057250113118976
0.4143434573644945
0.4181484515442313
0.421987774168507
0.4258617177395759
0.4297705767636223
0.4337146477500383
0.4376942292098098
0.44170962165389216
0.4457611275905852
0.4498490515225034
0.45397369994291564
0.4581353813314243
0.4623344061490944
0.46657108683264914
0.47084573778828875
0.4751586753845838
0.4795102179447215
0.4839006857378939
0.4883304009699182
0.4927996877731442
0.4973088721953563
0.5018582821879264
0.5064482475929035
0.5110791001294005
0.5157511733788627
0.5204648027692883
0.525220325558664
0.5300180808171029
0.5348584094080165
0.539741653968106
0.5446681588863443
0.5496382702815071
0.5546523359787112
0.5597107054846462
0.5648137299613231
0.569961762198836
0.5751551565862693
0.5803942690816708
0.5856794571801732
0.5910110798808564
0.5963894976519496
0.6018150723944393
0.6072881674040719
0.612809147331609
0.6183783781414576
0.6239962270683347
0.6296630625722921
0.635379254291655
0.6411451729941852
0.6469611905261671
0.6528276797593534
0.6587450145360394
0.6647135696116555
0.670733720595402
0.6768058438883929
0.6829303166196038
0.6891075165792834
0.6953378221499061
0.7016216122346803
0.7079592661832284
0.7143511637147753
0.7207976848384845
0.7272992097709711
0.7338561188509253
0.7404687924507339
0.7471376108850482
0.7538629543161942
0.7606452026564233
0.7674847354667842
0.7743819318526469
0.7813371703557749
0.7883508288427375
0.7954232843898942
0.8025549131643179
0.8097460903011964
0.8169971897771013
0.8243085842793736
0.8316806450712498
0.8391137418529028
0.8466082426180979
0.8541645135064064
0.8617829186509702
0.8694638200215458
0.8772075772628554
0.8850145475281043
0.892885085307464
0.900819542251626
0.9088182669899229
0.9168816049434152
0.9250098981323909
0.9332034849783496
0.9414627001003151
0.9497878741054243
0.958179333373515
0.9666373998357519
0.9751623907470057
0.983754618452071
0.9924143901452469
1.001142007623628
1.0099377670334924
1.0188019586099424
1.0277348664096446
1.0367367680363766
1.0458079343594486
1.054948629224645
1.0641591091578098
1.0734396230606333
1.0827904118987572
1.0922117083819272
1.1017037366361464
1.1112667118674635
1.1209008400176381
1.1306063174111554
1.140383330393709
1.15023205496189
1.1601526563840274
1.1701452888119481
1.1802100948835632
1.190347205316223
1.200556738490558
1.2108388000248238
1.2211934823394979
1.2316208642120563
1.2421210103219111
1.252693970785129
1.2633397806790867
1.27405845955681
1.2848500109508718
1.2957144218668268
1.3066516622660242
1.3176616845377316
1.328744422960449
1.3398997931523684
1.3511276915108843
1.3624279946410787
1.3738005587731084
1.3852452191685327
1.3967617895153577
1.4083500613119548
1.4200098032396933
1.4317407605243115
1.4435426542860805
1.4554151808786466
1.4673580112166846
1.4793707900923334
1.491453135480469
1.5036046378329104
1.5158248593615613
1.5281133333106829
1.5404695632182719
1.55289302216685
1.5653831520236012
1.5779393626702178
1.5905610312224936
1.6032475012399845
1.6159980819258446
1.6288120473172545
1.6416886354665168
1.6546270476133682
1.6676264473485454
1.6806859597692734
1.6938046706268208
1.7069816254666617
1.7202158287616487
1.7335062430387451
1.7468517879997134
1.7602513396364396
1.7737037293413795
1.787207743013806
1.8007621201625494
1.8143655530058163
1.8280166855689717
1.8417141127809815
1.8554563795703998
1.8692419799617113
1.8830693561730436
1.8969368977161523
1.9108429404997047
1.9247857659369567
1.9387636000589692
1.9527746126344538
1.9668169162975504
1.9808885656848254
1.994987556582764
2.0091118250872273
2.0232592467762696
2.037427635897885
2.051614744574204
2.0658182620238423
2.080035813803983
2.0942649610741264
2.108503199883126
2.122747960481564
2.1369966066613
2.151246435124267
2.1654946748825386
2.1797384866918614
2.1939749625207807
2.2082011250576667
2.222413927257948
2.236610251933918
2.2507869113895946
2.2649406471030744
2.2790681294589903
2.2931659575336107
2.3072306589353437
2.321258689703262
2.3352464342664176
2.349190205466833
2.3630862446488883
2.3769307218180815
2.390719735872027
2.4044493149066497
2.418115416600532
2.4317139286804155
2.4452406694708606
2.4586913885310313
2.4720617673816876
2.4853474203253207
2.498543895362484
2.51164667520724
2.5246511784047416
2.537552760553785
2.5503467156372746
2.5630282774633595
2.5755926212200393
2.5880348651458918
2.6003500723195416
2.612533252570352
2.624579364512769
2.636483317706565
2.648239974945167
2.659844154674053
2.6712906335411106
2.682574149080606
2.693689402532306
2.704631061797069
2.7153937645300052
2.7259721213720938
2.736360719320926
2.7465541252409875
2.7565468895136114
2.766333549826466
2.7759086351021867
2.785266669565411
2.794402176947182
2.8033096848253627
2.8119837290993566
2.820418858597065
2.828609639811683
2.8365506617655303
2.844236540997739
2.851661926672248
2.858821505802118
2.8657100085858414
2.8723222138508144
2.8786529545988326
2.884697123647988
2.890449679364931
2.895905651481098
2.901060146986026
2.905908356090533
2.9104455582520865
2.9146671282543246
2.9185685423323275
2.922145384334802
2.9253933519140833
2.928308262734449
2.9308860606889504
2.9331228221146834
2.9350147619961358
2.9365582401460233
2.937749767352777
2.938586011483719
2.939063803532743
2.9391801436012743
2.9389322068011414
2.938317349067992
2.9373331128738607
2.9359772328275566
2.934247641151591
2.9321424730245202
2.9296600717777235
2.926798993935839
2.9235580140903594
2.919936129596146
2.915932565080966
2.9115467767585415
2.9067784565359682
2.9016275359068424
2.8960941896218735
2.890178839129274
2.8838821557777226
2.8772050637752553
2.870148742897975
2.862714630943035
2.854904425920911
2.846720087982537
2.8381638410774435
2.82923817433951
2.8199458431975386
2.8102898702082393
2.8002735456097
2.7899004275937958
2.7791743422963116
2.7680993835038183
2.7566799120765624
2.7449205550867464
2.73282620467161
2.7204020166007012
2.7076534085565687
2.694586058127922
2.6812059005139166
2.6675191259378646
2.653532176768105
2.639251744343149
2.6246847654975363
2.60983841878398
2.5947201203865116
2.5793375197183908
2.563698494697451
2.5478111466905218
2.5316837951173783
2.5153249717035626
2.4987434143702134
2.4819480607478783
2.4649480413002007
2.447752672042259
2.4303714468373467
2.4128140292551317
2.3950902439733595
2.3772100677046586
2.359183619629676
2.341021151317537
2.3227330361147813
2.304329757984227
2.2858218997760265
2.2672201309141324
2.2485351944828804
2.2297778937002692
2.2109590777667716
2.19208962708129
2.1731804378191613
2.154242405870838
2.135286410144181
2.116323295238166
2.0973638535011374
2.078418806492715
2.059498785874866
2.040614313764703
2.021775782588992
2.002993434488309
1.9842773403271636
1.965637378375108
1.9470832127328255
1.9286242715864717
1.9102697253828096
1.8920284650270065
1.8739090802142024
1.855919838014842
1.8380686618423354
1.8203631109395153
1.8028103605276313
1.7854171827678644
1.768189928690525
1.751134511251053
1.7342563896743324
1.7175605552496234
1.701051518737493
1.6847332995471416
1.6686094168375596
1.6526828826888846
1.6369561974809466
1.6214313476044713
1.6061098056166678
1.5909925329369359
1.5760799851604375
1.5613721200472064
1.546868408222662
1.5325678466018033
1.5184689745243019
1.5045698925613713
1.4908682839277347
1.477361438403492
1.4640462786414483
1.4509193887054228
1.4379770446545965
1.4252152469580985
1.4126297544929152
1.4002161198471208
1.3879697256195491
1.3758858213768268
1.3639595608995676
1.3521860393222493
1.34056032974677
1.3290775188889388
1.3177327413016406
1.3065212117097114
1.2954382549913523
1.2844793333511386
1.273640070252251
1.2629162707121024
1.2523039376176328
1.2417992837850418
1.2313987395739405
1.2210989559671044
1.210896803142461
1.200789364690699
1.1907739277655576
1.1808479695889387
1.171009140862805
1.1612552467567099
1.1515842262358384
1.1419941305616907
1.1324831018287858
1.1230493523904443
1.1136911459713277
1.1044067811636038
1.0951945778603358
1.0860528670009375
1.0769799838001044
1.0679742644176977
1.0590340458197256
1.0501576683982556
1.0413434807790372
1.032589846166171
1.0238951495654542
1.0152578052982388
1.0066762643644391
0.9981490214266917
0.9896746214489743
0.981251666305431
0.9728788219459698
0.9645548269282189
0.95627850326475
0.9480487705587455
0.9398646642878248
0.9317253588341841
0.9236301954547338
0.9155787148593175
0.9075706934565501
0.8996061816876935
0.8916855422612862
0.8838094855908989
0.8759790993879802
0.8681958692232488
0.8604616869780469
0.8527788444732701
0.8451500101746882
0.8375781876916909
0.8300666557530569
0.8226188903861722
0.8152384710685926
0.8079289735914704
0.8006938532152478
0.7935363223695131
0.7864592276304642
0.7794649309948528
0.7725552005591292
0.7657311156044339
0.7589929907701413
0.7523403234484842
0.7457717677253822
0.7392851371170279
0.7328774370336012
0.7265449264232785
0.7202832065608276
0.7140873336505629
0.7079519510359888
0.7018714365255164
0.6958400607118862
0.6898521530522729
0.6839022735432543
0.6779853885519559
0.6720970491763507
0.6662335689538091
0.6603921946995945
0.6545712601142171
0.6487703074709095
0.6429901595189199
0.6372329231637015
0.6315019096469946
0.6258014632454683
0.6201367013171534
0.6145131812079038
0.6089365217249082
0.6034120160608955
0.5979442771390182
0.5925369542324119
0.5871925514676851
0.5819123656210786
0.576696544427929
0.5715442498537224
0.5664538959672818
0.5614234206948094
0.5564505469811188
0.5515329931625615
0.5466686047358248
0.5418553983343273
0.537091529673759
0.5323752151475302
0.527704646359755
0.5230779349114643
0.518493111542784
0.5139481836024463
0.5094412348059805
0.5049705385022736
0.5005346545382626
0.49613248996941
0.49176332047511284
0.4874267852433228
0.4831228769373549
0.47885194706929285
0.474614736450223
0.4704124237430642
0.4662466666970253
0.46211959459463803
0.4580337016023079
0.45399159517567544
0.4499955774836067
0.44604708287438544
0.4421460535138123
0.43829039049075313
0.43447564501592395
0.4306950948764578
0.4269402824488867
0.42320199057300245
0.41947153366619894
0.4157421741176465
0.4120104519834902
0.40827723212164313
0.4045483087879137
0.4008344494594214
0.3971508060127593
0.39351567797917336
0.3899486799447683
0.3864684358645956
0.38308999328343624
0.3798222306350948
0.37666563327840735
0.3736109167639409
0.37063899754737983
0.3677226429215772
0.3648297309443552
0.3619275324087348
0.3589870494728668
0.35598645789873046
0.35291313620434844
0.3497643696148924
0.34654719868962053
0.34327780782851897
0.3399804330371404
0.33668539944177733
0.3334259405868222
0.330233953190937
0.32713548184702307
0.32414704843452896
0.32127370004336725
0.3185090222024406
0.31583679248263574
0.31323375330249786
0.3106730852849128
0.30812820679827696
0.3055763088549075
0.3030008273798414
0.30039236447027307
0.2977484547826927
0.29507328044080855
0.2923780472940526
0.2896813191278448
0.28700748180945207
0.28438199098162414
0.28182405869813
0.2793395943765668
0.2769181564138181
0.27453668894018085
0.272169829030083
0.2698024979800613
0.26743773222659595
0.2650939781417617
0.2627919022777699
0.26053811791387504
0.2583168301534796
0.2560963424806023
0.25384706450332295
0.2515587360182321
0.24924522569723637
0.24693534665126532
0.24465808963884209
0.2424319871386819
0.2402624985252013
0.23814558645285888
0.2360733993363475
0.23403779016618348
0.23202920617389416
0.23003351683859077
0.2280335465832916
0.22601823402089988
0.22399214275216014
0.2219736206907632
0.21997950784798162
0.2180103228951596
0.21605321150940923
0.21410121777354632
0.21216606066645305
0.2102680487792465
0.20841644411226395
0.20660544969043823
0.20482829367938407
0.20308877082560123
0.20139760811355678
0.19976222591360093
0.19817905036088854
0.1966263931421283
0.19506251519761347
0.19344285702393008
0.19175058398644487
0.19000983152976858
0.18826560466494743
0.18655041570687003
0.18486960391016902
0.18321492777621853
0.18158312049565625
0.17997672365653325
0.17839614882533508
0.17683522667400167
0.17527683626871415
0.1736958305845224
0.17207818024419247
0.17043820280448543
0.1688110287685557
0.1672233321195916
0.16566815133502868
0.16411458331598178
0.16255550296492552
0.16103636369609614
0.1596104674741112
0.1582749569711158
0.15697572378586078
0.15566640461925768
0.1543427576137117
0.15302127590886755
0.15170263967119654
0.1503746426512839
0.1490360813174562
0.1476847503284054
0.14631400696881494
0.14495137661555824
0.14364791872318902
0.14241625569681174
0.14121187863359627
0.13998461617971106
0.13873913196462465
0.1375133812385523
0.13632810835664977
0.1351792491190709
0.13405232016244023
0.13292628455899272
0.1317560420538186
0.13051246343436465
0.12924240496707765
0.12801768900782873
0.12689006688716034
0.12587482282587478
0.12490765486418064
0.12387114888177868
0.1226991797267488
0.12145262234214178
0.12029377175874922
0.11932557813961549
0.11843628935653316
0.11741092820961524
0.11619649859460868
0.11494110626202303
0.11379692243894549
0.11277046943022019
0.11178832594253119
0.11078773542971829
0.10979746459455098
0.10890775108123942
0.10813806475100238
0.1073632060958249
0.10643329308890079
0.10537535488524785
0.10429006579422453
0.10321113990930873
0.10213293869253039
0.10116156111398916
0.10035372600857527
0.09949048146685384
0.09854726549351556
0.09770530789091574
0.09693415781202377
0.09609347552267145
0.0951880518958747
0.09432733303496631
0.09355906881448849
0.0928374792342716
0.09208810656751296
0.09124072438361765
0.09035199255772151
0.08959157812922629
0.08889873743944789
0.08810414313964741
0.0870812586480071
0.08601656980396817
0.0852425889280676
0.08464547136240354
0.08393657646786838
0.08315207904296155
0.08239517916485785
0.08158531324168415
0.08071874770442097
0.07994213818343761
0.07941046615406845
0.07888989205798237
0.0781485880834971
0.07739948938841795
0.07676433014093689
0.07614134895715337
0.07549599821138826
0.0747767764524103
0.07403670588111895
0.07332859405780214
0.07278569191251426
0.07225410220073114
0.07151438981737744
0.07064017131576436
0.06993727619671618
0.06951548333212777
