0.044998875018897856
0.04541564206364334
0.04583626869236
0.04626079063565582
0.04668924395601383
0.04712166504890646
0.047558090646983006
0.04799855782177583
0.04844310398800323
0.048891766906675946
0.049344584687699415
0.04980159579341636
0.05026283904188606
0.0507283536101994
0.05119817903779414
0.051672355228965135
0.052150922457959624
0.052633921370688244
0.05312139298925214
0.05361337871460113
0.054109920331247126
0.05461106000859903
0.055116840307219826
0.05562730418046245
0.056142494978431566
0.05666245645282077
0.05718723275875795
0.057716868460043674
0.05825140853176868
0.05879089836574112
0.05933538377217507
0.05988491098464827
0.06043952666451302
0.06099927790449218
0.06156421223134395
0.06213437761160387
0.06270982245506981
0.06329059561853244
0.06387674641032073
0.06446832459408255
0.06506538039266674
0.06566796449376418
0.06627612805244935
0.06688992269651221
0.06750940053045472
0.06813461414018707
0.06876561659694032
0.06940246146189918
0.07004520279078018
0.0706938951385397
0.0713485935640463
0.07200935363345269
0.07267623142670439
0.07334928354127151
0.07402856709658082
0.07471413973937728
0.07540605964874206
0.07610438553990061
0.07680917667038732
0.07752049284434623
0.0782383944176933
0.07896294230282079
0.0796941979740256
0.08043222347306875
0.08117708141352534
0.08192883498648604
0.08268754796554025
0.0834532847124696
0.08422611018298365
0.08500608993046715
0.08579329011358675
0.08658777750035061
0.08738961947409417
0.08819888403922103
0.08901563982692841
0.08983995610068161
0.09067190276210259
0.09151155035640238
0.09235897007888555
0.09321423378077054
0.09407741397456469
0.09494858384072996
0.09582781723341198
0.0967151886867184
0.09761077342071289
0.0985146473480543
0.09942688707964993
0.1003475699319508
0.10127677393193228
0.10221457782523816
0.10316106108125726
0.10411630390048031
0.10508038722096075
0.10605339272492471
0.10703540284545232
0.1080265007734543
0.10902677046434366
0.11003629664536838
0.11105516482176696
0.1120834612846736
0.11312127311769546
0.11416868820427273
0.1152257952347296
0.11629268371378708
0.11736944396775305
0.11845616715187549
0.11955294525804155
0.1206598711216636
0.12177703843055034
0.122904541731138
0.12404247643693792
0.12519093883642918
0.1263500261005411
0.12751983629092536
0.1287004683672718
0.12989202219641663
0.13109459855932806
0.1323082991604307
0.13353322663466644
0.1347694845568006
0.13601717744910144
0.13727641079043734
0.13854729102436636
0.13982992556750876
0.1411244228191145
0.14243089216863272
0.14374944400565562
0.14508018972780828
0.14642324175044474
0.14777871351513147
0.14914671949920544
0.15052737522438644
0.15192079726682964
0.15332710326540724
0.15474641193205696
0.15617884306048996
0.15762451753630585
0.15908355734626575
0.16055608558802253
0.16204222647988148
0.16354210537082975
0.16505584875018275
0.1665835842576795
0.1681254406934666
0.16968154802857796
0.1712520374147013
0.17283704119455398
0.17443669291254008
0.17605112732492584
0.17768048041057835
0.17932488938136182
0.1809844926928103
0.18265943005516283
0.1843498424439755
0.18605587211112212
0.18777766259566292
0.1895153587350183
0.1912691066762277
0.19303905388708756
0.19482534916729982
0.19662814266007997
0.19844758586371103
0.2002838316427633
0.20213703424002324
0.20400734928790523
0.20589493382064827
0.20779994628581375
0.20972254655640904
0.21166289594279017
0.2136211572048974
0.21559749456448749
0.21759207371697267
0.2196050618443939
0.2216366276273382
0.2236869412575188
0.2257561744505174
0.22784450045836604
0.22995209408204703
0.2320791316846361
0.23422579120384776
0.23639225216522974
0.23857869569501816
0.24078530453329067
0.2430122630471211
0.24525975724397933
0.24752797478459626
0.24981710499680948
0.25212733888875033
0.2544588691625468
0.25681189022770273
0.2591865982148206
0.26158319098945765
0.2640018681657666
0.2664428311202577
0.2689062830059564
0.27139242876621317
0.27390147514874974
0.2764336307197963
0.27898910587814324
0.28156811286957223
0.28417086580071604
0.2867975806537707
0.2894484753007332
0.29212376951767777
0.2948236849993558
0.2975484453735723
0.3002982762160321
0.3030734050644959
0.30587406143378304
0.3087004768302219
0.3115528847663777
0.31443152077590414
0.31733662242815175
0.3202684293430872
0.3232271832059176
0.3262131277822561
0.3292265089325116
0.3322675746272126
0.33533657496160313
0.3384337621705726
0.34155939064360324
0.3447137169396102
0.347896999801893
0.35110950017292497
0.35435148120932924
0.35762320829660255
0.3609249490640875
0.36425697339974805
0.3676195534648627
0.3710129637089221
0.37443748088412826
0.37789338406038536
0.3813809546395957
0.3849004763704386
0.38845223536279383
0.3920365201022191
0.39565362146414695
0.3993038327286114
0.40298744959386795
0.4067047701910294
0.4104560950977569
0.4142417273522469
0.4180619724671758
0.4219171384431646
0.4258075357824317
0.4297334775022389
0.43369527914809686
0.43769325880687915
0.44172773711982777
0.44579903729526255
0.4499074851211973
0.4540534089777553
0.4582371398494357
0.46245901133696465
0.4667193596691633
0.47101852371449
0.47535684499224706
0.47973466768362977
0.4841523386426266
0.48861020740628525
0.493108626205079
0.4976479499725648
0.5022285363552602
0.5068507457214628
0.511514941170493
0.5162214885409399
0.5209707564188316
0.5257631161454015
0.5305989418244068
0.5354786103289219
0.540402501307805
0.5453709971917086
0.5503844831984184
0.5554433473379651
0.560547980417015
0.5656987760427631
0.5708961306262758
0.5761404433852344
0.5814321163461585
0.5867715543457754
0.5921591650320681
0.5975953588643073
0.6030805491126342
0.6086151518567219
0.6141995859839552
0.6198342731864508
0.6255196379576028
0.631256107587711
0.6370441121585232
0.6428840845373622
0.648776460369698
0.6547216780713614
0.660720178819349
0.6667724065418987
0.6728788079073064
0.6790398323116953
0.6852559318658125
0.6915275613803934
0.6978551783506525
0.7042392429392026
0.7106802179579267
0.7171785688484842
0.7237347636613739
0.730349273033664
0.7370225701653002
0.74375513079378
0.7505474331675134
0.7573999580173265
0.7643131885265536
0.7712876102993406
0.7783237113271573
0.7854219819536532
0.7925829148375547
0.7998070049136458
0.807094749351966
0.8144466475146742
0.8218632009111616
0.8293449131508458
0.8368922898937773
0.8445058387989062
0.8521860694703043
0.8599334934005949
0.867748623912134
0.8756319760956774
0.8835840667462703
0.8916054142965939
0.8996965387474426
0.9078579615954108
0.9160902057576129
0.9243937954934425
0.9327692563232222
0.9412171149435653
0.9497378991396632
0.9583321376940618
0.9670003602920516
0.9757430974234745
0.9845608802809653
0.9934542406543037
1.002423710821118
1.01146982343346
1.0205931114004811
1.029794107766826
1.0390733455868364
1.0484313577943765
1.0578686770680688
1.0673858356920634
1.0769833654119467
1.0866617972858414
1.0964216615305735
1.1062634873626283
1.1161878028339745
1.1261951346624808
1.1362860080567636
1.1464609465355171
1.156720471740935
1.1670651032463266
1.1774953583575332
1.1880117519082773
1.1986147960489397
1.2093050000290484
1.2200828699728903
1.230948908648375
1.2419036152288891
1.2529474850479674
1.2640810093466517
1.275304675013252
1.2866189643156387
1.298024354625422
1.309521318134293
1.321110321562057
1.3327918258563192
1.3445662858835443
1.3564341501113688
1.368395860281997
1.3804518510763033
1.392602549768757
1.4048483758726746
1.4171897407757756
1.4296270473657684
1.442160689645781
1.4547910523394412
1.4675185104853474
1.4803434290208302
1.49326616235462
1.5062870539284081
1.5194064357669226
1.532624628016365
1.5459419384710567
1.5593586620879212
1.5728750804887626
1.5864914614499914
1.6002080583796174
1.6140251097813365
1.627942838705374
1.6419614521860832
1.6560811406657947
1.670302077404964
1.6846244178781895
1.6990482991561129
1.713573839272736
1.7282011365782042
1.7429302690765973
1.7577612937487654
1.772694245859817
1.787729138251232
1.802865960617229
1.8181046787654003
1.8334452338612635
1.8488875416566777
1.8644314917018998
1.8800769465411653
1.8958237408915612
1.9116716808051974
1.9276205428143773
1.9436700730597927
1.9598199864015584
1.976069965512981
1.992419659957056
2.0088686852455173
2.025416621880492
2.042063014378647
2.0588073702778242
2.0756491591261894
2.092587811453871
2.1096227177271594
2.1267532272852656
2.1439786472598548
2.1612982414771964
2.178711229343428
2.196216784712729
2.213814034738796
2.231502058709808
2.2492798868670674
2.267146499207627
2.285100824271205
2.3031417379117634
2.321268062054095
2.339478563435829
2.3577719523354213
2.376146881286493
2.3946019437791763
2.413135672949032
2.4317465402541814
2.4504329541413905
2.4691932587017895
2.4880257323171184
2.5069285862972985
2.5258999635103208
2.544937937005378
2.564040508630352
2.583205607644731
2.602431089329179
2.6217147335930227
2.6410542435809545
2.6604472442804554
2.6798912811312925
2.699383818638834
2.718922238992698
2.7385038406925815
2.758125837183083
2.7777853554994008
2.7974794349260215
2.817205025670455
2.8369589875542722
2.8567380887237555
2.876539004382596
2.8963583155492167
2.9161925078412625
2.9360379702901733
2.955890994188559
2.975747771973461
2.9956043961485674
3.015456858248625
3.035301047849357
3.0551327516263957
3.0749476524667996
3.094741328636837
3.114509253009936
3.134246792358697
3.1539492067150894
3.173611648803032
3.193229163547688
3.2127966876659437
3.232309049342599
3.2517609679970745
3.2711470541453056
3.2904618093618665
3.3096996263473573
3.3288547891061153
3.3479214732396154
3.36689374636086
3.3857655686352026
3.4045307934531497
3.4231831682407945
3.4417163354135125
3.460123833478718
3.4783990982934787
3.4965354644828683
3.5145261670249193
3.5323643430081173
3.550043033567374
3.5675551860043875
3.5848936560983056
3.602051210612589
3.6190205300038776
3.6357942113386272
3.6523647714232297
3.6687246501531092
3.6848662140863224
3.7007817602468744
3.7164635201629515
3.7319036641448964
3.7470943058077
3.7620275068424087
3.7766952820406283
3.791089604575943
3.805202411545818
3.8190256097770634
3.8325510818976145
3.845770692676935
3.8586762956368235
3.871259739933945
3.8835128775148355
3.895427570543547
3.9069956991014636
3.918209169158166
3.929059920811527
3.9395399367944295
3.949641251244773
3.959355958734571
3.9686762235530773
3.9775942892379867
3.9861024883477985
3.994193252467449
4.001859122438306
4.009092758802521
4.015886952450716
4.022234635460752
4.028128892114258
4.033562970076355
4.038530291722832
4.043024465597721
4.047039297983088
4.050568804561436
4.053607222149949
4.056149020484426
4.058188914029524
4.059721873790608
4.0607431391011835
4.061248229358727
4.06123295568035
4.060693432448614
4.059626088716591
4.058027679440125
4.055895296504191
4.0532263795091765
4.050018726282033
4.046270503076262
4.041980254424033
4.037146912602938
4.0317698066794
4.025848671090188
4.019383653723264
4.0123753234589215
4.00482467713214
3.996733145877227
3.9881026008160574
3.9789353580517006
3.969234182929866
3.959002293531452
3.9482433633605027
3.9369615231931516
3.9251613620546077
3.9128479272929253
3.9000267237202166
3.8867037117941616
3.8728853048150094
3.858578365115917
3.843790199227332
3.8285285519992014
3.8128015996681253
3.796617941860082
3.7799865925231266
3.7629169697884475
3.7454188847622234
3.727502529255165
3.709178462461035
3.6904575966000785
3.671351181548111
3.651870788476767
3.6320282925354475
3.611835854610374
3.591305902201261
3.570451109461
3.5492843764487483
3.5278188076516503
3.506067689835162
3.4840444692865
3.4617627285202035
3.4392361625188963
3.4164785545862157
3.3935037518925633
3.3703256407974247
3.3469581220350064
3.3234150858522207
3.2997103871901845
3.2758578210017646
3.2518710977987135
3.227763819522415
3.2035494558320474
3.1792413209032766
3.154852550829291
3.1303960817140135
3.1058846285447634
3.081330664928522
3.056746403772118
3.0321437789823076
3.007534428256723
2.982929677031219
2.958340523643059
2.933777625762838
2.9092512881411845
2.8847714517088043
2.8603476840607884
2.8359891713481473
2.8117047115913265
2.7875027094220766
2.763391172251732
2.7393777078554398
2.715469523353617
2.6916734255636365
2.6679958226868754
2.6444427272885322
2.621019760520306
2.597732157529272
2.574584773989891
2.551582093690299
2.5287282370989836
2.506026970833408
2.4834817179483903
2.461095568959131
2.438871293511459
2.4168113526104373
2.3949179113178753
2.3731928518293284
2.351637786842145
2.3302540731276813
2.309042825223236
2.2880049291622413
2.2671410561648577
2.2464516762153997
2.225937071457675
2.205597349344443
2.1854324554827507
2.1654421861226276
2.1456262002426105
2.125984031191702
2.1065150978535017
2.0872187153043877
2.0680941049436306
2.049140404079261
2.0303566749590787
2.0117419132415773
1.9932950559066005
1.975014988610184
1.95690055249225
1.9389505504496882
1.9211637528906809
1.903538902988992
1.8860747214594644
1.8687699108778364
1.851623159569611
1.8346331450937332
1.817798537347605
1.8011180013202415
1.7845901995203566
1.7682137941058793
1.75198744874077
1.7359098302041658
1.7199796097759183
1.7041954644213406
1.6885560777967
1.673060141095622
1.657706353755089
1.642493424038269
1.627420069509909
1.61248501741861
1.5976870049988632
1.5830247797043575
1.5684970993828409
1.554102732401553
1.539840457731146
1.5257090649950074
1.5117073544899349
1.4978341371832513
1.4840882346907498
1.4704684792391225
1.456973713615989
1.4436027911100748
1.4303545754437081
1.4172279406993715
1.4042217712417309
1.3913349616363209
1.378566416565803
1.365915050744532
1.3533797888320298
1.3409595653458202
1.328653324573967
1.3164600204876076
1.3043786166536822
1.2924080861480167
1.2805474114688657
1.2687955844510195
1.2571516061805288
1.2456144869100758
1.2341832459750492
1.2228569117103238
1.211634521367753
1.2005151210344014
1.1894977655515029
1.1785815184341437
1.167765451791681
1.157048646248881
1.1464301908677825
1.1359091830702657
1.1254847285613363
1.115155941253116
1.1049219431895188
1.0947818644716278
1.0847348431837562
1.0747800253201778
1.0649165647125394
1.055143622957938
1.0454603693476512
1.0358659807965278
1.0263596417730287
1.0169405442298995
1.0076078875354906
0.9983608784056998
0.9891987308365469
0.9801206660373567
0.9711259123645647
0.9622137052561279
0.9533832871665328
0.944633907502404
0.9359648225587073
0.9273752954555287
0.9188645960754411
0.9104320010014461
0.9020767934554783
0.8937982632374815
0.88559570666504
0.8774684265135675
0.8694157319570377
0.8614369385092668
0.8535313679657326
0.8456983483459222
0.8379372138362161
0.8302473047332952
0.8226279673880603
0.8150785541500752
0.8075984233125165
0.800186939057624
0.7928434714026589
0.7855673961463534
0.7783580948158546
0.7712149546141512
0.7641373683679866
0.7571247344762502
0.7501764568588372
0.7432919449059835
0.7364706134280649
0.7297118826058516
0.7230151779412253
0.7163799302083481
0.7098055754052733
0.7032915547060089
0.6968373144130138
0.6904423059101368
0.6841059856159794
0.677827814937693
0.6716072602251995
0.6654437927258279
0.6593368885393699
0.6532860285735522
0.6472906984999067
0.6413503887100567
0.6354645942723991
0.6296328148891832
0.6238545548539863
0.6181293230095768
0.6124566327061685
0.6068360017600506
0.6012669524126046
0.595749011289695
0.5902817093614287
0.5848645819022895
0.5794971684516373
0.5741790127745651
0.56890966282312
0.5636886706978815
0.5585155926098849
0.553389988842902
0.5483114237160636
0.5432794655468278
0.5382936866142846
0.5333536631227994
0.5284589751659927
0.5236092066910439
0.5188039454633283
0.5140427830313785
0.5093253146921618
0.5046511394566825
0.5000198600158985
0.49543108270694713
0.4908844174796844
0.48637947786353203
0.4819158809346244
0.4774932472832614
0.4731112009816576
0.46876936955198933
0.46446738393473164
0.4602048784572889
0.4559814908029138
0.4517968619799072
0.44765063629110535
0.44354246130364594
0.439471987819009
0.4354388698433356
0.43144276455801944
0.4274833322905649
0.4235602364857152
0.4196731436768454
0.4158217234576178
0.41200564845389553
0.4082245942959165
0.40447823959072254
0.40076626589483877
0.3970883576872066
0.3934442023423651
0.3898334901038758
0.38625591405799375
0.38271117010758104
0.3791989569462557
0.37571897603278226
0.3722709315656944
0.36885453045815336
0.3654694823130327
0.36211549939823595
0.35879229662223944
0.35549959150985777
0.35223710417823423
0.3490045573130508
0.34580167614495516
0.3426281884262054
0.3394838244075296
0.33636831681519563
0.33328140082829333
0.33022281405622406
0.3271922965163986
0.3241895906121363
0.32121444111077035
0.3182665951219536
0.3153458020761606
0.31245181370339015
0.30958438401206306
0.3067432692681105
0.3039282279742579
0.30113902084949734
0.2983754108087478
0.29563716294270387
0.2929240444978661
0.2902358248567593
0.28757227551832903
0.2849331700785167
0.2823182842110185
0.27972739564821564
0.27716028416228
0.2746167315464583
0.27209652159651987
0.26959944009238296
0.2671252747799042
0.2646738153528355
0.2622448534349506
0.25983818256233127
0.25745359816581664
0.2550908975536175
0.2527498798940855
0.2504303461986411
0.2481320993048622
0.2458549438597239
0.24359868630299153
0.24136313485077102
0.23914809947920546
0.2369533919083217
0.23477882558602903
0.2326242156722607
0.2304893790232611
0.228374134176021
0.2262783013328517
0.2242017023461008
0.222144160703012
0.22010550151072006
0.21808555148138373
0.21608413891745876
0.21410109369710031
0.21213624725970526
0.2101894325915831
0.20826048421175866
0.20634923815790823
0.2044555319724215
0.20257920468859142
0.20072009681693417
0.19887805033163117
0.19705290865709582
0.19524451665466636
0.19345272060941818
0.1916773682170967
0.1899183085711733
0.18817539215001752
0.18644847080418608
0.1847373977438324
0.18304202752622828
0.18136221604340003
0.17969782050988123
0.17804869945057472
0.1764147126887265
0.17479572133401206
0.17319158777072974
0.17160217564610256
0.17002734985869
0.16846697654690201
0.1669209230776227
0.16538905803493545
0.16387125120895157
0.16236737358474426
0.16087729733138117
0.15940089579105785
0.1579380434683334
0.1564886160194626
0.15505249024182535
0.1536295440634565
0.15221965653266833
0.15082270780776896
0.14943857914687753
0.1480671528978296
0.14670831248817656
0.14536194241527794
0.14402792823648305
0.14270615655940228
0.14139651503227035
0.1400988923343955
0.13881317816669644
0.13753926324232807
0.13627703927739165
0.1350263989817295
0.13378723604980688
0.13255944515167517
0.13134292192401797
0.13013756296128182
0.12894326580688473
0.12775992894450897
0.12658745178947137
0.12542573468017276
0.12427467886962817
0.12313418651707245
0.12200416067964308
0.12088450530414131
0.11977512521886674
0.11867592612552731
0.11758681459122473
0.11650769804051239
0.11543848474752537
0.11437908382818512
0.11332940523247356
0.11228935973677819
0.11125885893630903
0.1102378152375838
0.10922614185098159
0.10822375278336695
0.1072305628307798
0.10624648757119236
0.1052714433573345
0.10430534730958295
0.10334811730891591
0.10239967198993423
0.10145993073394377
0.10052881366210398
0.09960624162863765
0.09869213621410286
0.09778641971872833
0.0968890151558084
0.09599984624515846
0.09511883740663228
0.09424591375369683
0.09338100108706665
0.09252402588839774
0.0916749153140378
0.09083359718883421
