0.059998500024960294
0.06055418941824979
0.061115024923204794
0.061681054180932025
0.06225232527462804
0.06282888673181874
0.06341078752908658
0.06399807709575663
0.06459080531755765
0.06518902254201661
0.06579277958365322
0.06640212772460864
0.06701711872272678
0.06763780481365173
0.06826423871711089
0.06889647363841392
0.06953456327707513
0.07017856182763495
0.07082852398546889
0.07148450495275181
0.07214656044171207
0.07281474667793687
0.07348912040962643
0.07416973890713957
0.07485665997119463
0.07554994193728244
0.07624964367815756
0.07695582461320691
0.07766854470897917
0.07838786448770015
0.07911384502961166
0.07984654797948654
0.08058603555263995
0.08133237053936658
0.08208561630850188
0.08284583681564335
0.08361309660675975
0.08438746082475203
0.08516899521371928
0.08595776612548474
0.0867538405235147
0.08755728599152326
0.08836817073663934
0.08918656359530978
0.09001253404064576
0.0908461521870725
0.09168748879588166
0.09253661528237869
0.09339360372104023
0.09425852685134858
0.09513145808543241
0.09601247151112226
0.09690164190230918
0.09779904472158638
0.09870475612866646
0.09961885298580071
0.10054141286488341
0.10147251405334086
0.10241223556048175
0.1033606571257606
0.10431785922345484
0.10528392307029276
0.10625893063216788
0.10724296463062584
0.1082361085513343
0.10923844664868056
0.11025006395402144
0.11127104628326087
0.11230148024400984
0.11334145324059153
0.11439105348468917
0.11545037000049825
0.11651949263215604
0.11759851205232492
0.1186875197693576
0.1197866081342125
0.12089587034935258
0.12201540047523228
0.12314529343860062
0.12428564504105596
0.12543655196597298
0.12659811178761188
0.12777042297785485
0.128953584915597
0.13014769789436573
0.1313528631306309
0.13256918277283977
0.13379675990937392
0.1350356985758834
0.13628610376687994
0.13754808144177966
0.1388217385338714
0.14010718296125566
0.14140452363313247
0.1427138704606031
0.14403533436458107
0.1453690272858893
0.14671506219375186
0.14807355309571327
0.14944461504616016
0.15082836415690373
0.15222491760560364
0.15363439364630613
0.15505691161835986
0.15649259195691329
0.15794155620250067
0.15940392701074435
0.16087982816219606
0.16236938457404523
0.1638727223082707
0.1653899685826698
0.16692125178192685
0.16846670146747247
0.1700264483879214
0.17160062448963365
0.173189362928576
0.17479279807902282
0.1764110655472208
0.17804430217947545
0.17969264607575391
0.18135623659888025
0.1830352143872304
0.18472972136574492
0.1864399007567355
0.18816589709207715
0.18990785622489975
0.1916659253408556
0.19344025297046613
0.19523098900061117
0.19703828468682394
0.1988622926656251
0.20070316696586626
0.2025610630223869
0.20443613768727917
0.20632854924275984
0.20823845741393543
0.21016602338179183
0.21211140979495402
0.21407478078404663
0.2160563019731753
0.21805614049448854
0.22007446500030822
0.222111445676922
0.22416725425793962
0.22624206403808825
0.22833604988620618
0.2304493882594207
0.23258225721673537
0.23473483643318907
0.2369073072140445
0.2390998525084973
0.24131265692376178
0.24354590674023172
0.24579978992528623
0.24807449614811988
0.2503702167942314
0.25268714497998224
0.2550254755683593
0.2573854051827696
0.2597671322230118
0.2621708568801608
0.2645967811516013
0.26704510885707095
0.2695160456533116
0.27200979905054035
0.27452657842754397
0.2770665950477004
0.2796300620751613
0.28221719459033656
0.2848282096065673
0.2874633260859957
0.2901227649560125
0.2928067491258464
0.29551550350306954
0.2982492550100251
0.30100823260073706
0.30379266727780974
0.30660279210944236
0.30943884224619295
0.3123010549385091
0.3151896695536059
0.31810492759334635
0.32104707271104316
0.3240163507294838
0.3270130096586391
0.3300372997128381
0.3330894733290687
0.33616978518498986
0.3392784922167186
0.3424158536369474
0.3455821309531352
0.3487775879859842
0.3520024908876989
0.3552571081603136
0.35854171067457885
0.361856571688245
0.36520196686498996
0.3685781742930714
0.37198547450418146
0.3754241504927252
0.37889448773425993
0.38239677420506474
0.3859313004009408
0.3894983593568673
0.3930982466658167
0.3967312604981322
0.4003977016214116
0.40409787341936304
0.40783208191167597
0.41160063577359474
0.4154038463551788
0.419242027701214
0.4231154965708606
0.4270245724574579
0.4309695776078984
0.4349508370430163
0.4389686785767064
0.44302343283631557
0.4471154332821296
0.45124501622746155
0.4554125208581688
0.45961828925283676
0.46386266640249335
0.46814600023057423
0.4724686416124465
0.47683094439549983
0.4812332654187907
0.4856759645330193
0.49015940461980967
0.4946839516119033
0.4992499745121426
0.503857845413826
0.5085079395194888
0.5132006351605779
0.5179363138170858
0.5227153601362989
0.5275381619521892
0.5324051103048085
0.5373165994584841
0.5422730269213987
0.5472747934636824
0.5523223031363099
0.5574159632895613
0.5625561845908924
0.5677433810432673
0.5729779700029604
0.5782603721974563
0.5835910117425116
0.5889703161597944
0.5943987163936655
0.599876646828269
0.6054045453036678
0.6109828531325577
0.6166120151159759
0.6222924795589071
0.6280246982859811
0.6338091266563349
0.639646223578173
0.6455364515234966
0.6514802765417353
0.6574781682734441
0.6635305999634143
0.6696380484736592
0.6758009942953047
0.6820199215606522
0.688295318054566
0.6946276752250884
0.7010174881938637
0.7074652557658708
0.7139714804385823
0.7205366684104018
0.7271613295889301
0.7338459775978766
0.7405911297839582
0.747397307222682
0.7542650347236795
0.7611948408350296
0.7681872578469607
0.7752428217948826
0.782362072461052
0.7895455533760729
0.7967938118190807
0.8041073988168279
0.8114868691422915
0.8189327813119575
0.8264456975819173
0.8340261839434874
0.8416748101169522
0.8493921495446933
0.8571787793831455
0.8650352804929471
0.872962237428486
0.8809602384257865
0.8890298753892022
0.8971717438763966
0.9053864430822566
0.9136745758210987
0.9220367485071874
0.9304735711342185
0.9389856572522551
0.9475736239439171
0.9562380917979751
0.9649796848818428
0.9737990307115666
0.982696760220411
0.9916735077250365
1.0007299108900285
1.0098666106897687
1.0190842513687415
1.0283834803991208
1.03776494843622
1.047229309271551
1.0567772197833964
1.0664093398848578
1.076126332469275
1.085928863352902
1.0958176012148853
1.1057932175344738
1.1158563865250395
1.1260077850652206
1.13624809262706
1.14657799120079
1.1569981652161787
1.1675093014609061
1.17811208899503
1.1888072190621253
1.199595384996602
1.2104772821272258
1.2214536076768288
1.2325250606579206
1.243692341764285
1.2549561532580984
1.2663171988528872
1.2777761835920822
1.2893338137227381
1.3009907965646301
1.312747840374631
1.3246056542057407
1.336564947761488
1.3486264312446237
1.3607908152006338
1.3730588103557653
1.3854311274491151
1.3979084770591785
1.4104915694240994
1.4231811142560746
1.435977820549255
1.448882396381122
1.4618955487074408
1.4750179831501733
1.4882504037786302
1.5015935128833056
1.5150480107423583
1.5286145953806805
1.5422939623212533
1.5560868043284353
1.5699938111433753
1.584015669211034
1.598153061398595
1.6124066667053891
1.6267771599638623
1.6412652115311686
1.6558714869718605
1.6705966467306252
1.6854413457955377
1.7004062333509944
1.7154919524208536
1.7306991395005604
1.7460284241790516
1.7614804287494072
1.7770557678084176
1.7927550478447178
1.8085788668151566
1.8245278137093275
1.8406024681017303
1.8568033996916742
1.8731311678302347
1.8895863210343604
1.9061693964876931
1.9228809195277063
1.9397214031192567
1.9566913473138037
1.9737912386944418
1.9910215498061652
2.008382738571209
2.02587524768923
2.0434995040218182
2.0612559179614105
2.079144882783893
2.0971667739850104
2.1153219485999935
2.133610744506163
2.15203347970845
2.170590451607159
2.1892819362481064
2.2081081875543913
2.2270694365399457
2.2461658905042543
2.265397732208149
2.2847651190303133
2.3042681821042708
2.3239070254354615
2.3436817249983557
2.3635923278130835
2.3836388510016437
2.4038212808229735
2.424139571687206
2.4445936451483457
2.4651833888755714
2.485908655602532
2.5067692620548927
2.527764987855414
2.5488955744069353
2.570160723752498
2.5915600974130557
2.6130933152020765
2.6347599540173094
2.656559546609403
2.6784915803273575
2.700555495840655
2.722750685838192
2.7450764937037704
2.7675322121682537
2.7901170819384937
2.8128302903028803
2.835670969713689
2.858638196346474
2.8817309886362663
2.9049483057912364
2.928289046283634
2.951752046318396
2.9753360782797444
2.999039849156094
3.022861998943502
3.0468010990282743
3.07085565054902
3.0950240827387936
3.119304751247771
3.1436959364472274
3.1681958417153253
3.192802591705569
3.2175142305987103
3.2423287203389095
3.2672439388551884
3.2922576782690536
3.3173676430894905
3.3425714483964017
3.3678666180137595
3.3932505826738413
3.4187206781738015
3.444274143526308
3.469908119105571
3.4956196447906978
3.521405658107941
3.5472629923739416
3.5731883748417252
3.599178424851778
3.625229651990263
3.6513384542567744
3.6775011162441116
3.703713807332534
3.7299725799013626
3.756273367560606
3.782611983405697
3.808984118298341
3.835385339176796
3.8618110873989555
3.8882566771216833
3.9147172937202304
3.9411879922514133
3.967663695964616
3.994139194864756
4.020609144331502
4.047068063799142
4.073510335501862
4.099930203289067
4.126321771515782
4.1526790040132475
4.1789957231449275
4.205265608953452
4.231482198404044
4.257638884730251
4.283728916887925
4.309745399123466
4.335681290662767
4.361529405527075
4.387282412482489
4.412932835129809
4.438473052141487
4.46389529765282
4.48919166181448
4.514354091513604
4.539374391270867
4.56424422432106
4.588955113884683
4.613498444638291
4.637865464391304
4.662047285977158
4.686034889366558
4.709819124010824
4.733390711423166
4.75674024800585
4.779858208131074
4.802734947483452
4.825360706671837
4.8477256151181685
4.869819695230974
4.891632866870813
4.913154952115097
4.934375680329166
4.9552846935506025
4.975871552193195
4.996125741076934
5.016036675789878
5.035593709387504
5.054786139434589
5.0736032153944235
5.092034146369418
5.11006810919682
5.12769425690258
5.144901727515764
5.161679653245259
5.17801717001978
5.193903427391397
5.209327598801951
5.224278892210889
5.238746561082037
5.2527199157259075
5.26618833499303
5.2791412783127605
5.291568298070771
5.303459052317316
5.314803317797065
5.325591003289932
5.335812163251075
5.345457011736695
5.354515936600955
5.362979513947669
5.37083852281901
5.378083960101807
5.384707055630442
5.390699287463629
5.396052397310783
5.4007584060819145
5.404809629533265
5.408198693979234
5.410918552039367
5.4129624983874765
5.414324185468245
5.414997639144969
5.414977274240466
5.414257909931486
5.412834784955455
5.410703572586833
5.407860395338921
5.404301839345568
5.4000249683760435
5.395027337435017
5.3893070058987105
5.382862550137251
5.375693075572533
5.36779822812025
5.359178204964352
5.349833764611896
5.339766236176187
5.328977527836303
5.31747013442141
5.305247144068934
5.292312243906488
5.278669724708602
5.264324484480669
5.249282030924203
5.233548482739478
5.217130569723899
5.200035631626955
5.182271615725549
5.1638470730866795
5.1447711534878895
5.125053598969775
5.104704735998935
5.083735466224168
5.062157255813442
5.039982123364168
5.017222626384596
4.993891846349632
4.97000337234022
4.94557128328138
4.920610128800106
4.895134908730815
4.869161051302355
4.842704390047263
4.8157811394804995
4.788407869601681
4.760601479281333
4.732379168598332
4.703758410202201
4.674756919780216
4.645392625715333
4.615683638026939
4.585648216691862
4.555304739448288
4.524671669190084
4.4937675210632335
4.462610829380009
4.431220114469627
4.399613849586912
4.367810428002352
4.335828130398285
4.303685092696554
4.27139927444273
4.2389884278710355
4.206470067772388
4.173861442285352
4.1411795047263515
4.108440886571363
4.075661871696157
4.0428583719764095
4.010045904342297
3.9772395693749587
3.9444540315240784
3.9117035010171177
3.879001717521579
3.8463619356117396
3.813796912081051
3.7813188951308634
3.7489396154551025
3.7166702792294357
3.6845215630023085
3.6525036104739192
3.620626031138156
3.5888979007515154
3.5573277635825002
3.52592363638471
3.4946930140270744
3.4636428767056957
3.432779698653188
3.4021094582537317
3.3716376494653115
3.341369294444544
3.3113089572645205
3.281460758612175
3.2518283913486123
3.222415136813917
3.1932238817571665
3.164257135772438
3.1355170491228606
3.1070054308369084
3.0787237669643144
3.0506732388829887
3.022854741553144
2.9952689016205327
2.9679160952769
2.9407964657925905
2.9139099406436673
2.887256248163504
2.8608349336568137
2.8346453749222693
2.808686797138002
2.782958287072517
2.7574588065915075
2.732187205439015
2.7071422332787716
2.68232255098877
2.657726741208801
2.633353318146912
2.6092007366563332
2.585267400599584
2.561551670520908
2.5380518706519895
2.514766295279286
2.491693214503782
2.468830879426148
2.446177526791644
2.42373138313014
2.4014906684269883
2.3794535993604753
2.3576183921411724
2.3359832649876933
2.3145464402722213
2.293306146367891
2.272260619228454
2.251408103728933
2.2307468547941625
2.2102751383401182
2.189991232051025
2.169893426013212
2.149980023224814
2.1302493399984845
2.110699706272477
2.091329465843788
2.0721369765354045
2.0531206103081945
2.0342787533266766
2.0156098059865797
1.9971121829110017
1.9787843129209997
1.9606246389854969
1.942631618154652
1.9248037214801
1.9071394339249441
1.8896372542658284
1.8722956949889746
1.855113282181761
1.8380885554210709
1.821220067659376
1.804506385109373
1.7879460871277604
1.7715377660986225
1.75528002731681
1.7391714888715761
1.7232107815306887
1.707396548625154
1.691727445934693
1.6762021415740382
1.6608193158801012
1.6455776613000657
1.6304758822804315
1.6155126951570042
1.6006868280458684
1.585997020735337
1.5714420245788583
1.557020602388908
1.5427315283318415
1.5285735878237101
1.5145455774270207
1.5006463047484482
1.4868745883374879
1.473229257586025
1.4597091526288375
1.4463131242450082
1.4330400337602371
1.4198887529500526
1.4068581639439177
1.3939471591302015
1.3811546410620372
1.3684795223640382
1.355920725639866
1.343477183380654
1.3311478378742663
1.3189316411153957
1.3068275547164756
1.2948345498194196
1.2829516070081706
1.2711777162220437
1.2595118766698719
1.247953096744943
1.2365003939407049
1.225152794767255
1.2139093346685947
1.2027690579406376
1.1917310176499754
1.1807942755533867
1.16995790201809
1.159220975942717
1.1485825846790223
1.13804182395431
1.1275977977945628
1.117249618448288
1.1069964063110602
1.096837289850747
1.0867714055334337
1.076797897750022
1.0669159187434987
1.0571246285368785
1.0474231948618045
1.037810793087806
1.0282866061522016
1.0188498244906488
1.0094996459683336
1.000235275811783
0.9910559265413112
0.9819608179040864
0.9729491768078022
0.9640202372549671
0.9551732402777975
0.9464074338736979
0.9377220729413451
0.9291164192173517
0.9205897412135158
0.9121413141546392
0.9037704199169239
0.8954763469669327
0.8872583903011038
0.8791158513858266
0.8710480380980696
0.8630542646665422
0.8551338516134088
0.8472861256965322
0.8395104198522443
0.8318060731386485
0.8241724306794357
0.8166088436082246
0.8091146690134008
0.8016892698834728
0.7943320150529267
0.7870422791485716
0.779819442536386
0.7726628912688498
0.7655720170327533
0.7585462170974935
0.7515848942638421
0.7446874568131799
0.7378533184572027
0.7310818982880847
0.7243726207291037
0.7177249154857127
0.7111382174970658
0.7046119668879903
0.6981456089213919
0.6917385939511045
0.6853903773751713
0.679100419589549
0.6728681859422433
0.6666931466878646
0.6605747769425961
0.6545125566395792
0.6485059704847094
0.6425545079128325
0.6366576630443486
0.6308149346422102
0.6250258260693191
0.6192898452463088
0.6136065046097186
0.6079753210705517
0.6023958159732096
0.5968675150548072
0.5913899484048613
0.5859626504253453
0.580585159791114
0.5752570194106926
0.5699777763874199
0.5647469819809536
0.5595641915691272
0.554428964610157
0.549340864605194
0.544299459061222
0.5393043194542967
0.5343550211931184
0.5294511435829421
0.5245922697898201
0.5197779868051677
0.5150078854106583
0.5102815601434414
0.5055986092616742
0.5009586347103763
0.4963612420875926
0.49180604061087113
0.48729264308404363
0.4828206658643146
0.4783897288296526
0.473999455346477
0.46964947223764564
0.4653394097507344
0.4610689015266069
0.45683758456827384
0.4526450992100395
0.4484910890869275
0.4443752011043911
0.4402970854082987
0.4362563953551981
0.4322527874828484
0.4282859214810272
0.4243554601626048
0.4204610694348808
0.4166024182711869
0.4127791786827507
0.408991025690814
0.4052376372990105
0.4015186944659965
0.3978338810783304
0.3941828839236052
0.3905653926638214
0.3869810998090124
0.3834297006911054
0.37991089343802226
0.37642437894802466
0.3729698608642875
0.3695470455497067
0.3661556420619444
0.3627953621286931
0.35946592012317724
0.3561670330398723
0.3528984204704474
0.3496598045799341
0.34645091008310835
0.3432714642210889
0.3401211967381567
0.3369998398587806
0.33390712826485475
0.3308427990731496
0.3278065918129652
0.32479824840398874
0.32181751313436135
0.3188641326389406
0.31593785587776224
0.3130384341147054
0.3101656208963476
0.3073191720310148
0.304498845568028
0.30170440177713564
0.2989356031281344
0.29619221427068265
0.2934740020142934
0.2907807353085117
0.28811218522327836
0.28546812492946705
0.282848329679607
0.28025257678877746
0.27768064561567823
0.2751323175438776
0.27260737596322865
0.2701056062514552
0.2676267957559122
0.2651707337755082
0.2627372115427944
0.2603260222062218
0.25793696081255757
0.2555698242894623
0.2532244114282311
0.25090052286669007
0.24859796107224813
0.24631653032510986
0.24405603670163772
0.2418162880578667
0.23959709401317497
0.23739826593409963
0.235219616918302
0.23306096177868274
0.23092211702763965
0.22880290086147007
0.22670313314492002
0.22462263539586935
0.2225612307701636
0.22051874404658062
0.2184950016119354
0.21648983144632566
0.21450306310850825
0.21253452772141046
0.21058405795777788
0.20865148802595013
0.20673665365576716
0.20483939208460866
0.20295954204355776
0.20109694374369197
0.19925143886250335
0.19742287053043947
0.19561108331756874
0.1938159232203706
0.19203723764864405
0.19027487541253635
0.1885286867096938
0.18679852311252731
0.18508423755559525
0.1833856843231041
0.1817027190365222
0.180035198642306
0.1783829813997425
0.17674592686890023
0.17512389589869062
0.1735167506150424
0.17192435440917964
0.17034657192601194
0.16878326905262847
0.167234312906897
0.1656995718261709
0.1641789153560966
0.1626722142395241
0.16117934040552176
0.159700166958489
0.15823456816736975
0.15678241945496632
0.15534359738734987
0.15391797966336715
0.15250544510424682
0.15110587364329808
0.14971914631570427
0.14834514524841202
0.14698375365011174
0.14563485580130878
0.14429833704448924
0.14297408377437307
0.14166198342825648
0.14036192447644602
0.13907379641277726
0.1377974897452212
0.13653289598657897
0.13527990764525835
0.13403841821613866
0.13280832217151686
0.13158951495213714
0.13038189295830444
0.12918535354107785
0.12799979499354464
0.12682511654217637
0.12566121833826244
0.1245080014494222
0.12336536785119698
0.12223322041871706
0.12111146291844563
