0.07499812503102274
0.07569273677285623
0.07639378115404959
0.07710131772620823
0.07781540659324225
0.07853610841473102
0.07926348441119015
0.07999759636973741
0.08073850664711206
0.08148627817735728
0.08224097447960702
0.08300265965580093
0.08377139840356751
0.08454725601710406
0.08533029839642764
0.08612059204786271
0.08691820409619064
0.08772320228458165
0.08853565498168564
0.0893556311909025
0.09018320055217703
0.09101843334727473
0.09186140051203305
0.0927121736338167
0.09357082496395769
0.09443742742174413
0.09531205459755719
0.09619478076637014
0.09708568088618966
0.09798483060965918
0.09889230628704826
0.09980818497432481
0.10073254444076686
0.10166546317424098
0.1026070203856598
0.10355729601968283
0.10451637075844969
0.1054843260309716
0.1064612440171178
0.10744720765688692
0.10844230065436267
0.10944660748928237
0.11046021342082933
0.11148320449410737
0.11251566755083679
0.11355769023395794
0.11460936099482302
0.11567076910285819
0.1167420046513003
0.11782315856415747
0.11891432260681853
0.12001558938879182
0.12112705237791396
0.12224880590190125
0.12338094516075208
0.12452356623222414
0.12567676608102477
0.1268406425667811
0.12801529445057616
0.12920082140717498
0.1303973240292164
0.13160490383776471
0.13282366329031015
0.13405370578818293
0.13529513568914325
0.1365480583108751
0.13781257994250265
0.13908880785405214
0.14037685030503602
0.1416768165507159
0.1429888168557916
0.1443129625006459
0.14564936579021792
0.14699814006542883
0.1483593997117868
0.14973326016774338
0.15111983793660258
0.15251925059406218
0.15393161679831566
0.1553570563013414
0.15679568995738125
0.1582476397344938
0.1597130287222977
0.16119198114447558
0.1626846223680186
0.1641910789132075
0.16571147846602963
0.16724594988679706
0.16879462321983452
0.17035762970852175
0.17193510180230204
0.1735271731672625
0.17513397870155054
0.17675565454134023
0.1783923380757539
0.18004416795570785
0.18171128410743492
0.18339382774213533
0.18509194136965956
0.1868057688076467
0.188535455196112
0.19028114700693452
0.19204299205788267
0.19382113952293265
0.1956157399460735
0.19742694525312582
0.19925490876344715
0.2010997852027285
0.20296173071754015
0.2048409028854034
0.20673746072840168
0.20865156472742452
0.21058337683440387
0.2125330604849174
0.21450078061199548
0.21648670366073539
0.21849099759871754
0.2205138319340109
0.22255537772428446
0.2246158075947072
0.2266952957486591
0.22879401798402343
0.23091215170712345
0.23304987594596224
0.2352073713650398
0.23738482028116678
0.23958240667605563
0.24180031621312398
0.2440387362507776
0.2462978558585164
0.24857786583204478
0.2508789587073461
0.25320132877794416
0.25554517210915106
0.2579106865534627
0.2602980717673809
0.2627075292272778
0.26513926224364226
0.2675934759800707
0.2700703774664691
0.27257017561814734
0.2750930812504337
0.27763930709616447
0.2802090678224126
0.2828025800475985
0.28542006235771106
0.28806173532428747
0.2907278215209307
0.2934185455414523
0.29613413401751065
0.29887481563563273
0.30164082115471325
0.30443238342530055
0.30724973740659695
0.31009312018511764
0.3129627709927999
0.3158589312249461
0.3187818444604909
0.32173175647845165
0.3247089152787237
0.32771357110024163
0.33074597643949155
0.3338063860713786
0.3368950570666
0.3400122488131754
0.34315822303443966
0.3463332438095871
0.34953757759391346
0.352771493237883
0.35603526200823715
0.35932915760750384
0.36265345619505235
0.3660084364072989
0.3693943793788009
0.37281156876253135
0.3762602907509567
0.3797408340972534
0.3832534901368377
0.3867985528077498
0.3903763186731705
0.393987086941982
0.3976311594916746
0.40130884088879565
0.4050204384118466
0.40876626207329886
0.41254662464107983
0.41636184166132784
0.4202122314812294
0.42409811527089036
0.42801981704619196
0.43197766369144985
0.4359719849825108
0.4400031136096312
0.4440713852003695
0.44817713834320133
0.45232071461027684
0.4565024585812301
0.46072271786634644
0.4649818431302196
0.4692801881158781
0.4736181096678038
0.4779959677563588
0.4824141255011484
0.4868729491960568
0.4913728083322777
0.4959140756226921
0.500497127026791
0.5051223417742302
0.5097901023895688
0.5145007947169675
0.5192548079439799
0.5240525346265238
0.5288943707135695
0.5337807155718286
0.5387119720098792
0.5436885463037765
0.5487108482209012
0.5537792910454185
0.558894291602656
0.5640562702843506
0.5692656510727344
0.5745228615660634
0.5798283330030938
0.5851825002882235
0.5905858020155638
0.5960386804943971
0.6015415817734939
0.6070949556662906
0.6126992557747567
0.6183549395148845
0.624062468140157
0.6298223067672667
0.635634924399382
0.6415007939507172
0.6474203922713778
0.6533942001703787
0.6594227024402315
0.6655063878810057
0.6716457493231001
0.677841283651768
0.6840934918296078
0.690402878920373
0.696769954111947
0.7031952307386203
0.7096792263041027
0.7162224625036819
0.7228254652468158
0.729488764678144
0.7362128951997611
0.7429983954920685
0.7498458085353407
0.7567556816295804
0.7637285664156798
0.770765018894987
0.777865599448651
0.7850308728574721
0.7922614083204229
0.7995577794727163
0.8069205644043667
0.8143503456771856
0.8218477103418091
0.829413249954264
0.8370475605920581
0.8447512428691466
0.8525249019508112
0.860369147568192
0.8682845940313452
0.8762718602423258
0.8843315697073347
0.8924643505482427
0.9006708355129985
0.9089516619861517
0.917307471997335
0.9257389122299514
0.934246634028349
0.9428312934045958
0.9514935510437835
0.9602340723086871
0.9690535272436067
0.9779525905763286
0.9869319417200777
0.9959922647738543
1.0051342485210217
1.014358586427861
1.0236659766399598
1.0330571219773839
1.0425327299293718
1.0520935126461934
1.0617401869308636
1.0714734742289287
1.081294100616196
1.0912027967856106
1.1012002980322242
1.1112873442365057
1.1214646798454868
1.1317330538528179
1.142093219776385
1.1525459356339813
1.1630919639177846
1.1737320715653077
1.1844670299299076
1.195297614747466
1.2062246061023116
1.2172487883894691
1.2283709502755218
1.239591884656293
1.2509123886125435
1.2623332633622109
1.2738553142109295
1.2854793504989008
1.2972061855452826
1.3090366365894488
1.320971524729238
1.3330116748560696
1.3451579155865838
1.35741107919113
1.369772001518609
1.382241521918102
1.3948204831563018
1.4075097313315352
1.4203101157838156
1.4332224890009853
1.4462477065202233
1.459386626826135
1.47264011124379
1.4860090238276566
1.499494231245761
1.5130966026590411
1.5268170095960445
1.5406563258223984
1.5546154272053476
1.5686951915726313
1.582896498566111
1.597220229490103
1.611667267153425
1.6262384957057856
1.640934800468297
1.655757067757178
1.670706184701858
1.6857830390557873
1.7009885190007865
1.7163235129447048
1.7317889093113938
1.7473855963239808
1.7631144617801298
1.7789763928200861
1.7949722756865634
1.8111029954764024
1.8273694358843082
1.8437724789377186
1.8603130047232859
1.8769918911041301
1.893810013427953
1.9107682442258436
1.9278674529015716
1.9451085054105441
1.9624922639292175
1.980019586513791
1.9976913267482501
2.01550833338173
2.0334714499548343
2.051581514413962
2.069839358714832
2.088245808413283
2.1068016822444235
2.1255077916887366
2.1443649405260685
2.163373924375699
2.18253553022381
2.2018505359367575
2.2213197097605164
2.240943809805892
2.2607235835189443
2.2806597671366577
2.300753085127157
2.3210042496145915
2.3414139597877948
2.361982901292945
2.3827117456096176
2.4036011494096314
2.424651753899072
2.44586418414226
2.4672390483680537
2.4887769372577107
2.51047842321401
2.5323440596115376
2.5543743800272716
2.5765698974517646
2.598931103479865
2.6214584674812578
2.6441524357499953
2.667013430632709
2.690041849635564
2.713238064508944
2.7366024203101293
2.760135234442988
2.7838367956749277
2.807707363130319
2.831747165260185
2.8559563987878906
2.8803352276303373
2.904883781794326
2.9296021562479453
2.95449040976635
2.979548563752056
3.0047766010287176
3.030174464609012
3.0557420564354283
3.0814792360944656
3.107385819503164
3.1334615775686196
3.159706234819266
3.186119468008673
3.2127009046906183
3.2394501217663185
3.266366644002595
3.2934499425216375
3.32069943326175
3.348114475409198
3.3756943698008173
3.403438357297737
3.4313456171297165
3.459415265210318
3.487646352423118
3.5160378628786013
3.54458871214211
3.5732977454330936
3.602163735795336
3.6311853822390447
3.660361307854539
3.689690057897996
3.7191700978496853
3.748799811445121
3.778577498679378
3.8085013737853424
3.8385695631862777
3.868780103423492
3.899130939059713
3.929619920559033
3.960244802144156
3.991003239631961
4.021892788248389
4.052910900423638
4.084054923568985
4.115322097836316
4.1467095538618635
4.178214310495505
4.209833272517196
4.241563228342304
4.273400847717252
4.305342679407885
4.337385148881964
4.369524555988373
4.401757072634929
4.4340787404674264
4.466485468552159
4.498973031064722
4.5315370649878295
4.564173067820968
4.596876395305139
4.629642259165664
4.662465724876704
4.695341709450757
4.728264979257121
4.761230147872926
4.794231673970998
4.827263859248698
4.860320846402101
4.893396617150288
4.926484990314269
4.959579619955771
4.992673993580942
5.025761430414379
5.058835079748925
5.091887919377327
5.1249127541113335
5.157902214394728
5.19084875501656
5.223744653931158
5.256582011191815
5.289352748005056
5.3220486059128165
5.3546611461099065
5.387181748904336
5.4196016133284575
5.451911756908844
5.4841030156031145
5.516166043912259
5.548091315176856
5.5798691220660235
5.611489577268101
5.642942614392006
5.674217989088581
5.705305280401327
5.736193892355854
5.766873055797864
5.7973318304891315
5.827559107471447
5.8575436117081985
5.887273905013529
5.916738389278957
5.945925310007311
5.974822760163842
6.003418684354315
6.031700883339795
6.059657018897712
6.087274619038718
6.114541083588515
6.141443690143871
6.167969600411457
6.194105866938253
6.219839440241494
6.245157176346168
6.270045844737348
6.29449213673438
6.318482674293236
6.34200401924303
6.365042682961772
6.387585136496024
6.409617821128226
6.431127159394704
6.452099566556573
6.472521462524724
6.492379284239246
6.511659498502437
6.5303486152636125
6.548433201352548
6.5658998946573846
6.58273541874129
6.598926597890951
6.6144603725884625
6.629323815396646
6.64350414724633
6.656988754112414
6.669765204063845
6.68182126467087
6.693144920751195
6.7037243924345855
6.713548153523763
6.722604950127258
6.730883819538053
6.738374109329534
6.745065496638478
6.750948007602394
6.756012036916582
6.760248367474043
6.763648190049207
6.766203122984346
6.767905231835305
6.7687470489312105
6.768721592800584
6.767822387414357
6.766043481194319
6.763379465733541
6.759825494173651
6.755377299181961
6.750031210470055
6.743784171793769
6.736633757373387
6.7285781876715625
6.719616344465668
6.709747785150314
6.698972756205441
6.687292205764869
6.674707795220233
6.661221909795378
6.6468376680267625
6.631558930086167
6.6153903048831095
6.598337155885753
6.580405605600838
6.561602538655253
6.5419356034243465
6.521413212154874
6.500044539533694
6.4778395196569365
6.454808841358349
6.430963941859862
6.40631699871222
6.380880919998669
6.35466933278021
6.327696569766802
6.299977654205211
6.271528282980746
6.242364807937039
6.212504215425275
6.181964104101724
6.150762661000131
6.118918635913518
6.086451314127944
6.053380487559079
6.019726424350623
5.985509837002101
5.950751849101666
5.9154739607479145
5.879698012752751
5.8434461497252705
5.806740782144167
5.769604547533673
5.732060270864827
5.69413092431036
5.6558395864876045
5.617209401329042
5.578263536725011
5.539025143087034
5.499517311983641
5.459763035002941
5.419785162997856
5.379606365870693
5.339249093053412
5.298735534838794
5.258087584715485
5.2173268028566895
5.17647438090794
5.135551108214203
5.094577339620196
5.053572964970512
5.012557380427872
4.971549461718699
4.930567539405097
4.8896293762713965
4.848752146901974
4.807952419514674
4.767246140101314
4.726648618913579
4.686174519318878
4.645837849036794
4.6056519537528855
4.565629513092399
4.525782538922695
4.486122375939393
4.446659704478125
4.407404545480888
4.368366267533843
4.32955359588212
4.290974623316486
4.2526368228171645
4.21454706183164
4.17671161805568
4.13913619658065
4.101825948265218
4.064785489185765
4.028018921017395
3.9915298521964586
3.9553214197155473
3.9193963114035757
3.8837567885461355
3.848404708705393
3.8133415486037356
3.77856842694143
3.7440861270256662
3.709895119096125
3.6759955822407386
3.6423874258045843
3.60907031020438
3.5760436670710174
3.5433067186528366
3.510858496422503
3.478697858840646
3.4468235082393845
3.415234006798768
3.383927791598465
3.3529031887359624
3.3221584265110007
3.29169164768364
3.261500920820416
3.2315842507494805
3.2019395881511343
3.172564838314987
3.143457869099107
3.1146165181297274
3.0860385992826855
3.0577219084895555
3.029664228912675
3.0018633355337356
2.9743169992005942
2.9470229901764653
2.9199790812346165
2.8931830503402765
2.866632682959864
2.8403257740355676
2.8142601296611662
2.788433568492703
2.762843922925148
2.7374890400637817
2.7123667825165154
2.687475029031017
2.6628116749981054
2.6383746328405957
2.6141618323047346
2.5901712206692555
2.566400762885243
2.5428484416583457
2.5195122574832247
2.4963902286387523
2.4734803911512495
2.4507807987318713
2.428289522693315
2.406004651850125
2.38392429240618
2.3620465678322855
2.3403696187362186
2.3188916027272013
2.2976106942763384
2.2765250845742195
2.255632981386716
2.2349326089097
2.214422207623278
2.1941000341460124
2.17396436108947
2.1540134769133608
2.1342456857814427
2.114659307418366
2.095252676967548
2.0760241448501264
2.0569720766250823
2.0380948528505396
2.0193908689462554
2.000858535057336
1.9824962759191713
1.9643025307235726
1.9462757529861348
1.9284144104148015
1.9107169847796375
1.8931819717837761
1.8758078809355603
1.85859323542186
1.8415365719825312
1.8246364407860467
1.8078914053062605
1.7913000422002963
1.7748609411875655
1.7585727049298971
1.7424339489127518
1.7264433013275464
1.7105994029550478
1.6949009070498327
1.6793464792258175
1.663934797342833
1.6486645513942446
1.6335344433955945
1.6185431872742744
1.6036895087602132
1.5889721452775545
1.57438984583734
1.559941370931179
1.5456254924258812
1.5314409934590687
1.5173866683357435
1.503461322425797
1.489663772062469
1.4759928444417332
1.4624473775226123
1.4490262199283963
1.435728230848778
1.4225522799428876
1.4094972472432037
1.3965620230603601
1.3837455078888252
1.3710466123134337
1.358464256916792
1.3459973721875276
1.3336448984293732
1.3214057856710981
1.3092789935772555
1.2972634913597576
1.285358257690252
1.2735622806133111
1.2618745574604169
1.2502940947647285
1.2388199081766391
1.227451022380108
1.2161864710097527
1.2050252965687087
1.1939665503472467
1.1830092923421223
1.1721525911766815
1.1613955240216896
1.1507371765168946
1.1401766426932989
1.1297130248961549
1.1193454337086657
1.1090729878763796
1.0988948142322832
1.088810047622587
1.078817830833178
1.068917314516761
1.0591076571206652
1.0493880248153054
1.0397575914233106
1.0302155383492946
1.0207610545102808
1.0113933362667509
1.0021115873543411
0.9929150188161583
0.9838028489357145
0.9747743031704826
0.9658286140860621
0.9569650212909417
0.9481827713718669
0.9394811178298026
0.930859321016475
0.9223166480715034
0.9138523728601058
0.9054657759113796
0.897156144357141
0.8889227718713324
0.8807649586099878
0.8726820111517399
0.8646732424388806
0.8567379717189642
0.8488755244869363
0.8410852324278041
0.8333664333598308
0.8257184711782452
0.818140695799474
0.8106324631058868
0.8031931348910406
0.7958220788054358
0.7885186683027626
0.7812822825866489
0.774112306557886
0.7670081307621481
0.7599691513381897
0.7529947699665119
0.7460843938185089
0.7392374355060766
0.7324533130316817
0.7257314497388926
0.7190712742633658
0.7124722204842748
0.7059337274761921
0.699455239461409
0.6930362057626963
0.6866760807564926
0.6803743238265275
0.6741303993178709
0.667943776491398
0.6618139294786776
0.6557403372372752
0.6497224835064597
0.6437598567633229
0.6378519501793017
0.6319982615770928
0.6261982933879704
0.6204515526094907
0.614757550763589
0.6091158038550545
0.6035258323303933
0.5979871610370657
0.5924993191830963
0.5870618402970571
0.581674262188418
0.5763361269082586
0.5710469807103423
0.5658063740125494
0.5606138613586593
0.5554690013804888
0.5503713567603734
0.5453204941939976
0.5403159843535605
0.535357401851284
0.530444325203256
0.5255763367936009
0.5207530228389836
0.5159739733534384
0.5112387821135176
0.5065470466237632
0.5018983680824955
0.497292351347913
0.4927286049045065
0.4882067408297768
0.4837263747612655
0.47928712586388167
0.4748886167975278
0.4705304736850308
0.46621232608035934
0.4619338069371334
0.4576945525774305
0.45349420266086643
0.4493324001539716
0.44520879129984037
0.4411230255880592
0.4370747557249176
0.43306363760388544
0.4290893302763611
0.4251514959226959
0.42124979982347577
0.4173839103310684
0.413553498841437
0.40975823976620646
0.4059978105049859
0.4022718914179517
0.3985801657986758
0.39492231984720283
0.3912980426433817
0.3877070261204345
0.3841489650387685
0.380623556960035
0.37713050222141953
0.37366950391016795
0.3702402678383533
0.36684250251786676
0.36347591913563954
0.3601402315290979
0.35683515616183387
0.3535604120995087
0.35031572098597186
0.3471008070195978
0.3439153969298471
0.3407592199540358
0.337632007814319
0.3345334946948903
0.33146341721938527
0.32842151442849304
0.32540752775777726
0.322421201015697
0.31946228036182783
0.3165305142852889
0.31362565358336253
0.3107474513403102
0.30789566290638737
0.3050700458770471
0.3022703600723334
0.2994963675164687
0.29674783241762454
0.2940245211478775
0.2913262022233534
0.28865264628454956
0.2860036260768376
0.28337891643115004
0.2807782942448367
0.2782015384627045
0.27564843005822576
0.2731187520149193
0.2706122893079071
0.2681288288856353
0.26566815965176305
0.26323007244722235
0.26081436003243763
0.25842081706970893
0.2560492401057608
0.2536994275544472
0.251371179679615
0.24906429857812917
0.24677858816304934
0.24451385414696092
0.24226990402546325
0.24004654706080508
0.23784359426567042
0.23566085838711723
0.23349815389065914
0.23135529694449405
0.22923210540388012
0.22712839879565275
0.2250439983028825
0.22297872674967814
0.2209324085861253
0.2189048698733633
0.216895938268803
0.21490544301147452
0.21293321490751493
0.2109790863157856
0.20904289113362126
0.20712446478271362
0.20522364419512074
0.20334026779940512
0.2014741755069022
0.19962520869811123
0.19779321020921217
0.1959780243187079
0.19417949673418733
0.19239747457920894
0.19063180638030855
0.1888823420541226
0.1871489328946303
0.18543143156051506
0.18372969206263967
0.18204356975163596
0.18037292130561158
0.17871760471796633
0.1770774792853206
0.1754524055955575
0.17384224551597158
0.17224686218152652
0.1706661199832237
0.16909988455657293
0.1675480227701733
0.16601040271439607
0.16448689369017142
0.16297736619788056
0.16148169192634734
0.15999974374193077
0.15853139567772045
0.15707652292282803
0.15563500181177775
0.15420670981399623
0.15279152552339634
0.15138932864805701
