0.06499837502698111
0.06560037186978528
0.06620794366681973
0.06682114202935743
0.06744001904749944
0.0680646272927895
0.0686950198231211
0.06933125018708355
0.06997337242740911
0.07062144108713016
0.07127551121563781
0.07193563836833941
0.07260187861634036
0.07327428854813584
0.07395292527688314
0.07463784644156352
0.0753291102167803
0.07602677531328385
0.0767309009842078
0.07744154703213538
0.07815877381186706
0.07888264223438282
0.0796132137770953
0.08035055048269862
0.08109471496878232
0.081845770432103
0.08260378065129077
0.08336880999759466
0.084140923434716
0.08492018652835316
0.0857066654487572
0.08650042697776596
0.08730153851534891
0.08811006808432471
0.08892608433422118
0.08974965655032319
0.09058085465732306
0.09141974922682522
0.09226641148151879
0.0931209133026188
0.09398332723379736
0.0948537264907763
0.09573218496470268
0.09661877722824232
0.09751357854404277
0.09841666486936765
0.09932811286219545
0.10024799988920519
0.10117640403112692
0.10211340408895155
0.10305907959256112
0.10401351080367878
0.10497677872751077
0.10594896511502466
0.106930152472695
0.10792042406794186
0.10891986393693052
0.10992855689115427
0.11094658852384656
0.1119740452195654
0.11301101415870869
0.11405758332611675
0.1151138415182153
0.11617987834981153
0.11725578426393728
0.11834165053607874
0.11943756928351518
0.12054363347352463
0.12165993693101855
0.12278657434396631
0.12392364127505665
0.12507123416721413
0.12622945035151
0.1273983880566929
0.128578146416834
0.1297688254787228
0.13097052621176924
0.13218335051484226
0.1334074012251723
0.13464278212781777
0.13588959796310907
0.13714795443657252
0.13841795822600247
0.13969971699188985
0.14099333938558334
0.14229893505815644
0.14361661467056974
0.1449464899018483
0.14628867345720045
0.14764327908076055
0.1490104215619538
0.15039021674500175
0.15178278154135394
0.1531882339358684
0.1546066929989867
0.15603827889495667
0.15748311289307115
0.15894131737654635
0.16041301585369536
0.16189833296665568
0.16339739450330648
0.16491032740604725
0.16643725978349833
0.16797832091988413
0.16953364128663334
0.17110335255270903
0.17268758759497863
0.17428648050904022
0.17590016662187688
0.17752878250064827
0.17917246596458042
0.18083135609709275
0.1825055932564496
0.18419531908692005
0.18590067653042092
0.1876218098392958
0.18935886458558773
0.19111198767615084
0.19288132736107846
0.19466703324873832
0.1964692563154732
0.19828814891949473
0.2001238648128711
0.2019765591531444
0.20384638851639805
0.2057335109103221
0.2076380857859223
0.20956027405135208
0.21150023808399998
0.21345814174405478
0.215434150387765
0.21742843087969288
0.21944115160757266
0.2214724824945698
0.22352259501299412
0.22559166219841725
0.22767985866362048
0.22978736061118343
0.231914345849388
0.23406099380427323
0.23622748553570813
0.23841400375035005
0.24062073281666949
0.24284785877943063
0.24509556937459168
0.24736405404337447
0.24965350394770963
0.25196411198480045
0.25429607280261013
0.2566495828151999
0.25902484021754246
0.2614220450007456
0.263841398968588
0.26628310575238984
0.26874737082711914
0.27123440152708755
0.2737444070616369
0.2762775985324032
0.27883418894799694
0.2814143932415824
0.2840184282868544
0.2866465129142314
0.2892988679285068
0.29197571612440776
0.29467728230475204
0.2974037932965092
0.3001554779683293
0.30293256724807865
0.3057352941395187
0.30856389374045723
0.3114186032598317
0.3142996620356925
0.31720731155299725
0.32014179546164667
0.32310335959419384
0.3260922519841436
0.32910872288429094
0.3321530247852408
0.33522541243337856
0.33832614285006296
0.34145547534973125
0.34461367155945577
0.34780099543696064
0.3510177132902714
0.354264093796859
0.35754040802225195
0.3608469294398217
0.36418393395040305
0.3675516999014425
0.37095050810669555
0.37438064186590675
0.3778423869848264
0.3813360317950097
0.38486186717366555
0.3884201865641197
0.39201128599558893
0.3956354641037367
0.39929302215082974
0.40298426404619414
0.4067094963671095
0.4104690283787746
0.41426317205549607
0.41809224210101004
0.4219565559699304
0.4258564338879704
0.4297921988729855
0.43376417675653806
0.43777269620431875
0.4418180887376402
0.445900688754719
0.45002083355144584
0.4541788633429839
0.45837512128509694
0.4626099534955815
0.4668837090752253
0.47119674012993634
0.475549401791438
0.4799420522393499
0.4843750527223051
0.4888487675797579
0.49336356426302397
0.4979198133572456
0.5025178886026935
0.5071581669164573
0.5118410284134857
0.5165668564284656
0.5213360375370251
0.5261489615774431
0.5310060216714587
0.5359076142462303
0.540854139054814
0.5458459991983062
0.5508836011461199
0.5559673547572911
0.5610976733018498
0.5662749734809922
0.5714996754482032
0.5767722028302076
0.5820929827466894
0.5874624458315219
0.5928810262523242
0.5983491617309976
0.60386729356369
0.609435866640135
0.6150553294635457
0.6207261341698675
0.6264487365472429
0.6322235960543892
0.6380511758397833
0.6439319427597998
0.6498663673972929
0.6558549240789721
0.6618980908935984
0.6679963497089796
0.6741501861888217
0.6803600898098113
0.6866265538776977
0.6929500755430208
0.6993311558171199
0.7057702995868854
0.7122680156295658
0.7188248166270309
0.7254412191797922
0.7321177438199187
0.7388549150240384
0.7456532612257747
0.752513314827174
0.7594356122100178
0.7664206937463588
0.7734691038084691
0.780581390777934
0.7877581070546706
0.7949998090643627
0.802307057265956
0.8096804161579043
0.8171204542839848
0.8246277442379476
0.8322028626675362
0.8398463902777906
0.8475589118328108
0.8553410161574079
0.8631932961373386
0.8711163487182259
0.879110774904148
0.887177179754625
0.8953161723804062
0.9035283659387822
0.9118143776266993
0.9201748286734167
0.92861034433174
0.9371215538673634
0.9457090905475275
0.9543735916279323
0.9631156983383033
0.9719360558660933
0.9808353133391103
0.9898141238061942
0.9988731442161187
1.008013035395407
1.0172344620232725
1.026538092605914
1.0359245994478055
1.045394658621999
1.054948949937534
1.0645881569054478
1.0743129667021218
1.0841240701308668
1.0940221615805827
1.1040079389828041
1.114082103765714
1.1242453608059075
1.134498418377517
1.1448419880986769
1.1552767848752616
1.1658035268417113
1.1764229352989781
1.18713573464946
1.1979426523290166
1.2088444187354603
1.2198417671539923
1.230935433679312
1.2421261571341884
1.2534146789841936
1.264801743249316
1.2762880964112833
1.2878744873173023
1.2995616670796548
1.3113503889711644
1.3232414083165673
1.335235482379413
1.347333370244639
1.359535832696276
1.3718436320906284
1.384257532224756
1.3967782981996337
1.4094066962783485
1.4221434937391866
1.4349894587228866
1.4479453600749446
1.4610119671816781
1.4741900498006848
1.4874803778854118
1.500883721403208
1.514400850147446
1.528032533542776
1.5417795404440786
1.5556426389283577
1.569622596079549
1.5837201777663967
1.5979361484126884
1.612271270760182
1.6267263056235803
1.6413020116375565
1.6559991449957348
1.6708184591813593
1.6857607046891383
1.700826628738656
1.7160169749786198
1.7313324831818133
1.746773888930836
1.7623419232941862
1.7780373124920998
1.793860777552851
1.809813033958178
1.8258947912784997
1.8421067527969084
1.8584496151225918
1.8749240677922734
1.8915307928606377
1.908270464478524
1.9251437484591172
1.9421513018317758
1.9592937723830859
1.9765717981851043
1.993986007110206
2.0115370163326465
2.029225431816088
2.047051847787222
2.0650168461950016
2.0831209961550146
2.101364853379195
2.119748959589956
2.1382738419189793
2.1569400122900135
2.175747966785476
2.194698184996666
2.213791129356969
2.2330272444581953
2.2524069563492173
2.271930671817093
2.2915987776499938
2.3114116398816784
2.331369603017488
2.3514729892410875
2.371722097602114
2.3921172031839237
2.4126585562516065
2.433346381379609
2.4541808765588278
2.475162212282839
2.4962905306129595
2.5175659442217495
2.5389885354148856
2.5605583551308393
2.582275421918448
2.604139720891555
2.6261512026611413
2.64830978224404
2.6706153379485364
2.693067710236076
2.7156667005594683
2.738412070176698
2.761303538940848
2.7843407840652046
2.807523438864143
2.830851091468916
2.854323283518752
2.8779395088268522
2.9016992120213043
2.925601787160709
2.949646576324707
2.9738328681790858
2.9981598965156087
3.0226268387667017
3.0472328144947873
3.071976883856496
3.0968580460420143
3.1218752376892898
3.147027331273839
3.172313133473936
3.197731383511596
3.2232807514697246
3.2489598365857697
3.2747671655221273
3.300701190613964
3.3267602880947726
3.3529427563003598
3.3792468138517515
3.405670597817829
3.432212161858269
3.4588694743476993
3.4856404164819366
3.5125227803671524
3.5395142670931206
3.5666124847914746
3.593814946680282
3.621119069096103
3.648522169514905
3.6760214645633287
3.703614068021618
3.7312969888201666
3.759067129031035
3.7869212818565896
3.814856129616937
3.8428682417384366
3.870954072745203
3.8991099602560926
3.9273321229894522
3.955616658778172
3.983959542597787
4.012356624610244
4.0408036282264765
4.069296148190657
4.097829648689505
4.12639946148987
4.155000784108196
4.183628678015536
4.212278066881822
4.240943734863583
4.269620324939032
4.298302337295001
4.326984127770151
4.3556599063591275
4.384323735782403
4.412969530127016
4.4415910535631555
4.470181919142097
4.498735587681018
4.527245366740337
4.555704409699573
4.5841057149377145
4.612442125124439
4.640706326628585
4.668890849050423
4.696988064884664
4.724990189320998
4.752889280189364
4.780677238057293
4.808345806486609
4.835886572457221
4.863290966965687
4.890550265806404
4.917655590543439
4.944597909681149
4.971368040041741
4.997956648358148
5.024354253090579
5.050551226475254
5.076537796813772
5.102304051011727
5.1278399373750965
5.1531352686730045
5.178179725475331
5.202962859773739
5.227474098894491
5.251702749711349
5.275638003166889
5.299268939110047
5.322584531458022
5.345573653689929
5.368225084679819
5.390527514875961
5.412469552833345
5.434039732105702
5.455226518503129
5.476018317720805
5.496403483343959
5.516370325233536
5.535907118296555
5.555002111644463
5.573643538142077
5.59181962434903
5.609518600854761
5.6267287130073464
5.643438232035447
5.659635466561797
5.675308774505541
5.690446575369733
5.705037362909117
5.7190697181721575
5.732532322910002
5.745413973343759
5.757703594280153
5.769390253564093
5.780463176855331
5.790911762714753
5.800725597984368
5.809894473443308
5.818408399720594
5.826257623443624
5.833432643599646
5.839924228085597
5.845723430420014
5.850821606588742
5.85521043199437
5.858881918477504
5.86182843137598
5.864042706586433
5.865517867590599
5.866247442407049
5.8662253804271725
5.865446069092443
5.8639043503684105
5.861595536969069
5.858515428283831
5.8546603259577
5.850027049074048
5.844612948887935
5.838415923056936
5.831434429315355
5.823667498536911
5.815114747130271
5.805776388711382
5.79565324499622
5.784746755857535
5.7730589884893275
5.760592645623195
5.7473510727413455
5.733338264232028
5.718558868434319
5.703018191520726
5.686722200167886
5.669677522967767
5.651891450534224
5.633371934262534
5.614127583702678
5.59416766251057
5.573502082945214
5.552141398883924
5.530096797332179
5.507380088409515
5.484003693797895
5.459980633644516
5.4353245119166465
5.4100495002121
5.384170320035238
5.357702223554828
5.330660972866781
5.303062817791716
5.274924472244219
5.2462630892178685
5.217096234437207
5.187441858735155
5.157318269221443
5.126744099314859
5.09573827771905
5.0643199964285674
5.032508677858278
5.00032394119585
4.96778556808285
4.934913467735646
4.901727641622591
4.868248147818503
4.834495065161676
4.800488457342096
4.766248337052489
4.731794630335882
4.697147141264809
4.662325517087933
4.627349213979624
4.592237463526955
4.557009240086753
4.5216832291424645
4.48627779678688
4.450810960452309
4.41530036100417
4.379763236307777
4.344216396370822
4.308676200156206
4.273158534151085
4.237678792768544
4.202251860648378
4.166892096912718
4.131613321421138
4.096428803058435
4.061351250076361
4.026392802498555
3.9915650265858345
3.9568789113467457
3.922344867066336
3.8879727258141417
3.8537717438810417
3.8197506060834354
3.785917431862664
3.752279783097837
3.718844673540954
3.685618579774876
3.652607453587421
3.619816735648256
3.587251370369897
3.554915821829856
3.522814090627663
3.4909497315484095
3.4593258719035975
3.427945230420141
3.3968101365497656
3.3659225500733174
3.3352840808780075
3.304896008789904
3.2747593033492395
3.2448746434222437
3.215242436549975
3.1858628379419733
3.15673576903064
3.1278609355104625
3.0992378447948816
3.070865822832458
3.0427440302328357
3.014871477661893
2.987247040474133
2.9598694725589323
2.9327374193853366
2.905849430237834
2.8792039696428673
2.852799427992488
2.8266341313776944
2.8007063506495498
2.775014309730983
2.749556193206322
2.7243301532192263
2.6993343157124303
2.674566786044994
2.6500256540242813
2.625708998390985
2.6016148907959042
2.5777413993071816
2.5540865914862696
2.530648537070001
2.5074253102949062
2.4844149918985488
2.461615670830825
2.4390254457063443
2.4166424260270096
2.394464733201795
2.3724905013886106
2.3507178781809794
2.329145025160215
2.3077701183316917
2.2865913484618496
2.2656069213307704
2.2448150579133546
2.224213994500544
2.2038019827705666
2.183577289818795
2.163538198153585
2.1436830056644163
2.1240100255676215
2.1045175863342065
2.0852040316034417
2.066067720085356
2.0471070254546473
2.028320336238056
2.009706055696908
1.9912626017061599
1.9729884066309904
1.9548819172018206
1.936941594388407
1.9191659132735077
1.9015533629265444
1.8841024462775409
1.8668116799915795
1.849679594343917
1.8327047330959172
1.815885653371875
1.7992209255367764
1.7827091330750713
1.7663488724704677
1.7501387530867545
1.7340773970496908
1.7181634391299485
1.7023955266270963
1.6867723192546502
1.6712924890261613
1.6559547201423526
1.6407577088792726
1.6257001634774857
1.6107808040322786
1.5959983623848601
1.5813515820145738
1.5668392179320925
1.5524600365735903
1.5382128156958903
1.5240963442725775
1.5101094223910516
1.4962508611505403
1.4825194825610415
1.4689141194431883
1.455433615329042
1.4420768243637885
1.4288426112083454
1.4157298509428486
1.402737428971038
1.3898642409255182
1.3771091925738808
1.3644711997256946
1.351949188140355
1.3395420934357636
1.3272488609978594
1.3150684458909776
1.302999812769024
1.2910419357874732
1.2791937985161688
1.2674543938529308
1.2558227239379434
1.2442978000689409
1.2328786426171692
1.2215642809441098
1.2103537533189788
1.199246106836982
1.1882403973383093
1.1773356893278866
1.1665310558958573
1.15582557863879
1.1452183475816184
1.1347084611002882
1.1242950258451232
1.113977156664885
1.1037539765315363
1.0936246164656946
1.0835882154627647
1.0736439204197539
1.0637908860627603
1.054028274875119
1.0443552570262142
1.0347710103009473
1.0252747200298393
1.0158655790197906
1.0065427874854642
0.9973055529813087
0.9881530903341924
0.9790846215766675
0.9700993758808437
0.9611965894928625
0.9523755056679788
0.943635374606242
0.9349754533887541
0.9263950059145263
0.9178933028379098
0.909469621506598
0.9011232459002025
0.8928534665693887
0.8846595805755766
0.8765408914311842
0.8684967090404289
0.8605263496406705
0.8526291357442859
0.8448043960810849
0.8370514655412539
0.8293696851188161
0.8217584018556179
0.8142169687858289
0.8067447448809449
0.7993410949953029
0.7920053898120918
0.7847370057898624
0.7775353251095222
0.7703997356218214
0.7633296307953228
0.7563244096648413
0.7493834767803632
0.7425062421564356
0.7356921212220114
0.7289405347707636
0.7222509089118534
0.7156226750211458
0.7090552696928775
0.7025481346917685
0.6961007169055686
0.6897124682980442
0.6833828458623943
0.6771113115750957
0.6708973323501679
0.6647403799938618
0.6586399311597644
0.6525954673043104
0.6466064746427077
0.6406724441052664
0.6347928712941241
0.6289672564403735
0.6231951043615837
0.6174759244197049
0.6118092304793664
0.6061945408665544
0.6006313783276701
0.5951192699889603
0.5896577473163238
0.5842463460754881
0.5788846062925449
0.573572072214854
0.5683082922723052
0.5630928190389317
0.5579252091948799
0.5528050234887282
0.5477318267001471
0.5427051876029076
0.5377246789282253
0.5327898773284437
0.5279003633410473
0.5230557213530075
0.518255539565457
0.5134994099586835
0.5087869282574494
0.504117693896629
0.49949130998715746
0.49490738328229666
0.4903655241442095
0.4858653465108381
0.4814064678630903
0.4769885091923236
0.47261109496813125
0.4682738531064191
0.4639764149377794
0.4597184151761552
0.45549949188778754
0.45131928646045244
0.44717744357297995
0.44307361116504856
0.43900744040726136
0.43497858567149617
0.4309867045015246
0.4270314575839056
0.42311250871913986
0.4192295247930968
0.41538217574869746
0.41157013455785746
0.4077930771936934
0.4040506826029781
0.4003426326788489
0.3966686122337731
0.3930283089727509
0.38942141346677533
0.3858476191265283
0.382306622176318
0.37879812162826193
0.3753218192567007
0.3718774195728463
0.36846462979966976
0.36508315984701234
0.361732722286926
0.35841303232924543
0.35512380779737895
0.35186476910432113
0.34863563922889146
0.34543614369218567
0.34226601053424244
0.3391249702909308
0.3360127559710432
0.33292910303359935
0.3298737493653637
0.3268464352585636
0.3238469033888123
0.32087489879323955
0.31793016884881786
0.3150124632508876
0.31212153399188486
0.309257135340256
0.30641902381957425
0.3036069581878422
0.30082069941698475
0.2980600106725341
0.2953246572934977
0.2926144067724098
0.2899290287355716
0.2872682949234672
0.2846319791713606
0.2820198573900736
0.27943170754693736
0.27686730964691747
0.274326445713917
0.27180889977224754
0.2693144578282688
0.2668429078522024
0.2643940397601075
0.26196764539602224
0.2595635185142729
0.25718145476194126
0.25482125166149383
0.25248270859357297
0.250165626779943
0.24786980926659258
0.24559506090699668
0.24334118834552515
0.24110800000101057
0.23889530605046233
0.23670291841293004
0.23453065073351947
0.2323783183675506
0.2302457383648613
0.22813272945425936
0.22603911202811264
0.22396470812708108
0.22190934142499272
0.21987283721385426
0.21785502238899962
0.21585572543437864
0.21387477640797609
0.21191200692736614
0.2099672501554015
0.20804034078603106
0.20613111503024772
0.20423941060216827
0.20236506670523793
0.20050792401856152
0.19866782468336278
0.1968446122895657
0.19503813186249816
0.19324822984972106
0.19147475410797526
0.1897175538902482
0.18797647983296262
0.18625138394327792
0.18454211958651293
0.18284854147368085
0.18117050564913842
0.17950786947835182
0.1778604916357713
0.1762282320928178
0.1746109521059819
0.17300851420502975
0.17142078218131723
0.1698476210762135
0.16828889716962903
0.16674447796864775
0.1652142321962674
0.1636980297802396
0.16219574184201294
0.1607072406857797
0.15923239978762105
0.15777109378475118
0.15632319846486337
0.15488859075557082
0.1534671487139445
0.15205875151614984
0.15066327944717536
0.1492806138906563
0.1479106373187939
0.14655323328236322
0.14520828640081687
0.1438756823524766
0.14255530786481524
0.1412470507048298
0.13995079966950102
0.13866644457634
0.1373938762540244
0.13613298653311764
0.13488366823687406
0.13364581517213006
0.13241932212027682
0.13120408482831608
