0.054998625022939486
0.055508006966714304
0.056022106179589866
0.056540966332506624
0.057064631501756634
0.057593146170847986
0.05812655523505205
0.05866490400442969
0.05920823820770617
0.05975660399690306
0.06031004795166862
0.06086861708087789
0.06143235882911321
0.06200132107916762
0.06257555215733863
0.06315510083526432
0.06374001633736996
0.06433034834198605
0.06492614698672998
0.06552746287336826
0.06613434707155709
0.06674685112149092
0.06736502704215756
0.06798892733158053
0.06861860497360694
0.06925411344246189
0.06989550670502435
0.07054283922881917
0.07119616598324234
0.07185554244704714
0.07252102461046613
0.07319266898120712
0.07387053258993097
0.07455467299440845
0.07524514828278257
0.07594201708096353
0.07664533855619643
0.07735517242267884
0.07807157894591976
0.07879461894835067
0.07952435381323206
0.08026084549227024
0.08100415650857601
0.08175434996237727
0.08251148953724874
0.08327563950477736
0.08404686472956788
0.08482523067555219
0.08561080341095355
0.08640364961374562
0.08720383657830372
0.08801143221856574
0.08882650507710758
0.08964912432814809
0.0904793597846379
0.09131728190365958
0.0921629617928363
0.09301647121552743
0.09387788259711694
0.09474726903195582
0.095624704288201
0.09651026281446877
0.09740401974612045
0.09830605091144014
0.09921643283873131
0.10013524276128238
0.10106255862452772
0.10199845909299712
0.1029430235570011
0.10389633213721673
0.1048584656943217
0.10582950583378238
0.10680953491280208
0.10779863604795696
0.1087968931218812
0.10980439078970221
0.11082121448693591
0.11184745043562232
0.11288318565202893
0.11392850795429416
0.11498350596883687
0.11604826913865124
0.11712288772970722
0.11820745283930412
0.11930205640314812
0.12040679120310538
0.12152175087510983
0.12264702991689956
0.12378272369456636
0.12492892845299935
0.12608574132160552
0.12725326032274104
0.12843158438115734
0.12962081333039654
0.13082104792221952
0.13203238983420548
0.1332549416787074
0.13448880701095736
0.13573409033773115
0.13699089712566465
0.13825933381050096
0.13953950780516
0.14083152750911396
0.1421355023168356
0.1434515426271932
0.14477975985229227
0.14612026642651008
0.1474731758153519
0.1488386025262136
0.15021666211589313
0.15160747120075918
0.15301114746676098
0.15442780967849537
0.15585757768892272
0.15730057244884638
0.15875691601785621
0.1602267315724579
0.16171014341829076
0.16320727699787246
0.16471825890276948
0.16624321688228733
0.16778227985496605
0.16933557791861872
0.17090324236032658
0.17248540566775628
0.17408220153947743
0.17569376489578895
0.17732023188958018
0.17896173991722236
0.18061842762959313
0.18229043494348524
0.18397790305203965
0.18568097443720114
0.18739979287998854
0.18913450347252556
0.1908852526294536
0.19265218809996318
0.19443545897872458
0.19623521571870525
0.19805161014207737
0.19988479545326895
0.2017349262502664
0.2036021585371745
0.20548664973644862
0.20738855870158482
0.20930804572903788
0.2112452725711318
0.21320040244867028
0.21517360006376798
0.2171650316128891
0.21917486479945214
0.22120326884677793
0.2232504145118754
0.22531647409818267
0.22740162146912063
0.22950603206137524
0.23162988289832756
0.23377335260431545
0.23593662141754226
0.2381198712044411
0.24032328547346718
0.2425470493889712
0.24479134978563505
0.24705637518221552
0.24934231579632862
0.25164936355857875
0.2539777121270715
0.25632755690224385
0.25869909504115446
0.26109252547267736
0.2635080489121596
0.26594586787633256
0.2684061866986956
0.2708892115444924
0.2733951504258563
0.2759242132173305
0.2784766116713285
0.28105255943364393
0.28365227205900734
0.28627596702695535
0.2889238637574805
0.291596183627237
0.2942931499851256
0.29701498816869626
0.2997619255204192
0.30253419140342414
0.3053320172183156
0.30815563641957666
0.3110052845319946
0.31388119916719914
0.3167836200403637
0.319712788987142
0.32266894998038814
0.3256523491469616
0.32866323478503806
0.3317018573809011
0.33476846962624324
0.337863326435313
0.3409866849621687
0.3441388046183409
0.3473199470897453
0.3505303763546334
0.3537703587008716
0.3570401627438041
0.3603400594436631
0.3636703221232789
0.3670312264862851
0.37042305063440734
0.37384607508571166
0.3773005827924705
0.3807868591589118
0.384305192059444
0.38785587185662435
0.3914391914193343
0.3950554461405715
0.39870493395609624
0.4023879553619748
0.40610481343328125
0.40985581384195413
0.4136412648751652
0.4174614774533136
0.4213167651484279
0.4252074442022932
0.42913383354469115
0.43309625481140746
0.43709503236253405
0.44113049330055626
0.44520296748859556
0.4493127875681607
0.45346028897757623
0.4576458099694712
0.4618696916293458
0.46613227789285777
0.4704339155638648
0.4747749543323218
0.47915574679160566
0.4835766484561751
0.4880380177794095
0.4925402161702787
0.4970836080112756
0.5016685606750405
0.5062954445416222
0.5109646330154328
0.5156765025416499
0.5204314326229887
0.5252298058360533
0.5300720078476698
0.5349584274306342
0.5398894564798056
0.5448654900275313
0.5498869262592451
0.5549541665283637
0.5600676153715171
0.5652276805229721
0.5704347729289925
0.5756893067621507
0.5809916994349723
0.5863423716133253
0.5917417472298733
0.5971902534965854
0.6026883209173224
0.6082363832997979
0.6138348777675262
0.6194842447706908
0.6251849280972658
0.6309373748833573
0.6367420356230028
0.6425993641777096
0.6485098177853829
0.6544738570686954
0.6604919460428695
0.6665645521231897
0.6726921461313905
0.6788752023019605
0.6851141982874597
0.691409615163374
0.6977619374321117
0.7041716530263853
0.7106392533119746
0.7171652330892931
0.7237500905947379
0.7303943275008229
0.7370984489154301
0.743862963380435
0.7506883828692901
0.7575752227834285
0.7645240019481925
0.7715352426072052
0.77860947041597
0.7857472144345511
0.7929490071185307
0.8002153843094445
0.8075468852236407
0.814944052440101
0.8224074318866998
0.8299375728254028
0.8375350278360033
0.8452003527982561
0.8529341068730298
0.8607368524812375
0.8686091552819203
0.8765515841481448
0.8845647111416864
0.8926491114855991
0.900805363535374
0.909034048747951
0.91733575164919
0.9257110597989546
0.9341605637546789
0.9426848570325274
0.9512845360665324
0.9599602001655851
0.9687124514681158
0.9775418948944536
0.9864491380968387
0.9954347914068261
1.0044994677803107
1.0136437827399312
1.0228683543146189
1.0321738029764491
1.041560751574808
1.0510298252673917
1.0605816514481639
1.0702168596724966
1.0799360815787769
1.089739950806948
1.0996291029135488
1.1096041752832875
1.1196658070370902
1.1298146389364279
1.1400513132839307
1.1503764738199207
1.160790765615146
1.1712948349594088
1.1818893292458428
1.1925748968509116
1.2033521870100758
1.214221849688595
1.2251845354480313
1.236240895307569
1.247391580600583
1.258637242826119
1.2699785334950222
1.2814161039709113
1.2929506053054225
1.3045826880680709
1.3163130021701523
1.3281421966826952
1.340070919648485
1.3520998178876584
1.3642295367970783
1.3764607201430306
1.38879400984716
1.401230045765626
1.413769465461147
1.4264129039677325
1.4391609935480945
1.4520143634434486
1.4649736396153765
1.478039444479942
1.4912123966335382
1.5044931105702373
1.5178821963908702
1.5313802595030728
1.5449879003125757
1.5587057139050802
1.5725342897191152
1.5864742112088477
1.6005260554974654
1.6146903930202905
1.6289677871577182
1.6433587938576601
1.6578639612472272
1.6724838292335507
1.6872189290932547
1.702069783050702
1.7170369038443813
1.7321207942814987
1.7473219467803849
1.762640842900398
1.778077952859318
1.7936337350376517
1.8093086354699046
1.8251030873223169
1.8410175103569422
1.8570523103817944
1.873207878686667
1.8894845914646259
1.9058828092185691
1.9224028761529277
1.9390451195499927
1.955809849130648
1.9726973563994123
1.9897079139732305
2.0068417748940988
2.0240991719248593
2.0414803168282853
2.058985399628899
2.0766145878574704
2.0943680257777877
2.1122458335955816
2.1302481066491734
2.1483749145818254
2.166626300495328
2.18500228008484
2.2035028407543917
2.222127940713271
2.2408775080526517
2.259751439802607
2.278749600968988
2.2978718235503166
2.3171179055341296
2.3364876098730227
2.355980663439791
2.375596755961968
2.395335538935237
2.4151966245158665
2.435179584391954
2.4552839486334106
2.4755092045206
2.495854795351677
2.516320119228455
2.536904527820899
2.5576073251102858
2.5784277661109734
2.599365055570882
2.6204183466509345
2.641586739583243
2.662869280308634
2.6842649590933325
2.705772709125196
2.727391405089764
2.7491198617264185
2.770956832364876
2.7929010074425853
2.814951013003267
2.8371054091772274
2.8593626886437904
2.8817212750766252
2.904179521572382
2.926735709063438
2.9493880447154845
2.972134660310667
2.994973610617256
3.0179028717466325
3.040920339498699
3.0640238276967007
3.0872110665126136
3.1104797007843534
3.133827288325985
3.1572512982324485
3.1807491091801063
3.204318007724806
3.2279551865989453
3.2516577430094467
3.275422676938247
3.2992468894474634
3.3231271809910745
3.3470602497353767
3.371042689890436
3.3950709900548244
3.419141531576249
3.4432505869305556
3.4673943181218894
3.491568775106813
3.5157698942453957
3.5399934967823747
3.5642352873615444
3.5884908525768773
3.6127556595637946
3.637025054634231
3.6612942619593607
3.6855583823038756
3.709812391815881
3.7340511408767068
3.7582693530149784
3.7824616238894673
3.806622420345478
3.830746079549517
3.854826808207332
3.8788586818703736
3.9028356443360632
3.926751507147265
3.9505999491965103
3.974374516440869
3.998068621733152
4.021675544775614
4.045188432202326
4.068600297796364
4.091904022848418
4.115092356663273
4.138157917220803
4.161093191998294
4.183890538960971
4.206542187727626
4.229040240918433
4.251376675692029
4.2735433454790615
4.295531981919345
4.317334197009922
4.338941485471235
4.360345227338696
4.381536690786818
4.402507035193164
4.423247314449184
4.443748480524988
4.46400138729506
4.483996794631578
4.503725372772172
4.523177706968402
4.542344302421386
4.561215589510429
4.579781929320522
4.598033619474055
4.615960900271879
4.633553961148374
4.650802947444888
4.667697967505299
4.684229100097085
4.7003864021606985
4.71615991688945
4.731539682141488
4.746515739184798
4.761078141775447
4.775216965568455
4.788922317859981
4.8021843476585335
4.814993256082081
4.827339307076945
4.8392128384533635
4.850604273231539
4.861504131290872
4.871903041313976
4.881791753015771
4.891161149646819
4.9000022607586375
4.908306275217542
4.91606455445203
4.9232686459174255
4.9299102967599895
4.935981467661239
4.94147434684166
4.946381364201551
4.950695205575089
4.95440882707216
4.957515469480965
4.960008672702752
4.9618822901885205
4.963130503345891
4.963747835882888
4.963729168053761
4.963069750770529
4.9617652195425
4.959811608204597
4.957205362394011
4.953943352733438
4.95002288767804
4.945441725982098
4.940198088740484
4.934290670959146
4.9277186526081564
4.92048170911023
4.912580021217323
4.904014284227571
4.894785716494837
4.884896067183277
4.8743476232196254
4.863143215396523
4.8512862235809475
4.838780580982885
4.825630777440614
4.811841861680518
4.797419442511187
4.782369688913574
4.766699328991376
4.7504156477484205
4.733526483662789
4.716040224030565
4.697965799055628
4.67931267466569
4.6600908440388205
4.640310817828989
4.619983613083821
4.5991207408525465
4.577734192487162
4.555836424645202
4.533440343007931
4.5105592847334295
4.4872069996699135
4.463397630360492
4.439145690876657
4.414466044523791
4.389373880468208
4.363884689341222
4.338014237881803
4.31177854268535
4.285193843131865
4.258276573572389
4.231043334858026
4.203510865300873
4.17569601116093
4.147615696757577
4.119286894307964
4.090726593598341
4.061951771597158
4.032979362121337
4.003826225668823
3.9745091195317617
3.9450446683051745
3.9154493349058357
3.8857393922151164
3.8559308954580223
3.8260396554282394
3.7960812126658223
3.766070812690416
3.736023382388144
3.7059535076450425
3.675875412313772
3.6458029385937127
3.615749528897072
3.5857282092656915
3.5557515743947814
3.525831774310761
3.4959805027409634
3.4662089872032915
3.4365279808338434
3.406947755960316
3.377478099418783
3.3481283096010923
3.3189071952099765
3.289823075688889
3.2608837832839583
3.232096666685984
3.2034685961914846
3.175005970313555
3.1467147237654225
3.1186003367325874
3.0906678453432024
3.062921853240832
3.0353665441591438
3.008005695394494
2.980842692069561
2.9538805420794234
2.927121891610736
2.9005690411247342
2.874223961695955
2.8480883116005
2.8221634530506217
2.7964504689760727
2.770950179757049
2.7456631598188217
2.720589754003825
2.695730093643208
2.6710841122566955
2.646651560816545
2.6224320225187463
2.59842492701208
2.574629564043169
2.551045096483141
2.527670572708882
2.504504938319097
2.4815470471722074
2.4587956717397055
2.436249512774734
2.413907208301336
2.391767341934972
2.369828450549619
2.348089031310832
2.3265475480976567
2.305202437339345
2.2840521132951337
2.2630949728073024
2.2423293995590075
2.221753767869295
2.2013664460580724
2.181165799413769
2.1611501927960743
2.141317992905386
2.121667570249536
2.102197300837233
2.082905567626083
2.063790761751522
2.0448512835613157
2.026085543478442
2.00749196271344
1.9890689738454443
1.9708150212894127
1.9527285616652774
1.9348080640831036
1.9170520103568056
1.8994588951574538
1.8820272261158448
1.8647555238827869
1.8476423221543647
1.8306861676684183
1.8138856201775828
1.797239252403372
1.7807456499750975
1.7644034113567582
1.7482111477645321
1.7321674830770093
1.7162710537398935
1.7005205086666144
1.6849145091359814
1.6694517286877613
1.6541308530169252
1.6389505798671136
1.6239096189237374
1.609006691707076
1.5942405314656116
1.579609883069798
1.5651135029063914
1.5507501587734684
1.5365186297762017
1.522417706223426
1.5084461895250603
1.4946028920903958
1.4808866372272538
1.467296259042046
1.4538306023407255
1.44048852253062
1.4272688855231657
1.4141705676375214
1.4011924555050674
1.388333445974769
1.3755924460194109
1.3629683726426975
1.3504601527871896
1.338066723243101
1.3257870305579245
1.313620030946884
1.3015646902042148
1.2896199836152578
1.2777848958693512
1.266058420973534
1.254439562167035
1.242927331836544
1.2315207514322661
1.220218851384744
1.209020671022446
1.1979252584901028
1.1869316706678013
1.1760389730908232
1.1652462398702066
1.1545525536140493
1.1439570053495312
1.1334586944456462
1.1230567285366504
1.1127502234462119
1.1025383031122513
1.0924200995124773
1.0823947525906044
1.072461410183249
1.0626192279474906
1.052867369289104
1.043205005291451
1.033631314645016
1.0241454835775974
1.0147467057851385
1.0054341823631847
0.9962071217389808
0.9870647396041868
0.978006258848207
0.9690309094921387
0.9601379286233207
0.9513265603304889
0.9425960556395182
0.9339456724497615
0.9253746754709724
0.916882336160801
0.9084679326628687
0.9001307497454126
0.8918700787404853
0.8836852174837198
0.8755754702546477
0.8675401477175563
0.8595785668628998
0.851690050949239
0.8438739294457227
0.8361295379750859
0.8284562182571803
0.8208533180530215
0.8133201911093451
0.8058561971036743
0.7984607015898971
0.7911330759443305
0.7838726973122914
0.7766789485551545
0.7695512181978906
0.7624889003770944
0.7554913947894827
0.7485581066408725
0.7416884465956174
0.7348818307265168
0.7281376804651828
0.7214554225528572
0.7148344889916872
0.7082743169964456
0.7017743489466907
0.6953340323393691
0.6889528197418552
0.6826301687454149
0.6763655419191025
0.6701584067640776
0.664008235668345
0.6579145058619034
0.6518766993723104
0.6458943029806578
0.6399668081779426
0.6340937111218458
0.6282745125939071
0.6225087179570866
0.616795837113723
0.6111353844638759
0.6055268788640464
0.5999698435862809
0.5944638062776503
0.5890082989200964
0.5836028577906529
0.5782470234220259
0.5729403405635426
0.5676823581424497
0.5624726292255753
0.5573107109813391
0.5521961646421087
0.5471285554669065
0.5421074527044561
0.5371324295565666
0.5322030631418546
0.5273189344598016
0.522479628355135
0.5176847334825408
0.5129338422716999
0.508226550892644
0.503562459221428
0.49894117080612016
0.49436229283310534
0.4898254360936919
0.48533021495103024
0.48087624730733514
0.47646315457140376
0.4720905616264368
0.4677580967981546
0.4634653918232014
0.45921208181784495
0.4549978052469598
0.4508222038932985
0.44668492282704
0.4425856103756217
0.4385239180938482
0.4344995007342706
0.43051201621784185
0.4265611256048399
0.42264649306605634
0.41876778585425106
0.41492467427586954
0.4111168316630168
0.4073439343456918
0.40360566162427386
0.3999016957422649
0.3962317218592777
0.39259542802427494
0.38899250514905437
0.38542264698197404
0.3818855500819213
0.37838091379252153
0.37490844021657954
0.3714678341907596
0.3680588032604968
0.3646810576551362
0.36133431026330476
0.358018276608503
0.35473267482492804
0.35147722563351325
0.34825165231818705
0.3450556807023559
0.34188903912559687
0.3387514584205645
0.3356426718901157
0.33256241528463537
0.32951042677957915
0.32648644695321627
0.32349021876457673
0.32052148753160625
0.317580000909516
0.3146655088693315
0.31177776367664367
0.3089165198705489
0.3060815342427835
0.3032725658170538
0.3004893758285514
0.2977317277036563
0.29499938703983125
0.29229212158569556
0.2896097012212821
0.2869518979384799
0.284318485821652
0.28170924102843026
0.27912394177069233
0.27656236829570763
0.2740243028674565
0.27150952974812576
0.26901783517976896
0.2665490073661357
0.2641028364546718
0.26167911451867815
0.25927763553963973
0.2568981953897127
0.2545405918143717
0.2522046244152212
0.24989009463295958
0.2475968057305006
0.24532456277625286
0.2430731726275492
0.2408424439142282
0.23863218702237
0.23644221407817778
0.23427233893200708
0.2321223771425452
0.22999214596113254
0.22788146431622747
0.2257901527980174
0.2237180336431679
0.22166493071971113
0.21963066951207705
0.217615077106258
0.2156179821751102
0.2136392149637925
0.21167860727533636
0.20973599245634755
0.20781120538284337
0.20590408244621358
0.20401446153931665
0.20214218204269888
0.20028708481094082
0.19844901215913188
0.19662780784946587
0.19482331707795958
0.1930353864612964
0.19126386402378762
0.1895085991844532
0.1877694427442246
0.18604624687326127
0.18433886509838432
0.18264715229062806
0.18097096465290285
0.17931015970777134
0.1776645962853397
0.17603413451125707
0.17441863579482497
0.1728179628172193
0.17123197951981672
0.16966055109262898
0.16810354396284544
0.1665608257834787
0.16503226542211383
0.163517732949764
0.16201709962982522
0.16053023790713308
0.1590570213971222
0.15759732487508132
0.15615102426551095
0.15471799663157612
0.1532981201646556
0.15189127417399
0.15049733907642188
0.14911619638623042
0.14774772870506162
0.14639181971194826
0.14504835415342227
0.14371721783371913
0.1423982976050707
0.14109148135808655
0.13979665801222627
0.13851371750635658
0.13724255078939557
0.13598304981104437
0.13473510751260243
0.13349861781786637
0.13227347562411515
0.13105957679317531
0.12985681814256844
0.12866509743674218
0.12748431337837915
0.1263143655997861
0.12515515465436405
0.12400658200815348
0.12286855003146042
0.12174096199055712
0.12062372203945904
0.11951673521177907
0.1184199074126547
0.11733314541074924
0.11625635683032834
0.11518945014340723
0.11413233466197036
0.11308492053026391
0.11204711871715732
0.11101884100857515
