0.03999900001678823
0.04036945961219586
0.04074334994874507
0.04112070278723042
0.041501550183056825
0.041885924487935704
0.042273858352864443
0.0426653847304489
0.04306053687823426
0.043459348361480646
0.04386185305579581
0.04426808514976585
0.044678079148352
0.04509186987579408
0.045509492478021885
0.04593098242573819
0.04635637551817782
0.04678570788503934
0.047219015990437985
0.047656336635217574
0.04809770696109214
0.04854316445215307
0.04899274693975096
0.049446492604903414
0.04990443998084388
0.05036662795807074
0.05083309578555486
0.051303883075586684
0.05177902980603186
0.05225857632515609
0.052742563353029535
0.053231031986302114
0.05372402370180405
0.05422158035953404
0.05472374420562464
0.05523055787692405
0.0557420644045065
0.0562583072165224
0.05677933014245866
0.057305177416948495
0.05783589368232266
0.05837152399445028
0.05891211382438603
0.059457709063519944
0.060008356027116905
0.06056410145795057
0.061124992530568405
0.061691076855015105
0.06226240248069349
0.06283901790093674
0.0634209720569176
0.06400831434084067
0.06460109460155779
0.06519936314783323
0.06580317075255228
0.06641256865723613
0.06702760857669494
0.06764834270213971
0.06827482370702252
0.06890710475054145
0.06954523948238836
0.07018928204694619
0.07083928708802834
0.07149530975383338
0.07215740570087312
0.07282563109908785
0.07350004263599819
0.07418069752220584
0.07486765349602237
0.07556096882709236
0.07626070232321927
0.07696691333363473
0.0776796617547402
0.07839900803489838
0.07912501317949691
0.07985773875617132
0.08059724689964184
0.08134360031679241
0.08209686229231387
0.0828570966940516
0.08362436797742859
0.08439874119172722
0.08518028198522266
0.08596905661038422
0.08676513192949527
0.08756857542048821
0.08837945518191999
0.08919783993951624
0.09002379905061525
0.09085740251135756
0.09169872096112187
0.09254782568934995
0.09340478864086245
0.09426968242215111
0.09514258030706874
0.09602355624304172
0.09691268485719844
0.09781004146257387
0.09871570206382084
0.09962974336417808
0.10055224277125738
0.10148327840379409
0.10242292909753742
0.10337127441222844
0.10432839463803298
0.1052943708016671
0.1062692846738073
0.10725321877481946
0.10824625638268588
0.10924848153876043
0.1102599790550595
0.11128083452129521
0.11231113431159562
0.1133509655919267
0.11440041632648452
0.11545957528569684
0.11652853205276316
0.11760737703147046
0.11869620145303351
0.11979509738381616
0.12090415773253788
0.122023476258173
0.12315314757721134
0.12429326717109986
0.12544393139476528
0.1266052374832104
0.12777728356056114
0.12896016864692234
0.13015399266705593
0.13135885645787362
0.13257486177706554
0.13380211131058636
0.13504070868164386
0.13629075845814267
0.13755236616182268
0.13882563827600813
0.14011068225447718
0.1414076065300112
0.14271652052268116
0.14403753464878352
0.14537076032961016
0.14671631000016513
0.148074297117956
0.1494448361719756
0.15082804269207453
0.15222403325750966
0.15363292550628818
0.155054838144475
0.15648989095550475
0.15793820480940046
0.15939990167231669
0.16087510461582646
0.16236393782682843
0.16386652661687193
0.16538299743212287
0.16691347786280675
0.16845809665336364
0.17001698371220472
0.1715902701218395
0.1731780881487087
0.17478057125340668
0.17639785410108094
0.17803007257134737
0.17967736376890736
0.18133986603369354
0.18301771895170243
0.18471106336516563
0.18642004138347257
0.18814479639358916
0.18988547307100748
0.19164221739065143
0.1934151766373111
0.19520449941724308
0.19701033566874307
0.19883283667335006
0.20067215506712854
0.2025284448518673
0.20440186140626596
0.2062925614974677
0.20820070329231102
0.21012644636910438
0.212069951728892
0.21403138180735656
0.2160109004863335
0.21800867310575942
0.22002486647519848
0.22205964888604043
0.22411319012333714
0.22618566147780714
0.2282772357579701
0.23038808730206448
0.2325183919906307
0.23466832725845585
0.2368380721069057
0.2390278071164156
0.24123771445885453
0.24346797790998845
0.2457187828620524
0.2479903163361305
0.25028276699517377
0.2525963251562014
0.2549311828033533
0.257287533600664
0.25966557290460096
0.2620654977772021
0.2644875069987324
0.2669318010809189
0.26939858227955343
0.2718880546078188
0.2744004238490847
0.2769358975701235
0.2794946851341469
0.2820769977139029
0.2846830483049636
0.28731305173860305
0.28996722469533603
0.29264578571778
0.29534895522419036
0.2980769555214158
0.3008300108182881
0.30360834723875973
0.3064121928352013
0.30924177760168137
0.31209733348705326
0.3149790944082902
0.3178872962636368
0.3208221769458641
0.3237839763553243
0.3267729364132137
0.32978930107459503
0.33283331634144614
0.33590523027590513
0.3390052930129751
0.34213375677372554
0.3452908758780401
0.34847690675752585
0.3516921079681329
0.35493674020320237
0.35821106630566263
0.3615153512809161
0.3648498623091151
0.3682148687575592
0.37161064219303774
0.375037456393922
0.37849558736215316
0.38198531333532243
0.3855069147983012
0.3890606744950108
0.3926468774398479
0.39626581092912827
0.3999177645521734
0.4036030302024423
0.4073219020883863
0.4110746767439695
0.41486165303925715
0.4186831321906512
0.4225394177708844
0.42643081571878205
0.430357634348995
0.43432018436114334
0.4383187788489573
0.4423537333089483
0.44642536564911933
0.45053399619685675
0.4546799477071066
0.4588635453697235
0.4630851168167383
0.4673449921292399
0.47164350384391135
0.47598098695904245
0.48035777894027276
0.484774219725968
0.48923065173193225
0.49372741985597457
0.4982648714817927
0.5028433564824506
0.5074632272233508
0.512124838564652
0.5168285478632505
0.5215747149740234
0.5263637022507265
0.5311958745460561
0.5360715992112296
0.5409912460948654
0.5459551875412942
0.5509637983879556
0.5560174559623143
0.561116540077964
0.5662614330297997
0.5714525195887616
0.5766901869952878
0.5819748249523199
0.587306825617203
0.5926865835928035
0.5981144959176096
0.6035909620548358
0.609116383880717
0.6146911656714621
0.6203157140894695
0.6259904381681795
0.6317157492959354
0.6374920611986538
0.6433197899212175
0.649199353807702
0.6551311734802632
0.6611156718166945
0.667153273926675
0.6732444071265125
0.6793895009124961
0.6855889869327472
0.6918432989574698
0.6981528728476922
0.7045181465222743
0.7109395599232418
0.7174175549795249
0.7239525755685982
0.7305450674765919
0.7371954783563079
0.7439042576833566
0.7506718567101393
0.7574987284180523
0.7643853274671918
0.7713321101441191
0.7783395343072723
0.7854080593300216
0.7925381460414168
0.7997302566643939
0.8069848547514723
0.8143024051178787
0.8216833737719498
0.8291282278428637
0.8366374355053919
0.8442114659019262
0.8518507890613882
0.8595558758151601
0.8673271977097561
0.8751652269164141
0.8830704361371619
0.8910432985076573
0.8990842874964092
0.9071938768004303
0.9153725402371756
0.9236207516327434
0.931938984706109
0.9403277129493921
0.9487874095040597
0.957318547032844
0.9659215975874147
0.9745970324716177
0.9833453221001133
0.9921669358524224
1.0010623419222024
1.0100320071615652
1.0190763969204593
1.0281959748808287
1.0373912028856236
1.0466625407622525
1.0560104461406883
1.0654353742657245
1.0749377778035982
1.0845181066425662
1.0941768076874467
1.1039143246479017
1.113731097820418
1.1236275638636897
1.1336041555673377
1.1436613016139034
1.153799426333706
1.1640189494527071
1.1743202858329371
1.1847038452056167
1.1951700318964835
1.2057192445434397
1.2163518758062173
1.227068312067825
1.237868933127782
1.2487541118868213
1.2597242140229115
1.270779597658463
1.28192061301847
1.2931476020795052
1.304460898209198
1.3158608257962954
1.3273476998707716
1.338921825714141
1.3505834984594869
1.362333002681214
1.3741706119742745
1.3860965885225947
1.39811118265668
1.4102146323999907
1.4224071630041046
1.4346889864722985
1.4470603010714433
1.4595212908320756
1.4720721250362625
1.4847129576933011
1.497443927002837
1.5102651548054318
1.5231767460202104
1.5361787880695152
1.5492713502903093
1.5624544833322356
1.5757282185420594
1.5890925673344278
1.6025475205486497
1.6160930477914672
1.6297290967655673
1.643455592583713
1.657272437068356
1.6711795080365917
1.6851766585702772
1.6992637162712867
1.7134404825016685
1.7277067316087051
1.7420622101347172
1.7565066360115402
1.7710396977396052
1.7856610535515722
1.8003703305604357
1.8151671238921316
1.8300509958025086
1.8450214747788347
1.860078054625663
1.8752201935352524
1.8904473131424586
1.905758797564315
1.9211539924241747
1.9366322038608255
1.9521926975224255
1.9678346975455963
1.9835573855198294
1.9993598994373933
2.0152413326290017
2.031200732685516
2.047237100366012
2.063349388492529
2.0795365008318485
2.095797290964819
2.1121305611435495
2.128535061137046
2.145009487065806
2.161552480225939
2.1781626259034583
2.1948384521793685
2.2115784287263276
2.228380965597599
2.245244412009174
2.2621670551158917
2.2791471187825354
2.2961827623508717
2.3132720794037143
2.330413096527131
2.34760377207196
2.3648419949159605
2.382125583227816
2.3994522832345195
2.416819767993509
2.434225636171184
2.4516674108294074
2.4691425382216896
2.4866483866009075
2.504182245040405
2.5217413222704645
2.539322745532227
2.5569235594511968
2.574540724932637
2.592171118081122
2.6098115291468207
2.627458661500942
2.6451091306430756
2.6627594632431713
2.680406096221
2.698045375866095
2.715673557001241
2.733286802192711
2.7508811810105214
2.768452669342165
2.7859971487632866
2.8035104059689684
2.8209881322693615
2.8384259231535003
2.855819277925283
2.873163599415644
2.8904541937751773
2.9076862703513826
2.9248549416549925
2.941955223419873
2.958982034760991
2.975930198435214
2.9927944412096537
3.0095693943424027
3.0262495941805776
3.0428294828807063
3.0593034092564553
3.0756656297588605
3.0919103095942035
3.1080315239847716
3.1240232595777058
3.139879416007215
3.155593807615443
3.171160165337233
3.186572138754049
3.201823298322301
3.2169071377812246
3.231817076745447
3.246546463487315
3.261088577913875
3.2754366347433974
3.2895837868861104
3.3035231290337346
3.31724770146213
3.330750494051289
3.3440244505265855
3.357062472925003
3.369857426289727
3.3824021435962828
3.394689430912945
3.4067120727978795
3.418462837935053
3.42993448501051
3.441119768830174
3.452011446679854
3.4626022849275966
3.472885065867967
3.4828525948072584
3.492497707388024
3.5018132771506036
3.510792223328687
3.519427518875174
3.527712198713846
3.5356393682115437
3.543202211864709
3.5503940021932876
3.5572081088340495
3.563638007824463
3.5696772910673027
3.5753196759651122
3.5805590152126734
3.585389306734538
3.5898047037536287
3.5937995249757524
3.5973682648738556
3.6005056040546095
3.603206419688843
3.605465795986156
3.6072790346929113
3.608641665591651
3.60954945697883
3.6099984260966465
3.609984849493644
3.609505273287658
3.608556523303636
3.607135715057889
3.6052402635592804
3.602867892897046
3.600016645584029
3.5966848916233447
3.5928713372658065
3.5885750334248336
3.583795383715022
3.578532152080167
3.572785469976235
3.5665558430745974
3.559844157450791
3.552651685224202
3.544980089614273
3.5368314293792893
3.5282081626043253
3.519113149805735
3.5095496563204467
3.4995213539494685
3.489032321826318
3.4780870464826004
3.4666904210846368
3.454847743817033
3.4425647153911196
3.4298474356585933
3.416702399313184
3.4031364906659562
3.3891569774827786
3.374771503875628
3.359988082242779
3.3448150842563975
3.3292612308997542
3.3133355815601466
3.297047522187586
3.2804067525334037
3.2634232724872096
3.2461073675349037
3.228469593364842
3.210520759653666
3.1922719130677875
3.173734319520889
3.154919445732221
3.1358389401348004
3.116504613186811
3.096928417143556
3.077122425351292
3.057098811127908
3.0368698262988585
3.016447779460056
2.9958450140421555
2.975073886253339
2.9541467429797517
2.9330758997246082
2.9118736186682352
2.89055208693219
2.869123395131036
2.8475995162951535
2.825992285247357
2.8043133785149252
2.7825742948569014
2.760786336484234
2.738960591047575
2.717107914464105
2.69523891465094
2.673363936228198
2.6514930462499726
2.629636021016052
2.607802334011412
2.5860011450143863
2.5642412904078262
2.5425312747207007
2.5208792634205754
2.4992930769700683
2.477780186152957
2.456347708668206
2.435002406982613
2.4137506874254373
2.39259860050101
2.3715518423883335
2.3506157575898063
2.329795342684716
2.3090952511371308
2.2885197991021253
2.2680729721691546
2.2477584329768745
2.227579529629696
2.2075393048430136
2.18764050574145
2.167885594232408
2.1482767578759443
2.1288159211714444
2.1095047571816252
2.0903446994152404
2.0713369538912723
2.0524825113095426
2.033782159255326
2.0152364943687626
1.9968459344136884
1.9786107301846
1.9605309771950603
1.9426066270957782
1.9248374987756693
1.9072232891045424
1.889763583281513
1.872457864758668
1.8553055247150114
1.8383058710610052
1.8214581369593432
1.8047614888525148
1.7882150339925131
1.7718178274725338
1.7555688787646082
1.739467157770889
1.723511600399723
1.707701113680605
1.6920345804346597
1.6765108635195238
1.6611288096691879
1.6458872529507653
1.630785017861096
1.61582092208676
1.6009937789513256
1.5863023995736503
1.5717455947607815
1.5573221766584622
1.5430309601814807
1.5288707642452608
1.5148404128189694
1.5009387358192887
1.4871645698627751
1.4735167588934124
1.4599941547006836
1.4465956173421415
1.433320015483209
1.4201662266656563
1.4071331375149845
1.3942196438958585
1.3814246510236028
1.3687470735387963
1.3561858355511178
1.3437398706577197
1.3314081219406677
1.3191895419473332
1.307083092656998
1.2950877454364347
1.2832024809867333
1.271426289283296
1.2597581695105522
1.2481971299926498
1.236742188121174
1.2253923702807137
1.2141467117729172
1.203004256739582
1.1919640580851736
1.1810251773990816
1.1701866848778733
1.1594476592477174
1.1488071876871258
1.1382643657501028
1.1278182972897952
1.1174680943826922
1.107212877253401
1.0970517742000438
1.0869839215202879
1.0770084634380028
1.067124552030579
1.0573313471568915
1.0476280163859055
1.0380137349259386
1.0284876855545608
1.01904905854914
1.009697051618014
1.0004308698322988
0.9912497255583254
0.9821528383906833
0.9731394350858916
0.9642087494966722
0.9553600225068247
0.9465925019667016
0.9379054426292784
0.929298106086801
0.9207697607080247
0.9123196815760255
0.9039471504265774
0.8956514555871027
0.8874318919161776
0.8792877607435972
0.8712183698109838
0.8632230332129464
0.8553010713387804
0.8474518108146958
0.8396745844465813
0.8319687311632954
0.82433359596047
0.8167685298448366
0.8092728897790632
0.8018460386270918
0.7944873450999835
0.7871961837022577
0.7799719346787266
0.7728139839618113
0.7657217231193483
0.7586945493028734
0.7517318651963752
0.7448330789655254
0.7379976042073735
0.731224859900498
0.7245142703556224
0.7178652651666814
0.7112772791623324
0.704749752357919
0.6982821299078696
0.6918738620585374
0.6855244041014678
0.6792332163270992
0.672999763978889
0.6668235172078553
0.6607039510275409
0.654640545269391
0.6486327845385348
0.642680158169978
0.6367821601851983
0.6309382892491319
0.6251480486275635
0.6194109461449011
0.6137264941423438
0.6080942094364261
0.6025136132779493
0.5969842313112884
0.5915055935340692
0.5860772342572177
0.5806986920653797
0.5753695097776949
0.5700892344089392
0.5648574171310214
0.5596736132348296
0.5545373820924323
0.5494482871196238
0.5444058957388164
0.5394097793422672
0.5344595132556486
0.5295546767019511
0.5246948527657144
0.5198796283575907
0.5151085941792332
0.5103813446885023
0.5056974780649957
0.5010565961758947
0.49645830454212
0.4919022123048018
0.48738793219205645
0.4829150804860691
0.47848327699047516
0.4740921449980439
0.4697413112586602
0.4654304059475946
0.46115906263406964
0.4569269182501142
0.45273361305969934
0.4485787906281622
0.44446209779190976
0.44038318462839743
0.43634170442638615
0.43233731365647293
0.42836967194188835
0.4244384420295657
0.4205432897614734
0.41668388404621276
0.41285989683087254
0.4090710030731457
0.40531688071370114
0.4015972106488064
0.39791167670320476
0.39425996560324084
0.39064176695023023
0.38705677319407605
0.3835046796071284
0.37998518425827993
0.37649798798730244
0.3730427943794181
0.3696193097401047
0.3662272430701294
0.36286630604081466
0.35953621296953114
0.35623668079541226
0.3529674290552947
0.3497281798598801
0.3465186578701118
0.3433385902737722
0.34018770676229426
0.33706573950778285
0.3339724231402509
0.3309074947250617
0.32787069374058075
0.32486176205602907
0.32188044390954307
0.3189264858864351
0.31599963689765137
0.31309964815843044
0.3102262731671563
0.3073792676844046
0.3045583897121826
0.3017633994733597
0.298994059391285
0.29625013406959405
0.29353139027219916
0.2908375969034654
0.2881685249885656
0.2855239476540181
0.2829036401084032
0.28030737962325386
0.2777349455141246
0.2751861191218338
0.27266068379387604
0.270158424866007
0.26767912964399765
0.2652225873855536
0.26278858928240345
0.2603769284425476
0.25798739987267494
0.2556198004607369
0.2532739289586815
0.2509495859653498
0.248646573909525
0.2463646970331378
0.2441037613746296
0.2418635747524621
0.23964394674878484
0.2374446886932482
0.2352656136469649
0.23310653638662274
0.2309672733887389
0.22884764281405925
0.22674746449210448
0.22466655990585374
0.22260475217656983
0.2205618660487664
0.21853772787531012
0.21653216560265914
0.2145450087562409
0.2125760884259604
0.2106252372518415
0.20869228940980358
0.20677708059756505
0.20487944802067654
0.20299923037868534
0.20113626785142374
0.19929040208542292
0.1974614761804551
0.1956493346761956
0.19385382353900776
0.19207479014885223
0.19031208328631138
0.188565553119738
0.1868350511925183
0.18512043041045215
0.18342154502925176
0.18173825064215243
0.1800704041676368
0.17841786383727481
0.17678048918367215
0.1751581410285296
0.17355068147081454
0.1719579738750384
0.1703798828596415
0.1688162742854874
0.16726701524446003
0.16573197404816542
0.16421102021673992
0.16270402446775847
0.16121085870524446
0.1597313960087833
0.15826551062273309
0.15681307794553467
0.15537397451912183
0.15394807801842644
0.15253526724098004
0.15113542209661335
0.14974842359724624
0.14837415384677574
0.14701249603105374
0.14566333440795695
0.14432655429755045
0.14300204207233883
0.14168968514760696
0.14038937197185192
0.13910099201730008
0.13782443577051143
0.13655959472307244
0.13530636136237184
0.1340646291624613
0.13283429257500223
0.13161524702029298
0.13040738887837916
0.12921061548024707
0.12802482509909605
0.1268499169416909
0.12568579113979586
0.12453234874168488
0.12338949170373016
0.1222571228820694
0.12113514602434813
0.12002346576153733
0.11892198759982835
0.11783061791260016
0.11674926393246042
0.1156778337433616
0.11461623627278641
0.11356438128400796
0.11252217936841899
0.11148954193793134
0.11046638121744727
0.10945261023739773
0.1084481428263494
0.10745289360368117
0.106466777972326
0.10548971211157983
0.10452161296997754
0.10356239825823324
0.10261198644224477
0.10167029673616455
0.10073724909553206
0.0998127642104695
0.09889676349894136
0.09798916910007449
0.09708990386753918
0.09619889136299284
0.09531605584958204
0.09444132228550432
0.09357461631763067
0.09271586427518484
0.0918649931634808
0.09102193065771931
0.0901866050968389
0.08935894547742576
0.08853888144767791
0.08772634330142476
0.08692126197220296
0.08612356902738524
0.08533319666236308
0.08455007769478425
0.08377414555884162
0.0830053342996148
0.08224357856746466
0.08148881361247805
0.08074097527896375
