0.06999825002900192
0.07064655432132076
0.07130086241043466
0.07196122987778283
0.07262771282037085
0.07330036785376026
0.07397925211715561
0.07466442327841048
0.07535593953726058
0.07605385963224372
0.07675824284762242
0.07746914901207018
0.07818663850995394
0.07891077228261995
0.0796416118366554
0.08037921924471311
0.08112365715648548
0.08187498879893275
0.08263327798294673
0.08339858911151894
0.08417098718202204
0.08495053779082877
0.08573730714456418
0.08653136205825766
0.08733276996637
0.08814159892692357
0.08895791762442398
0.0897817953819824
0.09061330216045284
0.09145250856900616
0.09229948586790272
0.09315430597604539
0.0940170414780579
0.09488776562928285
0.0957665523599405
0.09665347628500301
0.09754861270788637
0.09845203762889841
0.09936382774931829
0.10028406047975286
0.10121281394408002
0.10215016699002934
0.103096199192766
0.10405099086117484
0.10501462304743978
0.10598717755166279
0.10696873692850924
0.1079593844960317
0.1089592043412136
0.1099682813265545
0.11098670109968982
0.1120145500962353
0.11305191555271236
0.11409888550846295
0.11515554881672355
0.11622199515008301
0.11729831500897764
0.11838459972896768
0.11948094148721136
0.1205874333133702
0.12170416909396255
0.12283124358194074
0.12396875240426272
0.12511679206899723
0.12627545997654027
0.12744485442347692
0.1286250746130089
0.1298162206637884
0.13101839361802728
0.13223169544734112
0.13345622906542412
0.13469209833393
0.13593940807086397
0.13719826406106087
0.1384687730643104
0.13975104282323308
0.1410451820741859
0.14235130055445222
0.143669509011744
0.14499991921457958
0.14634264396024516
0.14769779708553316
0.14906549347415007
0.1504458490681827
0.15183898087680098
0.15324500698568197
0.15466404656829968
0.15609621989432268
0.1575416483385175
0.15900045439464114
0.16047276168212793
0.16195869495613213
0.16345838012145225
0.1649719442386043
0.16649951553737027
0.16804122342533226
0.16959719850025304
0.17116757255934084
0.17275247861167747
0.1743520508871512
0.17596642484970923
0.17759573720649088
0.1792401259206905
0.18089973022140837
0.18257469061635342
0.18426514890291742
0.1859712481792129
0.18769313285588435
0.1894309486697085
0.19118484269302582
0.19295496334649107
0.19474146041225865
0.19654448504542674
0.19836418978591872
0.20020072857120821
0.2020542567500156
0.20392493109215262
0.20581290980508085
0.20771835254268148
0.20964142042172276
0.21158227603206614
0.21354108345175907
0.21551800825999728
0.21751321754955333
0.21952687994071893
0.22155916559574443
0.22361024623098896
0.22568029513223803
0.2277694871673888
0.2298779988012856
0.2320060081099049
0.2341536947935195
0.2363212401927584
0.23850882730186043
0.2407166407832284
0.24294486698289908
0.24519369394544915
0.24746331142741285
0.24975391091472937
0.2520656856353712
0.25439883057692775
0.25675354250039184
0.259130019956417
0.2615284633009216
0.2639490747110951
0.26639205820054274
0.2688576196359985
0.2713459667528656
0.2738573091720312
0.2763918584163553
0.2789498279265876
0.28153143307772943
0.2841368911969443
0.2867664215794934
0.2894202455061184
0.2920985862599437
0.29480166914329153
0.297529721496447
0.3002829727132243
0.303061654260153
0.305865999693548
0.30869624467686146
0.3115526269999427
0.3144353865955039
0.3173447655589637
0.3202810081654744
0.3232443608889582
0.3262350724209961
0.3292533936887008
0.3322995778743472
0.3353738804336678
0.33847655911537244
0.3416078739801481
0.34476808742022375
0.3479574641783626
0.35117627136755014
0.35442477849077214
0.35770325746103926
0.36101198262056416
0.36435123076161674
0.3677212811458566
0.3711224155255652
0.37455491816287817
0.378019075851059
0.38151517793507894
0.3850435163316659
0.38860438555057475
0.3921980827158162
0.3958249075861664
0.3994851625764438
0.4031791527786783
0.4069071859836686
0.41066957270232046
0.4144666261870175
0.4182986624536605
0.4221660003029329
0.4260689613424834
0.4300078700085881
0.4339830535882069
0.4379948422414938
0.4420435690232892
0.4461295699059274
0.4502531838010792
0.4544147525829936
0.458614621110124
0.4628531372478388
0.4671306518916646
0.47144751898927445
0.47580409556360453
0.48020074173584326
0.4846378207477129
0.4891156989847539
0.4936347459993332
0.49819533453370507
0.5027978405425523
0.5074426432168564
0.5121301250061696
0.5168606716423841
0.5216346721624806
0.5264525189320542
0.5313146076678792
0.5362213374616545
0.5411731108028937
0.5461703336023404
0.5512134152145247
0.5563027684614313
0.5614388096552595
0.5666219586218668
0.5718526387231077
0.5771312768805574
0.5824583035974855
0.5878341529827865
0.5932592627727509
0.5987340743540042
0.6042590327866139
0.6098345868256855
0.6154611889442174
0.6211392953556066
0.6268693660348947
0.6326518647416449
0.638487259040966
0.6443760203256853
0.6503186238378185
0.6563155486893777
0.6623672778838242
0.6684742983367747
0.6746371008970293
0.6808561803662666
0.6871320355197722
0.6934651691259341
0.6998560879663168
0.7063053028542763
0.7128133286546391
0.7193806843019833
0.7260078928187363
0.7326954813336417
0.7394439810990603
0.7462539275078686
0.7531258601107433
0.7600603226320355
0.7670578629856875
0.7741190332906475
0.7812443898859252
0.7884344933445326
0.7956899084874248
0.8030112043969834
0.8103989544292596
0.8178537362261717
0.8253761317268468
0.8329667271783558
0.8406261131454663
0.8483548845204112
0.8561536405308489
0.8640229847479537
0.8719635250931266
0.8799758738442903
0.8880606476408656
0.8962184674881116
0.9044499587606987
0.9127557512045698
0.9211364789387427
0.9295927804555965
0.9381252986196238
0.9467346806660045
0.9554215781972923
0.9641866471788949
0.9730305479340771
0.9819539451364464
0.9909575078021402
1.0000419092803343
1.0092078272417797
1.018455943666569
1.0277869448300783
1.0372015212874046
1.0467003678557902
1.056284183595964
1.0659536717912896
1.07570953992505
1.0855524996565957
1.09548326679429
1.1055025612679108
1.1156111070976358
1.1258096323621554
1.1360988691635017
1.1464795535904848
1.1569524256792074
1.167518229371705
1.1781777124713968
1.1889316265968668
1.1997807271323075
1.210725773175595
1.221767527483483
1.2329067564139573
1.2441442298656655
1.2554807212141474
1.2669170072450542
1.2784538680840345
1.2900920871235593
1.3018324509458812
1.3136757492427638
1.3256227747315636
1.337674323067587
1.3498311927522084
1.3620941850377255
1.3744641038275367
1.3869417555724795
1.399527949162708
1.4122234958151028
1.425029208956306
1.4379459041009057
1.4509743987249935
1.4641155121344536
1.4773700653283697
1.4907388808574293
1.5042227826765293
1.517822595992067
1.5315391471037418
1.5453732632400323
1.5593257723884013
1.5733975031187328
1.5875892844007355
1.6019019454150583
1.616336315357301
1.6308932232357134
1.6455734976614529
1.6603779666320824
1.6753074573074607
1.6903627957779757
1.7055448068253525
1.7208543136752035
1.736292137741734
1.7518590983638551
1.7675560125327547
1.7833836946107893
1.7993429560414655
1.8154346050498413
1.8316594463339366
1.8480182807462053
1.8645119049650318
1.881141111156283
1.8979066866245102
1.9148094134530311
1.9318500681338415
1.9490294211857306
1.9663482367614618
1.9838072722428226
2.00140727782433
2.0191489960839863
2.0370331615422237
2.0550605002076408
2.073231729109817
2.091547555818834
2.110008677951015
2.128615782660881
2.1473695461186817
2.1662706329736188
2.1853196958019416
2.2045173745400835
2.2238642959023096
2.243361072782323
2.2630083036391335
2.2828065718661077
2.3027564451435163
2.322858474773862
2.3431131949997432
2.363521122304102
2.3840827546921206
2.4047985709549797
2.425669029914541
2.4466945696491753
2.4678756066999945
2.4892125352571934
2.510705726326526
2.5323555268750155
2.5541622589561217
2.5761262188134557
2.598247675963267
2.620526872254964
2.642964020909506
2.6655593055353646
2.688312879121648
2.7112248630080376
2.7342953458314154
2.7575243824485947
2.780911992835252
2.8044581609601362
2.8281628336350764
2.852025919339734
2.876047287021501
2.9002267648696196
2.924564139064044
2.949059152497982
2.9737115034747603
2.998520844377911
3.0234867803152308
3.0486088677357555
3.073886613020195
3.0993194710443013
3.124906843715251
3.150648078480763
3.176542466811222
3.202589242654401
3.2287875808629636
3.25513659559491
3.2816353386866943
3.308282797999303
3.335077895737554
3.362019486742313
3.3891063567564417
3.4163372206642375
3.443710720704796
3.471225424659705
3.4988798240154453
3.5266723321007527
3.554601282199653
3.5826649256405254
3.610861429861926
3.6391888764557323
3.6676452591884314
3.6962284820012123
3.72493635698983
3.753766602365163
3.7827168403953952
3.8117845953310523
3.8409672913138952
3.8702622502710726
3.899666689795804
3.9291777210160506
3.9587923464528165
3.9885074578694346
4.018319834114026
4.0482261389565
4.0782229189224815
4.108306601125933
4.138473491102932
4.168719770648681
4.199041495660407
4.229434593988641
4.25989486329957
4.290417968951463
4.320999441887954
4.3516346765515905
4.382318928820706
4.413047313973313
4.443814804681398
4.474616229039597
4.5054462686321175
4.536299456641961
4.567170176006935
4.598052657626651
4.628940978625386
4.659829060675547
4.690710668386753
4.721579407765664
4.752428724752172
4.783251903837244
4.814042066768412
4.844792171348789
4.875495010335748
4.906143210445695
4.936729231471386
4.967245365518628
4.997683736369246
5.028036298977379
5.058294839106561
5.088450973114921
5.11849614789624
5.148421640984775
5.178218560831732
5.207877847261622
5.237390272116894
5.266746440099205
5.29593678981601
5.324951595041238
5.353780966198797
5.382414852078005
5.410843041789855
5.4390551669733505
5.467040704260985
5.494788978012628
5.522289163327026
5.549530289340158
5.576501242819586
5.6031907720640275
5.629587491117142
5.65567988430453
5.681456311102804
5.706905011349281
5.732014110800947
5.756771627050693
5.781165475809036
5.805183477558727
5.828813364589756
5.852042788421525
5.874859327618754
5.897250496007021
5.9192037512934945
5.940706504097654
5.96174612739629
5.982309966386344
6.0023853487683905
6.021959595452802
6.041020031689743
6.059553998623296
6.077548865268943
6.094992040912705
6.111870987929044
6.128173235013559
6.143886390825203
6.1589981580315545
6.173496347749232
6.187368894370201
6.200603870763242
6.213189503838254
6.225114190459587
6.236366513692811
6.246935259367781
6.256809432938947
6.265978276622178
6.274431286785442
6.282158231568849
6.289149168707566
6.295394463529247
6.300884807095567
6.305611234455476
6.3095651429757735
6.312738310712594
6.315122914785389
6.316711549712951
6.31749724566913
6.317473486613878
6.3166342282534
6.314973915781365
6.312487501351305
6.3091704612287405
6.3050188125698305
6.300029129772051
6.294198560340852
6.287524840215161
6.2800063084934585
6.271641921501289
6.262431266140292
6.252374572458411
6.241472725380545
6.229727275538885
6.217140449142353
6.203715156824979
6.189455001413756
6.174364284557569
6.1584480121600365
6.141711898560781
6.124162369411569
6.105806563196057
6.086652331344549
6.066708236898115
6.045983551679807
6.024488251934459
6.002233012402538
5.979229198798072
5.955488858665424
5.931024710594862
5.9058501317823495
5.879979143924863
5.853426397448696
5.826207154074569
5.798337267730257
5.769833163828276
5.740711816933456
5.710990726852617
5.680687893186082
5.649821788388473
5.618411329393916
5.586475847868628
5.5540350591615555
5.521109030031386
5.487718145235901
5.453883073076919
5.419624730001223
5.384964244364761
5.349922919473839
5.3145221960230025
5.278783614055098
5.242728774573773
5.206379300943344
5.169756800214565
5.132882824518065
5.095778832669412
5.0584661521313325
5.0209659414793135
4.983299153516518
4.945486499182875
4.907548412401119
4.869505015999577
4.83137608884741
4.793181034333257
4.754938850312183
4.716668100639144
4.678386888399347
4.640112830937452
4.6018630367780915
4.56365408451997
4.525502003775176
4.487422258213696
4.449429730761226
4.411538710986007
4.373762884697619
4.3361153257676746
4.29860849016936
4.261254212219573
4.224063702994515
4.187047550876767
4.150215724179584
4.113577575782162
4.077141849698253
4.040916689489978
4.004909648428719
3.96912770129602
3.9335772577095303
3.898264176851968
3.863193783475274
3.828370885047537
3.793799789906714
3.7594843262829025
3.725427862050028
3.691633325067844
3.6581032239766706
3.6248396693097265
3.5918443947917
3.55911877869682
3.526663865145335
3.4944803852239548
3.46256877782305
3.4309292100913558
3.399561597417612
3.3684656228574212
3.3376407559329495
3.3070862707426474
3.2768012633276693
3.2467846682512698
3.2170352743567587
3.18755173967885
3.1583326054919008
3.129376309486898
3.100681198076934
3.0722455378380644
3.0440675260990555
3.0161453006995154
2.988476948941059
2.9610605157606544
2.933894011159167
2.906975416921079
2.8803026926638395
2.8538737812569184
2.82768661365183
2.80173911316482
2.776029199253888
2.7505547908313677
2.725313809152309
2.7003041803175916
2.675523837429206
2.650970722433197
2.6266427876837555
2.6025379972598564
2.5786543280634713
2.554989770726196
2.5315423303487474
2.508310027095616
2.4852908966648983
2.462482990651223
2.4398843768177527
2.417493139291305
2.3953073786928933
2.373325212214456
2.3515447736510096
2.3299642133961687
2.3085816984078327
2.2873954121497464
2.2664035545137606
2.245604341726783
2.2249960062457683
2.2045767966434666
2.1843449774871373
2.1642988292120546
2.144436647991249
2.124756745602605
2.1052574492942684
2.0859371016490535
2.066794060448393
2.0478266985362783
2.029033403683506
2.01041257845247
1.9919626400626798
1.9736820202571417
1.9555691651697116
1.9376225351934515
1.9198406048500767
1.9022218626605036
1.884764811016505
1.8674679660535132
1.85032985752456
1.8333490286753347
1.8165240361203927
1.7998534497204814
1.783335852460995
1.7669698403315244
1.750754022206523
1.7346870197270692
1.7187674671836957
1.7029940114003101
1.6873653116191765
1.671880039386943
1.656536878441728
1.6413345246012372
1.6262716856519017
1.6113470812390434
1.5965594427580445
1.5819075132465104
1.5673900472774296
1.5530058108533107
1.538753581301295
1.5246321471692217
1.510640308122656
1.4967768748428658
1.4830406689257176
1.4694305227815172
1.455945279535767
1.4425837929308225
1.4293449272284642
1.4162275571133607
1.4032305675974106
1.3903528539249712
1.377593321478951
1.3649508856877715
1.35242447193317
1.3400130154588594
1.3277154612800284
1.3155307640936567
1.3034578881896695
1.2914958073629035
1.2796435048258714
1.2678999731223393
1.2562642140416924
1.2447352385340817
1.2333120666263584
1.2219937273387718
1.2107792586024404
1.1996677071775685
1.1886581285724236
1.1777495869630559
1.1669411551137467
1.1562319142981965
1.1456209542214342
1.135107372942436
1.1246902767974616
1.114368780324097
1.1041420061859808
1.094009085098236
1.0839691557535769
1.0740213647491017
1.0641648665137458
1.0543988232364112
1.0447224047947548
1.035134788684621
1.025635159950131
1.0162227111144144
1.006896642110966
0.9976561602156436
0.9885004799792876
0.9794288231609517
0.9704404186617566
0.9615345024593416
0.9527103175429287
0.9439671138489676
0.9353041481973849
0.9267206842284145
0.9182159923400002
0.9097893496257837
0.9014400398136581
0.8931673532048789
0.8849705866137424
0.8768490433078158
0.86880203294871
0.8608288715334032
0.8529288813360988
0.845101390850621
0.8373457347333315
0.8296612537465768
0.8220472947026554
0.8145032104082905
0.8070283596096218
0.7996221069376999
0.7922838228544739
0.7850128835992838
0.7778086711358421
0.7706705730996954
0.7635979827461757
0.7565902988988277
0.7496469258983046
0.74276727355174
0.7359507570825785
0.7291967970808724
0.7225048194540269
0.715874255378005
0.709304541248977
0.7027951186354111
0.6963454342306084
0.6899549398056715
0.683623092162903
0.6773493530896331
0.6711331893124748
0.6649740724519899
0.6588714789777793
0.6528248901639817
0.6468337920451832
0.6408976753727265
0.6350160355714256
0.6291883726966795
0.6234141913919715
0.6176930008467657
0.6120243147547901
0.6064076512726957
0.6008425329791014
0.595328486834015
0.58986504413862
0.584451740495439
0.579088115768858
0.5737737140460163
0.5685080835980508
0.5632907768417004
0.5581213503012614
0.5529993645708899
0.5479243842772533
0.5428959780425235
0.5379137184477081
0.5329771819963195
0.5280859490783795
0.5232396039347487
0.5184377346217895
0.5136799329763485
0.5089657945810644
0.5042949187299898
0.4996669083945317
0.49508137018970555
0.49053791434069427
0.48603615464971806
0.4815757084632092
0.47715619663928305
0.47277724351551226
0.4684384768769959
0.4641395279247188
0.45988003124420607
0.4556596247744583
0.45147794977718114
0.4473346508062896
0.4432293756776926
0.4391617754393621
0.43513150434166875
0.43113821980799116
0.42718158240560183
0.4232612558168087
0.4193769068103735
0.41552820521318434
0.4117148238821886
0.4079364386765898
0.4041927284302931
0.4004833749246037
0.39680806286118286
0.39316647983524405
0.3895583163089972
0.3859832655853412
0.3824410237817927
0.3789312898046535
0.3754537653234216
0.3720081547454307
0.36859416519072263
0.3652115064671563
0.36185989104573885
0.3585390340361839
0.3552486531626993
0.35198846873999157
0.3487582036494901
0.3455575833157964
0.3423863356833423
0.3392441911932636
0.3361308827604914
0.3330461457510449
0.32998971795954146
0.32696133958690704
0.32396075321829126
0.32098770380119057
0.31804193862376673
0.3151232072933644
0.3122312617152309
0.30936585607142625
0.3065267467999268
0.30371369257392544
0.3009264542813172
0.29816479500437265
0.295428479999603
0.29271727667780506
0.2900309545842895
0.28736928537929485
0.28473204281857734
0.2821190027341778
0.27952994301537076
0.2769646435897829
0.2744228864046857
0.2719044554084632
0.2694091365322463
0.26693671767171506
0.2644869886690734
0.26205974129518095
0.25965476923185754
0.25727186805434404
0.25491083521392466
0.2525714700207133
0.25025357362659295
0.2479569490083122
0.24568140095074087
0.24342673603027515
0.241192762598395
0.23897929076537677
0.23678613238415072
0.2346131010343073
0.2324600120062539
0.23032668228551273
0.22821293053716352
0.22611857709043237
0.22404344392341807
0.22198735464795907
0.21995013449464276
0.21793161029794855
0.21593161048152779
0.21394996504362146
0.21198650554260923
0.21004106508269033
0.20811347829969962
0.20620358134705027
0.20431121188180573
0.2024362090508828
0.20057841347737623
0.19873766724701394
0.19691381389473323
0.19510669839137984
0.19331616713053273
0.19154206791544603
0.18978424994611146
0.18804256380644205
0.1863168614515705
0.1846069961952647
0.1829128226974607
0.18123419695190818
0.17957097627392835
0.17792301928828796
0.1762901859171811
0.17467233736832163
0.17306933612314737
0.17148104592513036
0.16990733176819356
0.16834805988523746
0.16680309773676857
0.16527231399963258
0.16375557855585368
0.16225276248157347
0.1607637380360914
0.15928837865100878
0.15782655891946806
0.1563781545854951
0.15494304253343633
0.1535211007774933
0.15211220845135517
0.15071624579792417
0.1493330941591354
0.14796263596587242
0.14660475472797282
0.14525933502432592
0.14392626249306315
0.14260542382183658
0.14129670673818656
