0.04999875002091867
0.050461824515178826
0.05092918743597493
0.051400878484081224
0.051876937728885235
0.05235740560987722
0.05284232294101753
0.05333173091310276
0.053825671097854695
0.0543241854517895
0.054827316319684016
0.05533510643714712
0.055847598935499634
0.05636483734468351
0.05688686559756639
0.05741372803211473
0.057945469397664796
0.058482134856337145
0.05902376998799106
0.059570420793984696
0.06012213370140211
0.060678955565044976
0.0612409336746887
0.06180811575602149
0.06238054997601925
0.06295828494764133
0.06354136973189116
0.06412985384443141
0.06472378725750552
0.06532322040639413
0.0659282041913206
0.0665387899829277
0.06715502962722199
0.06777697544945031
0.06840468025706326
0.0690381973462837
0.06967758050563312
0.07032288402060563
0.07097416267812025
0.07163147177121662
0.0722948671029494
0.0729644049930172
0.07364014228051269
0.07432213632944475
0.07501044503385172
0.0757051268224822
0.07640624066325409
0.07711384606872569
0.07782800310086686
0.07854877237614266
0.07927621507117501
0.08001039292600921
0.08075136825190599
0.0814992039347098
0.08225396344060937
0.08301571082151843
0.08378451072078917
0.08456042837771402
0.08534352963375214
0.08613388093815103
0.08693154935294714
0.08773660255864478
0.08854910886007303
0.08936913719225445
0.09019675712612832
0.09103203887388421
0.09187505329503398
0.09272587190273336
0.09358456686999238
0.09445121103384194
0.09532587790395422
0.0962086416670665
0.09709957719344812
0.097998760043589
0.09890626647440481
0.09982217344519191
0.10074655862451924
0.10167950039601235
0.10262107786545724
0.10357137086753235
0.10453045997170078
0.1054984264896906
0.10647535248155961
0.10746132076301126
0.1084564149119305
0.10946071927557983
0.11047431897737989
0.11149729992442518
0.11252974881324933
0.11357175313911876
0.1146234012014314
0.11568478211161068
0.11675598580105905
0.11783710302766064
0.11892822538383592
0.12002944530382989
0.12114085607152554
0.12226255182816287
0.12339462757974906
0.12453717920516912
0.1256903034640982
0.12685409800471636
0.1280286613719218
0.12921409301531134
0.13041049329747312
0.13161796350208388
0.13283660584227583
0.13406652346850775
0.13530782047838197
0.13656060192351557
0.13782497381884853
0.13910104315159508
0.14038891788951824
0.14168870698992403
0.14300052040805908
0.14432446910713642
0.14566066506589298
0.14700922128936073
0.14837025181626945
0.14974387172978504
0.1511301971656944
0.15252934532270168
0.15394143447149256
0.15536658396391767
0.15680491424343537
0.15825654685405507
0.15972160445072228
0.16120021080869423
0.16269249083383355
0.1641985705723623
0.16571857722134534
0.16725263913821303
0.1688008858520154
0.17036344807269788
0.17194045770229127
0.17353204784497178
0.1751383528181345
0.17675950816249517
0.1783956506533639
0.1800469183109794
0.18171345041204937
0.18339538750022458
0.185092871397427
0.1868060452149576
0.1885350533650814
0.1902800415718696
0.1920411568828429
0.19381854768060516
0.19561236369434692
0.19742275601173373
0.19924987709040698
0.20109388076979412
0.20295492228351913
0.2048331582710791
0.20672874679012138
0.20864184732851906
0.21057262081667294
0.21252122964027156
0.2144878376523149
0.21647261018587047
0.21847571406677357
0.22049731762634112
0.22253759071419918
0.2245967047111194
0.22667483254211693
0.22877214868961349
0.23088882920644263
0.23302505172932644
0.2351809954919723
0.23735684133878737
0.23955277173832354
0.24176897079665263
0.24400562427154474
0.2462629195859153
0.24854104584168757
0.250840193833924
0.2531605560648473
0.25550232675784545
0.25786570187182173
0.26025087911540157
0.2626580579613551
0.2650874396611276
0.26753922725920815
0.27001362560790865
0.2725108413821993
0.2750310830940102
0.27757456110756257
0.28014148765416347
0.2827320768472707
0.28534654469745097
0.2879851091275921
0.2906479899882998
0.29333540907307737
0.29604759013360965
0.2987847588954972
0.3015471430735571
0.30433497238749646
0.3071484785775547
0.309987895420156
0.3128534587439566
0.31574540644523064
0.31866397850420203
0.3216094170008024
0.324581966130741
0.3275818722215094
0.3306093837484256
0.3336647513511586
0.33674822784945163
0.33986006825974735
0.34300052981134616
0.34616987196264476
0.3493683564176741
0.3525962471423881
0.3558538103812108
0.35914131467324456
0.3624590308691762
0.3658072321472432
0.36918619403024694
0.3725961944017786
0.3760375135228689
0.3795104340484584
0.3830152410440191
0.3865522220020931
0.39012166685880806
0.39372386801036835
0.3973591203295683
0.4010277211823219
0.4047299704441718
0.4084661705165117
0.4122366263432492
0.4160416454267997
0.4198815378448656
0.42375661626622674
0.42766719596715175
0.43161359484755785
0.4355961334469124
0.439615134960161
0.4436709252540105
0.44776383288207333
0.45189418910115253
0.4560623278863987
0.46026858594693454
0.4645133027413043
0.46879682049240723
0.4731194842027102
0.47748164166914603
0.4818836434978833
0.48632584311875665
0.49080859679981664
0.4953322636613969
0.4998972056902212
0.5045037877530595
0.5091523776104764
0.5138433459299684
0.5185770662990778
0.5233539152383203
0.5281742722136097
0.5330385196484776
0.53794704293625
0.5429002304514353
0.5478984735612007
0.5529421666361813
0.5580317070613933
0.5631674952460768
0.5683499346338794
0.5735794317121486
0.5788563960209172
0.5841812401615556
0.5895543798048948
0.5949762336988086
0.6004472236753373
0.6059677746574491
0.6115383146649045
0.6171592748199628
0.6228310893522374
0.6285541956030686
0.6343290340291937
0.6401560482058098
0.6460356848290666
0.6519683937175343
0.6579546278134031
0.6639948431825651
0.6700894990140321
0.6762390576185784
0.6824439844266226
0.6887047479849396
0.6950218199528977
0.701395675097458
0.7078267912872466
0.7143156494859566
0.7208627337441144
0.727468531190403
0.7341335320214948
0.7408582294909999
0.747643119897003
0.754488702568549
0.7613954798509078
0.7683639570893247
0.7753946426118411
0.7824880477102201
0.7896446866199235
0.7968650764983145
0.8041497374015302
0.8114991922596315
0.8189139668503371
0.8263945897708654
0.8339415924083518
0.8415555089081406
0.8492368761406163
0.856986233665934
0.8648041236968448
0.8726910910596192
0.8806476831528353
0.8886744499040498
0.8967719437244024
0.9049407194607502
0.9131813343457362
0.9214943479453885
0.929880322104198
0.9383398208876776
0.9468734105225561
0.9554816593339932
0.9641651376801489
0.972924417884087
0.9817600741625236
0.990672682551771
0.9996628208304956
1.0087310684393491
1.0178780063973516
1.0271042172149352
1.0364102848035763
1.045796794381743
1.0552643323774045
1.0648134863267353
1.0744448447689472
1.084158997137193
1.0939565336455206
1.1038380451714493
1.1138041231345746
1.1238553593705145
1.1339923460005321
1.1442156752964725
1.1545259395409293
1.164923730882644
1.1754096411867456
1.1859842618800671
1.1966481837910494
1.2074019969842682
1.2182462905895293
1.2291816526251433
1.2402086698155264
1.2513279274027558
1.2625400089519618
1.2738454961505716
1.285244968601041
1.2967390036070294
1.3083281759528138
1.3200130576758629
1.331794217832158
1.3436722222544952
1.3556476333032141
1.3677210096093062
1.3798929058098797
1.39216387227552
1.4045344548296137
1.417005194459166
1.4295766270173769
1.4422492829171347
1.4550236868158792
1.4679003572911737
1.4808798065070186
1.4939625398706022
1.5071490556792981
1.5204398447577738
1.533835390084779
1.5473361664097294
1.560942639858528
1.5746552675286372
1.5884744970730766
1.6024007662730895
1.6164345025993796
1.6305761227614997
1.6448260322453674
1.6591846248384685
1.6736522821426751
1.6882293730743585
1.702916253351516
1.7177132649678413
1.732620735653245
1.7476389783208452
1.762768290499992
1.7780089537551327
1.7933612330903743
1.8088253763393023
1.8244016135400911
1.840090156295327
1.8558911971166245
1.8718049087535444
1.8878314435067916
1.9039709325252618
1.920223485086893
1.9365891878628854
1.9530681041652955
1.9696602731775725
1.9863657091680358
2.0031844006858104
2.0201163097393358
2.037161370956958
2.0543194907296423
2.071590546335444
2.088974385045741
2.1064708232128453
2.1240796453391098
2.141800603127084
2.15963341451088
2.1775777626683976
2.195633295014424
2.213799622174505
2.232076316939464
2.250462913200546
2.268958904865162
2.2875637447531396
2.3062768434735443
2.3250975682820774
2.3440252419190664
2.3630591414280744
2.382198496955395
2.40144249053022
2.4207902548260307
2.440240871903031
2.459793371931996
2.479446731899787
2.499199874296743
2.5190516657862507
2.539000915856896
2.5590463754575143
2.5791867356156613
2.5994206260398096
2.6197466137060235
2.6401632014294383
2.660668826421307
2.6812618588322583
2.701940600282424
2.722703282379324
2.743548065224212
2.7644730359079084
2.7854762069969996
2.806555515011468
2.8277088188948656
2.8489338984781685
2.8702284529385897
2.8915900992546417
2.9130163706589145
2.934504715089949
2.9560524936449517
2.9776569790347693
2.9993153540431488
3.0210247099918868
3.042782045213979
3.0645842635367586
3.086428172777112
3.108310483251135
3.1302278063005056
3.1521766528380804
3.1741534319152835
3.1961544493139953
3.218175906165796
3.2402138976014028
3.262264411433526
3.284323326876177
3.3063864133038456
3.328449329053964
3.35050762027625
3.372556719832619
3.3945919462515506
3.4166085027408886
3.438601476263152
3.460565836677707
3.482496435954107
3.504388007461211
3.526235165336703
3.5480324039418756
3.5697740974066043
3.5914544992695547
3.6130677422189716
3.634607837939229
3.6560686770687405
3.6774440292748416
3.6987275434512394
3.719912748044017
3.7409930515120666
3.761961742928003
3.7828119927257218
3.803536853600883
3.8241292615705693
3.8445820371985757
3.864887886992754
3.8850394049809647
3.9050290744721323
3.9248492700090196
3.9444922595193046
3.9639502066715417
3.9832151734425616
4.002279122902876
4.0211339222265305
4.039771345931808
4.058183079359145
4.0763607223923435
4.094295793429247
4.111979733607638
4.129403911292169
4.1465596268276625
4.1634381175641115
4.1800305631582315
4.1963280911562535
4.212321782862158
4.228002679495353
4.243361788641182
4.2583900909973496
4.273078547418817
4.287418106263137
4.301399711037717
4.315014308349817
4.328252856159496
4.3411063323349595
4.3535657435090735
4.36562213423503
4.377266596438256
4.388490279160858
4.399284398593967
4.409640248392308
4.41954921026443
4.429002764830887
4.43799250274161
4.446510136042562
4.454547509780579
4.462096613834129
4.46914959495639
4.475698769015842
4.481736633418173
4.487255879692036
4.49224940621969
4.496710331092319
4.500632005068263
4.504008024611054
4.506832244982695
4.509098793366138
4.510802081989564
4.511936821223537
4.512498032620807
4.512481061867056
4.511881591609572
4.510695654129546
4.50891964382236
4.506550329449101
4.503584866121308
4.500020806980037
4.495856114529181
4.491089171582258
4.485718791781042
4.479744229643778
4.473165190100209
4.465981837470294
4.458194803843246
4.449805196813489
4.440814606530252
4.431225112017842
4.4210392867241115
4.410260203255407
4.398891437257169
4.386937070400559
4.374401692436835
4.361290402282898
4.347608808103249
4.333363026355796
4.318559679771291
4.3032058942389
4.287309294573242
4.270877999141479
4.253920613332446
4.236446221853473
4.2184643798445345
4.199985102803473
4.181018855320497
4.161576538624693
4.141669476950184
4.121309402734483
4.100508440666754
4.0792790906090115
4.05763420941863
4.035586991706053
4.013150949567083
3.990339891334734
3.967167899401111
3.9436493071652756
3.919798675168501
3.8956307664835133
3.8711605214294442
3.8464030316891153
3.821373513909885
3.796087282873573
3.7705597243250697
3.7448062675526943
3.7188423578166736
3.6926834287246897
3.6663448746557603
3.639842023335294
3.6131901086652376
3.5864042439137953
3.5594993953689413
3.5324903565591965
3.505391723143656
3.4782178685711265
3.4509829206052927
3.4237007388094693
3.3963848930801306
3.369048643313675
3.3417049202852476
3.314366307812466
3.2870450262700652
3.2597529175142643
3.232501431267983
3.205301613009783
3.1781640934008757
3.1510990792757196
3.124116346212585
3.097225232691196
3.0704346358352574
3.0437530087282663
3.0171883592817967
2.990748250626263
2.964439802985417
2.9382696969872586
2.912244178355895
2.8863690639214132
2.860649748877657
2.835091215211443
2.8096980412210932
2.78447441203712
2.759424131053767
2.7345506321768123
2.70985699279051
2.6853459473449304
2.6610199014643054
2.6368809464770315
2.61293087426905
2.5891711923640903
2.5656031391369285
2.5422276990691572
2.5190456179609537
2.4960574180171107
2.4732634127307502
2.450663721493825
2.428258283869723
2.406046873469587
2.384029111380678
2.362204479101891
2.3405723309483353
2.319131905893764
2.2978823388262564
2.2768226711991786
2.2559518610656433
2.2352687924906416
2.2147722843406674
2.1944610984557604
2.174333947213611
2.1543895004996534
2.134626392100756
2.1150432255433245
2.095638579399405
2.0764110120864854
2.057359066188457
2.0384812723263703
2.01977615260845
2.001242223689157
1.9828779994670627
1.9646819934509767
1.9466527208230777
1.928788700226851
1.9110884553065757
1.8935505160237118
1.876173419774111
1.8589557123284688
1.8418959486167654
1.8249926933758545
1.8082445216776766
1.7916500193540115
1.77520778333207
1.7589164218937308
1.742774554869823
1.7267808137795035
1.7109338419234952
1.6952322944388971
1.6796748383221498
1.6642601524258347
1.6489869274341664
1.6338538658212476
1.6188596817955434
1.6040031012334166
1.5892828616041201
1.5746977118881902
1.5602464124908122
1.5459277351514675
1.5317404628508922
1.5176833897161464
1.5037553209244774
1.4899550726064668
1.476281471748852
1.4627333560973417
1.4493095740596469
1.4360089846089075
1.4228304571876285
1.409772871612244
1.3968351179783653
1.384016096566751
1.3713147177500549
1.3587299019003598
1.3462605792975035
1.3339056900382238
1.3216641839461143
1.309535020482382
1.2975171686574232
1.285609606943201
1.2738113231864252
1.2621213145225174
1.2505385872903736
1.2390621569479068
1.227691047988354
1.2164242938573644
1.2052609368708405
1.194200028133531
1.183240627458377
1.172381803286598
1.1616226326085013
1.1509622008850309
1.140399601970032
1.1299339380332216
1.1195643194838785
1.1092898648952219
1.0991097009294966
1.0890229622637297
1.079028791516183
1.0691263391734755
1.0593147635183697
1.0495932305582265
1.0399609139541193
1.0304169949505875
1.0209606623060457
1.011591112223829
1.0023075482838648
0.9931091813749794
0.9839952296278222
0.9749649183484083
0.9660174799522642
0.9571521538991854
0.9483681866285918
0.9396648314954691
0.9310413487069068
0.9224970052592169
0.9140310748756225
0.905642837944528
0.8973315814583517
0.8890965989529155
0.8809371904473988
0.872852662384837
0.8648423275731718
0.8569055051268347
0.849041520408874
0.8412497049736113
0.833529396509819
0.8258799387844261
0.8183006815867387
0.8107909806731685
0.8033501977124725
0.7959777002314978
0.7886728615614148
0.7814350607844543
0.7742636826811264
0.7671581176779297
0.7601177617955326
0.7531420165974366
0.7462302891391105
0.7393819919175865
0.7325965428215221
0.7258733650817246
0.7192118872221186
0.712611543011174
0.7060717714137767
0.699592016543537
0.6931717276155404
0.6868103588995298
0.6805073696735204
0.674262224177834
0.6680743915695607
0.6619433458774389
0.6558685659571429
0.6498495354469884
0.6438857427240414
0.6379766808606279
0.6321218475812446
0.6263207452198684
0.6205728806776499
0.6148777653810023
0.6092349152400706
0.6036438506075864
0.5981040962380939
0.5926151812475549
0.5871766390733253
0.5817880074344932
0.576448828292587
0.5711586478126428
0.5659170163246242
0.5607234882852028
0.5555776222398872
0.5504789807854968
0.5454271305329826
0.5404216420705912
0.5354620899273604
0.5305480525369571
0.5256791122018418
0.520854855057766
0.5160748710385907
0.5113387538414321
0.5066461008921265
0.501996513311008
0.49738959587900594
0.49282495700405105
0.4883022086877878
0.4838209664925951
0.4793808495089105
0.4749814803228499
0.47062248498412806
0.46630349297427265
0.4620241371751309
0.45778405383766174
0.4535828825510183
0.44942026621191394
0.44529585099426533
0.4412092863191184
0.4371602248248501
0.4331483223376398
0.4291732378422153
0.4252346334528678
0.4213321743847286
0.41746552892531363
0.4136343684063271
0.40983836717572597
0.4060772025700363
0.40235055488692884
0.39865810735804386
0.3949995461220642
0.39137456019803807
0.38778284145894537
0.3842240846055057
0.38069798714022823
0.3772042493416996
0.37374257423910623
0.37031266758699255
0.36691423784024896
0.3635469961293317
0.360210656235707
0.35690493456752265
0.353629550135504
0.3503842245290673
0.3471686818926557
0.3439826489022923
0.34082585474234506
0.33769803108250873
0.33459891205499703
0.331528234231942
0.3284857366030043
0.32547116055318454
0.3224842498408437
0.3195247505759211
0.3165924111983519
0.31368698245668725
0.3108082173869062
0.3079558712914222
0.305129701718287
0.3023294684405776
0.29955493343598105
0.29680586086656024
0.2940820170587061
0.29138317048327844
0.28870909173592363
0.28605955351757406
0.28343433061513057
0.2808331998823172
0.2782559402207123
0.275702332560958
0.2731721598441377
0.2706652070033239
0.26818126094530115
0.2657201105324505
0.2632815465648019
0.2608653617622545
0.2584713507469563
0.2560993100258457
0.2537490379733567
0.25142033481427967
0.24911300260677866
0.24682684522556886
0.2445616683452445
0.2423172794237597
0.24009348768606528
0.23789010410788924
0.2357069413996725
0.23354381399064789
0.23140053801306518
0.2292769312865647
0.22717281330269054
0.22508800520954603
0.22302232979659353
0.2209756114795902
0.21894767628566203
0.21693835183851817
0.214947467343798
0.21297485357455187
0.21102034285685925
0.20908376905557502
0.20716496756020678
0.2052637752709249
0.20338003058469808
0.20151357338155557
0.19966424501097912
0.19783188827841636
0.19601634743191834
0.19421746814890228
0.19243509752303306
0.19066908405122507
0.18891927762076668
0.1871855294965578
0.18546769230846968
0.18376562003881716
0.1820791680099462
0.18040819287193807
0.17875255259042352
0.1771121064345087
0.17548671496481488
0.1738762400216251
0.17228054471313928
0.17069949340384055
0.1691329517029648
0.16758078645307664
0.1660428657187528
0.1645190587753662
0.16300923609797396
0.16151326935030882
0.16003103137387006
0.15856239617711362
0.15710723892474482
0.1556654359271061
0.1542368646296627
0.15282140360258675
0.15141893253043517
0.15002933220192166
0.14865248449978544
0.1472882723907502
0.14593657991557552
0.144597292179202
0.143270295340983
0.14195547660500996
0.14065272421052374
0.13936192742241418
0.1380829765218091
0.13681576279674718
0.13556017853293675
0.13431611700460147
0.1330834724654075
0.13186214013947478
0.13065201621247194
0.12945299782279154
0.12826498305280595
0.12708787092020568
0.12592156136941507
0.12476595526308687
0.1236209543736767
0.12248646137509311
0.12136237983442398
0.12024861420374106
0.11914506981197755
0.1180516528568804
0.11696827039703833
0.11589483034398106
0.114831241454351
0.11377741332214913
0.11273325637104863
0.1116986818467822
0.11067360180959739
0.10965792912678095
0.1086515774652537
0.10765446128423156
0.10666649582795384
0.1056875971184803
0.10471768194855202
0.10375666787451851
0.10280447320933082
0.10186101701559756
0.10092621909870468
