0.0349991250146786
0.03532327716066038
0.03565043120513014
0.03598061493880502
0.036313856410185426
0.036650183926964945
0.03698962605874589
0.037332211639121975
0.03767796976846529
0.03802692981628535
0.03837912142381121
0.03873457450603509
0.03909331925481794
0.03945538614130997
0.03982080591824963
0.04018960962251125
0.04056182857839601
0.04093749439939044
0.041316638991623834
0.041699294555834016
0.04208549359093716
0.04247526889563394
0.04286865357228209
0.04326568102927252
0.04366638498325619
0.044070799463320716
0.04447895881235176
0.044890897691129694
0.045306651080295024
0.04572625428450308
0.046149742933884005
0.046577152988022695
0.047008520739095075
0.047443882814575906
0.04788327617990533
0.04832673814230854
0.048774306353943184
0.049226018814449206
0.049681913874659145
0.050142030239814436
0.05060640697204001
0.05107508349513639
0.0515480995963227
0.05202549543058742
0.05250731152371989
0.052993588775714084
0.05348436846425462
0.05397969224813102
0.0544796021706068
0.054984140663333785
0.0554933505497889
0.05600727504822865
0.05652595777635618
0.05704944275434045
0.05757777440846974
0.05811099757509499
0.058649157504594825
0.059192299864378815
0.059740470743657716
0.06029371665673665
0.060852084547083435
0.061415621791071594
0.061984376202031066
0.062558396034598
0.06313772998827014
0.06372242721168968
0.06431253730650445
0.06490811033194209
0.06550919680901364
0.06611584772371756
0.06672811453280522
0.06734604916691886
0.06796970403538624
0.06859913203053043
0.0692343865320654
0.06987552141166102
0.0705225910371811
0.07117565027718244
0.07183475450578546
0.07249995960728979
0.07317132198025002
0.07384889854276658
0.07453274673707504
0.07522292453409135
0.0759194904383186
0.07662250349292211
0.07733202328419003
0.0780481099470817
0.0787708241692982
0.07950022719743786
0.08023638084098648
0.08097934747818121
0.08172919006076415
0.08248597211937751
0.08324975776868514
0.08402061171266613
0.08479859925005322
0.08558378627974306
0.08637623930583874
0.0871760254436469
0.08798321242485461
0.08879786860331546
0.08962006296034525
0.09044986511070419
0.09128734530827885
0.09213257445145871
0.09298562408957302
0.0938465664279753
0.09471547433485425
0.09559242134641538
0.0964774816731811
0.09737073020612932
0.09827224252265011
0.09918209489292802
0.1001003642856662
0.10102712837497703
0.10196246554616777
0.10290645490254043
0.10385917627140058
0.10482071021083174
0.10579113801597433
0.10677054172590865
0.10775900413005632
0.10875660877471952
0.10976343997041609
0.1107795827978161
0.11180512311549448
0.11284014756606393
0.11388474358366711
0.1149389994006428
0.11600300405492565
0.11707684739675975
0.11816062009643181
0.1192544136508781
0.12035832039158839
0.1214724334915007
0.12259684697267388
0.12373165571375666
0.1248769554573398
0.1260328428176856
0.127199415288415
0.12837677125014751
0.1295650099782085
0.1307642316504846
0.1319745373555711
0.13319602910031803
0.13442880981799926
0.13567298337640987
0.136928654586061
0.1381959292082226
0.13947491396327152
0.14076571653884265
0.14206844559847215
0.14338321078976837
0.14471012275310213
0.14604929312995057
0.14740083457168793
0.14876486074818174
0.15014148635661215
0.15153082713011753
0.15293299984673336
0.15434812233845088
0.15577631349993146
0.15721769329779148
0.15867238277948184
0.1601405040827372
0.16162218044451754
0.16311753621053612
0.16462669684438816
0.1661497889371362
0.16768694021681538
0.1692382795576495
0.17080393699009222
0.17238404371014793
0.1739787320891813
0.17558813568373968
0.17721238924538607
0.17885162873048488
0.18050599131028208
0.18217561538077426
0.18386064057296211
0.1855612077627826
0.18727745908143908
0.18900953792554592
0.19075758896753947
0.1925217581658007
0.19430219277528737
0.19609904135792394
0.1979124537930832
0.1997425812882219
0.20158957638930833
0.20345359299180377
0.2053347863511451
0.20723331309353873
0.20914933122685994
0.21108300015149586
0.2130344806712417
0.21500393500429404
0.21699152679411776
0.21899742112077528
0.2210217845116727
0.22306478495293586
0.22512659190058099
0.22720737629152413
0.22930731055504847
0.23142656862389255
0.2335653259458057
0.23572375949461088
0.23790204778184143
0.2401003708679475
0.24231891037385644
0.24455784949237694
0.2468173729996666
0.24909766726684004
0.25139892027127614
0.253721321608416
0.25606506250306055
0.25843033582116803
0.2608173360812403
0.26322625946600353
0.2656573038339162
0.2681106687308041
0.27058655540146975
0.2730851668011702
0.2756067076072511
0.2781513842306822
0.28071940482762975
0.2833109793109115
0.2859263193615647
0.288565638440268
0.2912291517987641
0.29391707649141435
0.2966296313863545
0.29936703717701246
0.3021295163932864
0.3049172934128326
0.30773059447211876
0.3105696476778033
0.31343468301745725
0.31632593237080286
0.31924362952047325
0.3221880101628619
0.32515931191890923
0.3281577743446794
0.331183638941884
0.33423714916840597
0.33731855044851466
0.3404280901831333
0.34356601775986806
0.346732584562985
0.34992804398314953
0.35315265142713814
0.3564066643273369
0.35969034215097445
0.3630039464093511
0.36634774066682085
0.36972199054952176
0.3731269637539343
0.37656293005537167
0.3800301613160014
0.3835289314928357
0.3870595166453317
0.39062219494297845
0.3942172466722506
0.39784495424372024
0.4015056021985071
0.40519947721464505
0.4089268681130859
0.4126880658634234
0.41648336358916305
0.42031305657274054
0.4241774422602202
0.4280768202654389
0.43201149237397685
0.4359817625465704
0.43998793692214516
0.4440303238204328
0.44810923374406963
0.4522249793803425
0.4563778756022713
0.4605682394693848
0.46479639022779823
0.4690626493098251
0.4733673403330088
0.47771078909863324
0.48209332358946033
0.4865152739670258
0.4909769725682169
0.4954787539010763
0.5000209546401672
0.5046039136208776
0.5092279718332784
0.5138934724150511
0.5186007606437023
0.5233501839279069
0.528142091797982
0.5329768358956274
0.5378547699625308
0.5427762498282865
0.5477416333971563
0.5527512806339442
0.5578055535488234
0.5629048161810667
0.56804943458174
0.5732397767952316
0.578476212839609
0.583759114685842
0.5890888562356984
0.5944658132984334
0.5998903635661538
0.6053628865877874
0.6108837637417314
0.6164533782069888
0.6220721149328378
0.6277403606070836
0.6334585036225222
0.6392269340420172
0.6450460435617701
0.6509162254729358
0.6568378746213724
0.6628113873657958
0.6688371615337935
0.6749155963761042
0.6810470925188628
0.6872320519137683
0.6934708777862397
0.6997639745813452
0.7061117479075383
0.7125146044781443
0.7189729520504572
0.7254871993625052
0.7320577560672185
0.7386850326641848
0.7453694404287147
0.7521113913382647
0.7589112979960375
0.7657695735518628
0.7726866316200162
0.7796628861942007
0.7866987515593586
0.7937946422003755
0.8009509727075291
0.8081681576786505
0.8154466116178454
0.822786748830719
0.8301889833160522
0.8376537286537376
0.8451813978889878
0.8527724034126655
0.8604271568375982
0.8681460688708705
0.8759295491819276
0.8837780062663705
0.8916918473054014
0.899671478020726
0.9077173025249207
0.9158297231669716
0.9240091403731027
0.9322559524825094
0.940570555578148
0.9489533433122455
0.9574047067265156
0.9659250340669144
0.9745147105928653
0.9831741183807278
0.9919036361214205
1.000703638912165
1.0095744980419932
1.0185165807711178
1.0275302501038204
1.0366158645549142
1.0457737779094227
1.0550043389755104
1.0643078913304405
1.0736847730593464
1.0831353164868094
1.092659847900968
1.1022586872700473
1.1119321479511548
1.1216805363911615
1.1315041518195668
1.1414032859330487
1.1513782225717581
1.161429237386926
1.171556597499874
1.181760561152051
1.1920413773460627
1.2023992854774899
1.2128345149572706
1.223347284824595
1.2339378033499924
1.244606267628592
1.2553528631632607
1.2661777634375126
1.2770811294780655
1.2880631094067303
1.299123837981638
1.310263436127482
1.321482010454753
1.3327796527676847
1.3441564395608263
1.355612431504021
1.3671476729157055
1.3787621912243018
1.3904559964176237
1.4022290804800681
1.414081416817534
1.4260129596698712
1.4380236435107483
1.450113382434812
1.462282069532018
1.474529576248993
1.4868557517373762
1.4992604221889596
1.5117433901576174
1.5243044338678777
1.5369433065100975
1.5496597355221544
1.5624534218576256
1.5753240392403816
1.5882712334056148
1.601294621327195
1.6143937904314798
1.627568297797455
1.6408176693433454
1.6541413989996514
1.6675389478687752
1.681009743371153
1.6945531783782226
1.708168610332122
1.7218553603523963
1.7356127123298508
1.7494399120077193
1.7633361660503764
1.7773006410998264
1.791332462820261
1.805430714930963
1.8195944382278677
1.8338226295942173
1.8481142410006062
1.862468178494915
1.8768833011825798
1.891358420197696
1.9058922976655261
1.9204836456569476
1.9351311251355363
1.949833344897899
1.9645888605080268
1.9793961732264054
1.9942537289347186
2.009159917057013
2.02411306947825
2.0391114594612394
2.054153300562965
2.069236745551466
2.0843598853243392
2.099520747830205
2.1147172969943204
2.129947431649786
2.1452089844757314
2.1604997209439785
2.175817338275794
2.1911594644103545
2.2065236569866564
2.221907402340699
2.2373081145197973
2.2527231343160574
2.268149728320982
2.2835850880034676
2.299026328813324
2.314470489312691
2.3299145303377746
2.3453553341933753
2.360789703882833
2.376214362376086
2.391625951918622
2.407021033384206
2.4223960856743947
2.4377475051678763
2.4530716052228474
2.4683646157356907
2.4836226827593126
2.498841868184623
2.5140181494886886
2.5291474195532806
2.5442254865574596
2.5592480739481185
2.574210820492389
2.589109280415867
2.603938923630813
2.618695136058447
2.6333732200496023
2.647968394908005
2.662475797520618
2.6768904830993985
2.6912074260390026
2.7054215208949284
2.7195275834866752
2.7335203521304927
2.747394489006313
2.7611445816635123
2.774765144670079
2.788250621409793
2.8015953860320137
2.814793745558571
2.827839942152266
2.8407281555514006
2.8534525056746407
2.866007055400473
2.878385813525347
2.890582737904518
2.9025917387793636
2.9144066822948775
2.9260213942107627
2.937429663809377
2.9486252480035113
2.9596018756467473
2.970353252048827
2.9808730636981444
2.991154983193171
3.001192674384196
3.0109797977264017
3.0205100158448723
3.0297769993116477
3.0387744326344714
3.0474960204563515
3.055935493964521
3.0640866175067787
3.0719431954126013
3.0794990790157772
3.0867481738746156
3.0936844471851006
3.100301935381621
3.106594751919127
3.112557095229793
3.118183256846405
3.1234676296838897
3.1284047164694737
3.132989138311089
3.137215643392721
3.141079115784425
3.144574584353783
3.1476972317646235
3.1504424035477836
3.152805617227738
3.1547825714878868
3.156369155356297
3.1575614573926947
3.1583557748564757
3.158748622834566
3.158736743306939
3.1583171141267004
3.157486957890682
3.1562437506756527
3.1545852306143702
3.1525094062849153
3.1500145648860256
3.1470992801704267
3.1437624201075804
3.1400031542467293
3.1358209607506446
3.131215633070146
3.1261872862292055
3.1207363626902724
3.1148636377694423
3.1085702245711766
3.1018575784124893
3.094727500706878
3.0871821422787846
3.0792240060800182
3.0708559492803906
3.0620811847057845
3.0529032815980286
3.043326165672275
3.033354118449057
3.0229917758399036
3.01224412596723
3.001116506201269
2.989614599399036
2.977744429332712
2.965512355297431
2.9529250658911748
2.9399895719624314
2.926713198724348
2.9131035770372846
2.8991686338651284
2.8849165819141382
2.870355908466728
2.8554953634263085
2.840343946593041
2.8249108941942365
2.809205664696958
2.793237923934314
2.7770175295807777
2.760554515015693
2.7438590726179504
2.7269415365384595
2.7098123650006114
2.6924821221823807
2.6749614597369193
2.6572610980115012
2.639391807027549
2.6213643872868864
2.603189650471672
2.5848784001072826
2.5664414122590324
2.547889416334706
2.5292330760656663
2.5104829707396568
2.491649576758259
2.4727432495914377
2.4537742062005594
2.4347525079997885
2.415688044423705
2.3965905171666284
2.3774694251560917
2.358334050319572
2.3391934441996733
2.320056415468726
2.3009315183890457
2.281827042259985
2.262751001887588
2.243711129106848
2.224714865380613
2.2057693554930036
2.1868814423488097
2.1680576628838373
2.14930424508468
2.1306271061097863
2.1120318514972576
2.0935237754383835
2.075107862089792
2.056788787891081
2.0385709248491266
2.020458344744989
2.0024548242143596
1.98456385064801
1.9667886288547651
1.949132088425984
1.931596891737637
1.9141854425237685
1.896899894953357
1.8797421631414513
1.862713931025014
1.845816662533922
1.8290516119883353
1.8124198346548632
1.79592219739585
1.77955938934841
1.7633319325726675
1.7472401926119774
1.731284388911525
1.7154646050456779
1.699780798708806
1.6842328114287106
1.6688203779664748
1.6535431353713237
1.6384006316638347
1.6233923341256349
1.6085176371783794
1.593775869839425
1.5791663027459504
1.564688154743449
1.550340599038467
1.5361227689190322
1.5220337630495278
1.5080726503497577
1.4942384744705295
1.4805302578803272
1.4669470055795835
1.4534877084605395
1.4401513463319198
1.4269368906284592
1.413843306825915
1.40086955658241
1.388014599626944
1.3752773954156838
1.3626569045761545
1.3501520901587958
1.337761918714603
1.3254853612165984
1.3133213938418777
1.3012689986299282
1.2893271640317356
1.277494885363098
1.2657711651743737
1.254155013547808
1.2426454483324492
1.2312414953256114
1.2199421884088764
1.2087465696456525
1.1976536893464467
1.186662606107228
1.1757723868255048
1.1649821066980843
1.1542908492039163
1.1436977060748732
1.1332017772568803
1.1228021708633915
1.1124980031228842
1.1022883983217333
1.0921724887435686
1.0821494146060273
1.0722183239956244
1.0623783728013025
1.0526287246471342
1.0429685508245268
1.0333970302241966
1.0239133492681392
1.014516701841753
1.005206289226235
0.9959813200313399
0.9868410101285708
0.9777845825848558
0.9688112675967258
0.9599203024250383
0.9511109313302518
0.9423824055082525
0.9337339830267566
0.92516492876228
0.9166745143376673
0.9082620180601964
0.8999267248602407
0.8916679262304975
0.8834849201657622
0.8753770111032615
0.8673435098635346
0.8593837335918478
0.8514970057001551
0.8436826558095882
0.8359400196934715
0.828268439220864
0.8206672623006186
0.8131358428259509
0.8056735406195217
0.7982797213790223
0.7909537566232552
0.7836950236387148
0.7765029054266553
0.7693767906506475
0.7623160735846108
0.755320154061328
0.7483884374214329
0.7415203344628588
0.7347152613907586
0.7279726397678835
0.7212918964654113
0.7146724636142321
0.7081137785566803
0.7016152837987053
0.6951764269624856
0.6887966607394755
0.6824754428438857
0.676212235966585
0.6700065077294297
0.6638577306400142
0.6577653820468283
0.6517289440948347
0.6457479036814517
0.6398217524129357
0.6339499865611696
0.6281321070208462
0.6223676192670409
0.6166560333131792
0.6109968636693859
0.6053896293012202
0.5998338535887843
0.5943290642862118
0.5888747934815279
0.5834705775568734
0.5781159571490982
0.5728104771107171
0.567553686471218
0.5623451383987308
0.5571843901620485
0.5520710030929904
0.547004542549118
0.5419845778767884
0.5370106823745509
0.5320824332568729
0.5271994116182056
0.5223612023973774
0.5175673943423105
0.5128175799750655
0.5081113555572072
0.503448321055483
0.4988280801078218
0.4942502399896438
0.48971441158047585
0.4852202093308783
0.4807672512296708
0.47635515877146434
0.4719835569244838
0.46765207409869247
0.46336034211420724
0.4591079961700001
0.45489467481289186
0.45072001990682903
0.44658367660243947
0.4424852933068712
0.4384245216539079
0.434401016474355
0.4304144357667016
0.4264644406680494
0.4225506954253105
0.41867286736666576
0.4148306268732884
0.4110236473513277
0.4072516052041453
0.4035141798048109
0.39981105346884993
0.3961419114272369
0.3925064417996419
0.38890433556792103
0.3853352865498477
0.38179899137308787
0.37829514944941384
0.3748234629491523
0.37138363677587
0.36797537854128926
0.3645983985404362
0.36125240972701345
0.3579371276890025
0.3546522706244885
0.35139755931770555
0.3481727171153042
0.34497746990283573
0.3418115460814515
0.33867467654481653
0.3355665946562374
0.33248703622599496
0.32943573948888966
0.32641244508199085
0.3234168960225916
0.32044883768636323
0.3175080177857128
0.31459418634833974
0.31170709569598576
0.30884650042338285
0.30601215737739507
0.30320382563634785
0.3004212664895507
0.2976642434170075
0.29493252206931
0.2922258702477195
0.289544057884429
0.28688685702300815
0.2842540417990254
0.2816453884208502
0.2790606751506307
0.27649968228544497
0.27396219213862666
0.27144798902126177
0.26895685922385404
0.26648859099815975
0.26404297453918973
0.26161980196737433
0.2592188673108948
0.25683996648817425
0.2544828972905322
0.2521474593649949
0.24983345419726585
0.24754068509485277
0.24526895717034713
0.24301807732485903
0.2407878542316046
0.23857809831964152
0.23638862175775613
0.23421923843849796
0.2320697639623594
0.22994001562210303
0.22782981238722916
0.22573897488859057
0.2236673254031448
0.2216146878388463
0.21958088771968104
0.21756575217083438
0.21556910990399558
0.21359079120280092
0.21163062790840434
0.20968845340518674
0.20776410260659217
0.2058574119410943
0.2039682193382949
0.20209636421514654
0.20024168746230184
0.19840403143059143
0.19658323991762203
0.1947791581544986
0.1929916327926706
0.19122051189089634
0.18946564490232676
0.1877268826617108
0.18600407737271535
0.18429708259536132
0.18260575323357814
0.18092994552286942
0.17926951701809196
0.17762432658134966
0.17599423436999578
0.17437910182474506
0.1727787916578982
0.17119316784167116
0.1696220955966318
0.1680654413802457
0.16652307287552245
0.16499485897977073
0.16348066979345352
0.16198037660914563
0.16049385190059529
0.15902096931188336
0.1575616036466822
0.15611563085761546
0.15468292803571312
0.1532633733999634
0.15185684628696272
0.1504632271406586
0.14908239750218633
0.1477142399998015
0.14635863833890253
0.14501547729214476
0.14368464268964742
0.14236602140928867
0.1410595013670889
0.13976497150768538
0.13848232179489145
0.13721144320234285
0.1359522277042316
0.13470456826612315
0.13346835883585753
0.1322434943345367
0.13102987064759047
0.12982738461592877
0.12863593402717202
0.12745541760696233
0.12628573501035664
0.12512678681329648
0.1239784745041561
0.12284070047537043
0.12171336801513757
0.1205963812991975
0.11948964538268839
0.11839306619207536
0.11730655051715365
0.11623000600312695
0.11516334114275636
0.11410646526858176
0.11305928854521619
0.11202172196170904
0.11099367732397954
0.10997506724732138
0.10896580514897428
0.10796580524076389
0.10697498252181073
0.10599325277130461
0.10502053254134516
0.10405673914984981
0.10310179067352514
0.10215560594090287
0.1012181045254414
0.10028920673868812
0.09936883362350697
0.09845690694736661
0.09755334919568992
0.09665808356526637
0.09577103395772302
0.09489212497305573
0.09402128190322102
0.09315843072578525
0.09230349809763234
0.09145641134873035
0.09061709847595409
0.08978548813696417
0.08896150964414398
0.08814509295859055
0.08733616868416082
0.08653466806157369
0.08574052296256518
0.08495366588409678
0.08417402994261873
0.08340154886838429
0.08263615699981629
0.08187778927792684
0.08112638124078674
0.0803818690180457
0.07964418932550439
0.07891327945973403
0.07818907729274754
0.07747152126671816
0.07676055038874666
0.07605610422567759
0.07535812289896208
0.0746665470795677
0.07398131798293621
0.07330237736398641
0.07262966751216296
0.07196313124653157
0.07130271191091829
0.07064835336909328
