0.2505085649733728
0.25282823333022
0.25516937041021365
0.25753217459932864
0.25991684610980953
0.2623235869930154
0.2647526011567955
0.267204094388104
0.26967827435989167
0.272175350658576
0.27469553479270964
0.27723904021804674
0.2798060823483751
0.282396878577576
0.2850116482957816
0.2876506129058598
0.29031399584768636
0.29300202260719665
0.29571492074139744
0.2984529198996534
0.30121625183109135
0.30400515041453724
0.30681985167731046
0.30966059380367006
0.31252761716654853
0.3154211643411245
0.3183414801243784
0.32128881155825345
0.3242634079455637
0.3272655208753531
0.3302954042379015
0.3333533142483836
0.33643950946744444
0.3395542508232552
0.3426978016274737
0.3458704276044502
0.3490723969046991
0.3523039801328462
0.3555654503665095
0.3588570831778709
0.3621791566571713
0.3655319514336456
0.36891575070033905
0.37233084023288304
0.3757775084178954
0.37925604627267595
0.3827667474654542
0.3863099083449093
0.3898858279621478
0.39349480808944237
0.3971371532511498
0.4008131707460335
0.4045231706665565
0.4082674659300125
0.41204637230095364
0.415860208413437
0.41970929580110977
0.4235939589191497
0.42751452516871313
0.43147132492614537
0.43546469156790624
0.4394949614944449
0.4435624741586311
0.4476675720904333
0.4518106009262659
0.4559919094341313
0.46021184953966754
0.46447077635591655
0.46876904820736487
0.47310702666337834
0.47748507655870415
0.48190356602557116
0.48636286652418853
0.49086335286636185
0.495405403246191
0.4999893992684636
0.5046157259813656
0.5092847718992128
0.5139969290361114
0.5187525929349682
0.5235521626975127
0.5283960410120793
0.5332846341884764
0.5382183521822237
0.5431976086301965
0.5482228208795027
0.5532944100186844
0.5584128009077345
0.5635784222115494
0.568791706430312
0.5740530899314572
0.5793630129806908
0.5847219197764087
0.5901302584792594
0.595588481247842
0.6010970442671403
0.6066564077843737
0.6122670361437268
0.6179293978136094
0.6236439654268655
0.6294112158099876
0.6352316300178843
0.641105693368129
0.6470338954755716
0.6530167302848517
0.6590546961068974
0.6651482956526094
0.6712980360664198
0.6775044289630064
0.683767990461615
0.6900892412206266
0.6964687064748143
0.7029069160679979
0.709404404490934
0.715961710915423
0.7225793792327561
0.7292579580859193
0.7359980009085031
0.7428000659606568
0.7496647163639149
0.7565925201398628
0.763584050244795
0.770639884606226
0.7777606061604547
0.7849468028914456
0.7921990678624652
0.7995179992583666
0.8069042004185424
0.8143582798774168
0.8218808513974741
0.8294725340110449
0.8371339520540995
0.8448657352043322
0.852668518518861
0.860542942470611
0.8684896529865539
0.8765093014841457
0.8846025449076729
0.8927700457675571
0.9010124721754503
0.9093304978822521
0.9177248023143804
0.9261960706119162
0.9347449936636042
0.9433722681441238
0.9520785965516614
0.9608646872430886
0.9697312544707661
0.9786790184186958
0.9877087052375598
0.9968210470823983
1.0060167821453725
1.0152966546935993
1.0246614151031186
1.0341118198933061
1.043648631761879
1.0532726196186877
1.0629845586210274
1.0727852302047052
1.0826754221192012
1.0926559284599484
1.1027275497008775
1.1128910927254536
1.1231473708596684
1.1334972039015683
1.1439414181534209
1.1544808464498633
1.1651163281898411
1.1758487093627699
1.1866788425787327
1.1976075870950262
1.2086358088444056
1.219764380460071
1.2309941813016696
1.242326097480239
1.2537610218818744
1.265299854191433
1.276943500914638
1.2886928753981108
1.3005488978522854
1.3125124953684042
1.3245846019391145
1.3367661584734527
1.349058112815269
1.3614614197570631
1.3739770410539633
1.3866059454369324
1.3993491086229248
1.4122075133268281
1.4251821492672654
1.4382740131770273
1.4514841088051207
1.4648134469244147
1.4782630453311536
1.491833928847454
1.5055271293195869
1.5193436856154008
1.533284643619796
1.5473510562278057
1.5615439833371063
1.5758644918350542
1.5903136555890578
1.604892555428924
1.6196022791309506
1.6344439213980828
1.6494185838374544
1.6645273749363485
1.6797714100345795
1.6951518112946151
1.7106697076695128
1.7263262348656259
1.742122535306391
1.758059758089264
1.774139058940874
1.7903616001696776
1.8067285506139905
1.823241085588082
1.8399003868219723
1.856707642400651
1.8736640466980308
1.8907708003064072
1.9080291099629132
1.9254401884712011
1.9430052546191865
1.9607255330919928
1.9786022543808968
1.9966366546865513
2.0148299758183836
2.0331834650888188
2.0516983752014744
2.070375964135763
2.0892174950239766
2.1082242360246664
2.1273974601890977
2.146738445321744
2.1662484738360157
2.185928832601321
2.2057808127864726
2.2258057096940984
2.2460048225896365
2.266379454522383
2.286930912140804
2.3076605054977186
2.328569547851697
2.34965935545629
2.3709312473448945
2.3923865451050843
2.414026572645623
2.43585265595391
2.457866122845437
2.4800683027025148
2.5024605262052866
2.5250441250524784
2.547820431670688
2.570790778916125
2.5939564997633497
2.6173189269854102
2.64087939282086
2.66463922863084
2.6885997645443265
2.7127623290912872
2.737128248823087
2.7616988479216045
2.786475447794329
2.811459366656793
2.836651919101726
2.862054415653736
2.8876681623107694
2.913494460070013
2.939534604439396
2.9657898849345066
2.992261584558577
3.01895097926793
3.0458593374199205
3.072987919205088
3.1003379760613083
3.1279107500713503
3.155707473341891
3.1837293673647213
3.2119776423582973
3.2404534965918557
3.2691581156878593
3.2980926719060175
3.3272583234065025
3.356656213491774
3.3862874698274767
3.4161532036420734
3.4462545089030514
3.4765924614712587
3.5071681182321854
3.537982516202792
3.5690366716156636
3.6003315789765034
3.6318682100986206
3.663647513110309
3.695670411437414
3.7279378027580856
3.7604505579315406
3.793209519898966
3.82621550255569
3.8594692895960763
3.89297163332832
3.9267232534601497
3.96072483585462
3.9949770312548227
4.02948045397797
4.0642356805782685
4.0992432484768
4.134503654559941
4.170017353743912
4.205784757506635
4.241806232384946
4.27808209843793
4.31461262767525
4.351398042449977
4.388438513815901
4.425734159848651
4.463285043930215
4.501091172996544
4.539152495747925
4.577468900821213
4.616040214924587
4.654866200933892
4.693946555949589
4.733280909315878
4.772868820599764
4.812709777531192
4.8528031939033305
4.893148407433124
4.933744677581986
4.97459118333692
5.015687020950522
5.057031201642054
5.098622649257778
5.140460197891762
5.182542589466302
5.224868471273423
5.267436393476037
5.310244806570761
5.353292058811196
5.396576393593512
5.440095946803323
5.48384874412551
5.527832698317457
5.572045606445675
5.616485147087369
5.661148877497537
5.706034230742395
5.751138512800156
5.796458899630845
5.841992434215367
5.887736023566329
5.933686435710902
5.979840296648557
6.026194087283878
6.072744140337652
6.119486637237292
6.1664176049889585
6.213532913033391
6.2608282700883775
6.308299220979504
6.355941143462393
6.403749245039153
6.451718559772088
6.499843945097463
6.548120078643108
6.596541455052984
6.645102382822629
6.693796981149476
6.742619176801639
6.791562701010029
6.840621086387851
6.88978766388269
6.939055559765239
6.988417692660997
7.037866770629363
7.087395288296078
7.136995524044926
7.186659537274791
7.236379165728213
7.2861460228983015
7.335951495520525
7.385786741156942
7.435642685879627
7.485510022061556
7.5353792062822675
7.585240457356869
7.635083754496547
7.684898835609325
7.734675195750045
7.78440208572884
7.8340685108873656
7.883663230052532
7.933174754678203
7.982591348184114
8.031901025503549
8.081091552849685
8.13015044771194
8.17906497909323
8.227822167999946
8.276408788195344
8.324811367229213
8.373016187754667
8.421009289144802
8.468776469421078
8.51630328750596
8.56357506581194
8.610576893179577
8.657293628177097
8.70370990277388
8.74981012640063
8.795578490408225
8.840998972938351
8.886055344217352
8.93073117228602
8.975009829177079
9.018874497551877
9.06230817780802
9.105293695668491
9.147813710263712
9.189850722716045
9.231387085236918
9.272405010745855
9.312886583019555
9.352813767379683
9.392168421925957
9.430932309321197
9.469087109133946
9.506614430743173
9.543495826808545
9.579712807308988
9.615246854150747
9.650079436344816
9.684192025752997
9.717566113399412
9.750183226343607
9.78202494510954
9.81307292166303
9.84330889792855
9.872714724834506
9.901272381874383
9.928963997168644
9.955771868010853
9.981678481879083
10.006666537891425
10.03071896868217
10.053818962673311
10.075949986712837
10.097095809049838
10.117240522613125
10.136368568558145
10.154464760044085
10.171514306200747
10.187502836241995
10.202416423680177
10.216241610593325
10.228965431894297
10.240575439548692
10.2510597266858
10.260406951544452
10.268606361193518
10.275647814964216
10.2815218075297
10.286219491565156
10.28973269991985
10.292053967230972
10.293176550907654
10.293094451412044
10.291802431763623
10.289296036191747
10.285571607861241
10.280626305595174
10.274458119519343
10.267065885553196
10.258449298672476
10.248608924870187
10.237546211743732
10.225263497637826
10.211764019275156
10.197051917809286
10.181132243237341
10.164010957113504
10.145694933508379
10.126191958163393
10.105510725794543
10.083660835504762
10.060652784270088
10.036497958470736
10.011208623444931
9.984797911050142
9.957279805223703
9.928669125542543
9.898981508789749
9.86823338854385
9.836441972815518
9.803625219764923
9.769801811542148
9.734991126301878
9.69921320845311
9.662488737213435
9.624838993546751
9.586285825572265
9.546851612541525
9.506559227488635
9.465431998667324
9.423493669896354
9.38076835994211
9.33728052107431
9.293054896936951
9.248116479882396
9.202490467921246
9.156202221445024
9.109277219881767
9.061741018447018
9.013619205154212
8.964937358248733
8.91572100422926
8.86599557661845
8.815786375642025
8.765118528971485
8.714016953680753
8.662506319560812
8.610611013929367
8.558355108064223
8.50576232538002
8.45285601145773
8.399659106025192
8.346194116975413
8.292483096496444
8.238547619373648
8.184408763511419
8.130087092707187
8.075602641696014
8.020974903469611
7.966222818858645
7.911364768352706
7.856418566117674
7.801401456156267
7.746330110543738
7.691220629657598
7.636088544308022
7.580948819663983
7.5258158608596215
7.470703520156057
7.415625105525554
7.3605933905179874
7.305620625264246
7.250718548467017
7.195898400227138
7.14117093555276
7.086546438399659
7.032034736093565
6.977645213989769
6.923386830231598
6.869268130477213
6.815297262473785
6.761481990369759
6.707829708668699
6.654347455742772
6.601041926840027
6.547919486536621
6.494986180603371
6.442247747275215
6.3897096279315475
6.337376977215397
6.285254672639022
6.233347323742957
6.181659280893799
6.130194643823069
6.0789572700249055
6.027950783143078
5.977178581487967
5.92664384683104
5.876349553627125
5.826298478813398
5.7764932123279715
5.726936168479496
5.677629598282617
5.628575602851701
5.579776147917374
5.531233079496832
5.482948140709966
5.434922989689945
5.387159218488958
5.339658372828905
5.292421972494076
5.2454515321091275
5.198748581993351
5.152314688732931
5.106151475068459
5.060260638658355
5.014643969251688
4.969303363789446
4.924240838953143
4.879458540696696
4.834958750333389
4.790743886805906
4.746816504844924
4.70317928882085
4.659835042212838
4.616786672757636
4.574037173495227
4.531589600093493
4.489447045005535
4.447612609182757
4.406089372227004
4.364880362005755
4.323988524866392
4.283416697658333
4.243167582795424
4.203243727556706
4.163647508724391
4.124381123488698
4.085446587309031
4.046845739112577
4.008580253841776
3.9706516619439998
3.9330613749471963
3.8958107158069435
3.858900952269123
3.822333331098216
3.786109110704739
3.750229589496857
3.7146961272084598
3.6795101565414456
3.644673182717888
3.610186768973119
3.5760525066264623
3.5422719691220492
3.5088466503052653
3.4757778881452137
3.44306677607528
3.4107140650397656
3.3787200601401133
3.3470845164072243
3.3158065386319255
3.2848844903229732
3.254315916707751
3.224097486243057
3.194224954383581
3.1646931524081525
3.1354960029922863
3.1066265630194994
3.0780770929298744
3.0498391507981935
3.021903708391757
2.9942612857363398
2.966902100248625
2.9398162262747882
2.9129937608764327
2.8864249918672957
2.8601005643469524
2.8340116422129085
2.8081500612776673
2.7825084706121066
2.7570804585576654
2.7318606595225314
2.706844837279657
2.6820299401467405
2.6574141233172344
2.632996733909513
2.608778255174379
2.5847602078625447
2.560945009027248
2.537335791426633
2.51393618996426
2.4907501049014873
2.4677814544296353
2.4450339310991733
2.4225107771049528
2.400214592195703
2.378147184921248
2.3563094732668235
2.334701435002717
2.313322102156784
2.292169588957267
2.271241139483579
2.250533181000152
2.2300413720025714
2.2097606402188443
2.1896852142908805
2.169808662021076
2.15012395581313
2.130623590030636
2.1112997735412287
2.0921447126463626
2.0731509851176058
2.054311986855473
2.0356224118574433
2.017078707836219
1.9986794383662951
1.9804254816306408
1.9623200078998868
1.9443682027014872
1.926576737458086
1.9089530289458816
1.8915043662904576
1.8742370119849663
1.857155395298825
1.840261508781333
1.8235545914228775
1.8070311395946344
1.7906852368622173
1.7745091458909914
1.758494069452759
1.742630969900283
1.7269113397365188
1.7113278370872655
1.6958747315134408
1.6805481380784193
1.6653460424884172
1.6502681332507614
1.635315459767471
1.6204899348031854
1.605793704589408
1.5912284265082655
1.5767945235373473
1.5624905198949264
1.5483125914431812
1.534254473479174
1.5203078462307462
1.5064632589210512
1.4927115577637766
1.4790456603483126
1.4654623865680196
1.4519639446948913
1.43855862316265
1.4252603017732317
1.4120866034453043
1.3990558498672039
1.3861833871766678
1.3734781741358009
1.3609406161765312
1.3485623760160925
1.3363283131711252
1.324219977169224
1.3122194931422764
1.3003125181390418
1.288489342280728
1.276744039268733
1.265072480510796
1.2534705747393373
1.2419339712030701
1.2304596737530984
1.2190489118568324
1.207709762334067
1.1964578924252998
1.185314524453235
1.1743019657256213
1.1634381593083762
1.1527321047424741
1.1421815063953251
1.1317729964485204
1.1214843941533605
1.1112881618431403
1.1011554468334706
1.0910603835370796
1.0809842464929447
1.0709186520806702
1.060866827373086
1.0508424692427778
1.0408667728865926
1.0309650610063974
1.0211643299652635
1.011491902865485
1.001974069011354
0.99263319870522
0.9834828863355384
0.974522712118797
0.9657359065937627
0.9570930336026023
0.9485619924361864
0.9401201642091364
0.9317614538796801
0.9234927759264128
0.9153216187007376
0.9072439126539964
0.8992423666389902
0.8912971988478015
0.8834001015714058
0.8755587391744454
0.8677870790295222
0.8600891759961986
0.8524493842726885
0.8448364102748182
0.8372183088910302
0.8295789340063051
0.8219265084394951
0.8142897755061609
0.8067037208669543
0.7991925193103593
0.7917589630538565
0.7843854085142205
0.7770441224634993
0.769710416416615
0.7623725919682984
0.755036170314677
0.7477231073822417
0.7404681625050211
0.7333130949162535
0.7262963204802604
0.7194375011184688
0.7127256697038516
0.7061242685011414
0.6995946736350915
0.6931214131389836
0.6867198639020864
0.6804231809319464
0.674260194623708
0.6682377861681232
0.662334971001368
0.6565091890587748
0.6507100223903444
0.644892951261947
0.6390297450633428
0.6331197603721431
0.6272002186141251
0.6213340946843319
0.6155667374412148
0.6098950066063645
0.6042948127132987
0.5987692689801122
0.593344203230053
0.5880238162660888
0.582777857211667
0.5775662836870505
0.5723506948799004
0.567087240673034
0.5617423627161527
0.5563401488089486
0.5509910322092756
0.5458360719449146
0.5409228469420515
0.5361673595874021
0.5314868729023536
0.5269005489208047
0.5224288679341644
0.5179926792598832
0.5134904030643889
0.5088982363675925
0.5042598004482263
0.4996280954151158
0.4950174435006085
0.4903894285300018
0.48570191009195
0.480978829991138
0.47631246538528726
0.4718010637297215
0.4674864284334271
0.4633119959691694
0.4591632197529134
0.4549978399861915
0.4508660673825154
0.44680032547772675
0.44277647179393964
0.4387476429120598
0.43468688783116577
0.43061942013990073
0.4265931576196078
0.4226487113752693
0.4188045453042348
0.4149824420394119
0.41107177132262857
0.4071433212277358
0.403418015138417
0.39996489354156406
0.396636796867644
0.3933213315241254
0.38996074823863025
0.38643673504838294
0.38266956879256303
0.3787403516758052
0.3748903882841074
0.3712675475614172
0.3678512916242462
0.36456550761590956
0.36135934323781016
0.35816000188398484
0.35480283381928884
0.3513432504659658
0.3479533940840983
0.3446638759677058
0.34156017943381317
0.33859622108908066
0.3356541287044877
0.3328359895257084
0.3301645329561987
0.327365784488427
0.3243297173497023
0.3211753635585332
0.3181163774141847
0.31525500300306053
0.31236919630060694
0.3093759515695922
0.3064072776724191
0.3035379852647998
0.30079468612742816
0.29812842837743303
0.29551393794484115
0.29300138222594063
0.29056643389104114
0.2880790306137868
0.2854382520128827
0.2826056082847506
0.27990661242543785
0.2772460235696617
0.2745478775715278
0.27198185183252277
0.269392300946851
0.26682113335798785
0.26439998743424836
0.2620109380334686
0.2597479483136634
0.2575250132409587
0.2551517933904214
0.2528289483384097
0.25051327773198084
0.24820831867137363
0.2460338517741491
0.24386533049278256
0.24156156282803562
0.23907112789513804
0.23653789295304722
0.23420808962771708
0.23214927926169968
0.23004389220356836
0.22810039570460372
0.22622021322542915
0.22423545184922652
0.22222438690304502
0.22002226635132283
0.21791072698325997
0.21587548365128348
0.2139945604041696
0.21237598170913505
0.21067726134877757
0.20880374638366667
0.20658846531052158
0.20432708606932304
0.2024578964899823
0.20067173586279394
0.19881242833282228
0.19713540516768815
0.19538122472817596
0.19343996719995896
0.19152924230336024
0.1897721327834607
0.18799061144202767
0.18640834120302618
0.18476871765510947
0.18319744767309612
0.1815902633812028
0.17982032675248238
0.1780482242070035
0.17637898226215837
0.17487683513093938
0.17318930688225972
0.17150944989735087
0.16993690653974158
0.1683339636715407
0.16690683254794114
0.16563579071769985
0.16425184008262697
0.16263207178602898
0.16093280638075974
0.1593165794642341
0.15791704951130253
0.15676819446952056
0.15529781829921097
0.1536145224795498
0.15204178184182898
0.150708792168703
0.14951740624121299
0.1482071604840363
0.1468743652095943
0.14540490703625739
0.14406025416414694
0.14262915130275705
0.14140666415438394
0.14013419360907797
0.13873429419051764
0.13740128696595316
0.13637401150408937
0.13531927811001468
0.1338339182058755
0.1325130135451677
0.13151860630233678
0.1303563675331059
0.12907514042571416
0.12791407360899376
0.12672158744949535
0.12549348728756848
0.1241550817330044
0.12303931118649947
0.12211085035925186
0.12084404729765373
0.11979611115504529
0.11852477320963863
0.11757916963785116
