0.08836003458654315
0.08917832154830654
0.090004184239409
0.0908376927314451
0.09167891774366911
0.09252793064600473
0.09338480346813771
0.09424960890217153
0.09512242031190066
0.09600331173759388
0.09689235790096433
0.09778963421386527
0.09869521678238231
0.09960918241387696
0.10053160862477972
0.10146257364445772
0.1024021564240007
0.10335043664149923
0.10430749470916328
0.10527341178008556
0.10624826975452936
0.10723215128709625
0.10822513979377764
0.10922731945832681
0.11023877523963141
0.1112595928786858
0.1122898589058152
0.1133296606473015
0.11437908623398564
0.11543822460614098
0.1165071655234688
0.11758599957067625
0.11867481816670872
0.11977371356946685
0.12088277888706175
0.12200210808250897
0.12313179598252189
0.12427193828609233
0.12542263157147546
0.12658397330383356
0.12775606184452162
0.12893899645781345
0.1301328773202741
0.13133780552756769
0.132553883104998
0.13378121301277862
0.13501989915732346
0.13627004639818843
0.1375317605567843
0.13880514842621172
0.1400903177779112
0.1413873773725142
0.1426964369675006
0.14401760732656615
0.1453510002284531
0.14669672847668125
0.14805490590711368
0.1494256473997578
0.150809068885487
0.1522052873573433
0.15361442087852778
0.15503658859387157
0.156471910737145
0.15792050864262128
0.15938250475451793
0.16085802263551824
0.16234718697906975
0.16385012361730994
0.16536695953200461
0.1668978228655265
0.16844284292971365
0.17000215021716086
0.1715758764115275
0.17316415439762986
0.17476711827288657
0.1763849033572053
0.17801764620438457
0.1796654846123786
0.18132855763467526
0.183007005591833
0.1847009700810538
0.18641059398910473
0.1881360215026705
0.1898773981198178
0.1916348706619322
0.19340858728467847
0.1951986974900158
0.19700535213816342
0.19882870345864523
0.2006689050629288
0.20252611195638037
0.20440048054960322
0.2062921686718876
0.20820133558225132
0.21012814198272195
0.21207275003007445
0.2140353233487761
0.21601602704372885
0.21801502771268955
0.22003249345921272
0.22206859390545472
0.22412350020540758
0.22619738505773795
0.2282904227188043
0.23040278901695746
0.23253466136398757
0.23468621877067494
0.23685764185855257
0.23904911287499717
0.2412608157059263
0.24349293588977486
0.24574566063175488
0.24801917881785027
0.25031368102812684
0.25262935955201127
0.2549664084013207
0.2573250233257847
0.25970540182699847
0.26210774317233093
0.26453224841035394
0.26697912038529864
0.26944856375160114
0.2719407849889464
0.2744559924172971
0.27699439621142746
0.2795562084167643
0.28214164296405636
0.284750915684674
0.2873842443261636
0.2900418485675166
0.292723950034741
0.2954307723163571
0.2981625409792995
0.30091948358418497
0.303701829701665
0.3065098109278961
0.30934366090059834
0.3122036153153232
0.3150899119409398
0.3180027906366127
0.32094249336715197
0.3239092642199897
0.32690334942108595
0.3299249973515625
0.33297445856406754
0.33605198579922896
0.33915783400224236
0.3422922603396611
0.3454555242158544
0.34864788728973833
0.3518696134914412
0.35512096903952356
0.3584022224572125
0.361713644589607
0.3650555086205701
0.36842809008945726
0.37183166690831515
0.37526651937863853
0.3787329302084269
0.38223118452925775
0.3857615699129928
0.3893243763893689
0.39291989646241304
0.3965484251279044
0.4002102598900994
0.40390570077866383
0.40763505036617986
0.4113986137844178
0.4151966987418785
0.4190296155400239
0.42289767709117493
0.4268011989340967
0.4307404992517043
0.43471589888750367
0.4387277213621219
0.4427762928900634
0.44686194239625554
0.45098500153225296
0.45514580469312843
0.4593446890330128
0.46358199448180426
0.46785806376122974
0.4721732424002702
0.47652787875155855
0.4809223240067374
0.4853569322118994
0.4898320602834362
0.49434806802267617
0.49890531813123773
0.5035041762259155
0.5081450108531688
0.5128281935037626
0.5175540986267892
0.5223231036440429
0.5271355889633476
0.5319919379924971
0.5368925371522504
0.5418377758894539
0.5468280466897667
0.5518637450898636
0.5569452696896962
0.5620730221642705
0.5672474072748659
0.5724688328801719
0.5777377099470572
0.5830544525605682
0.5884194779339867
0.5938332064182372
0.5992960615107854
0.604808469864142
0.6103708612938585
0.6159836687862168
0.6216473285049728
0.6273622797979798
0.6331289652029987
0.6389478304529297
0.6448193244805656
0.6507438994226212
0.6567220106230032
0.6627541166357503
0.6688406792266856
0.674982163374909
0.681179037273135
0.687431772327531
0.6937408431564475
0.7001067275885279
0.7065299066598294
0.7130108646101073
0.7195500888779791
0.7261480700954566
0.7328053020810844
0.739522281832338
0.7462995095166911
0.7531374884619048
0.7600367251447233
0.7669977291788728
0.7740210133013992
0.7811070933580121
0.7882564882869585
0.7954697201018327
0.802747313872385
0.8100897977046997
0.8174977027191643
0.824971563027342
0.8325119157071562
0.8401193007762986
0.8477942611641874
0.8555373426819028
0.8633490939907429
0.8712300665684971
0.8791808146740976
0.8872018953101843
0.8952938681837712
0.9034572956646384
0.9116927427418196
0.9200007769776158
0.9283819684596741
0.9368368897503502
0.9453661158339455
0.9539702240613401
0.9626497940921032
0.9714054078339488
0.9802376493795321
0.989147104940419
0.9981343627782328
1.0072000131328613
1.0163446481475695
1.025568861791084
1.0348732497764281
1.044258409476532
1.053724939836295
1.0632734412814064
1.0729045156234345
1.0826187659612199
1.0924167965786713
1.1022992128385485
1.1122666210722199
1.122319628465535
1.1324588429402176
1.1426848730313257
1.15299832775979
1.1633998165009833
1.1738899488481291
1.184469334471177
1.1951385829707615
1.2058983037271616
1.2167491057437905
1.2276915974858456
1.2387263867131852
1.249854080307784
1.2610752840954156
1.2723906026614464
1.2838006391607788
1.2953059951214927
1.3069072702421054
1.3186050621827434
1.3303999663491737
1.34229257567052
1.3542834803696888
1.3663732677270042
1.3785625218362265
1.3908518233534228
1.40324174923801
1.4157328724860943
1.4283257618557779
1.4410209815843067
1.4538190910969175
1.4667206447070562
1.4797261913079196
1.4928362740550571
1.5060514300398045
1.5193721899534458
1.5327990777418816
1.546332610250339
1.559973296858502
1.5737216391051967
1.5875781303027638
1.601543255140989
1.615617489280113
1.629801298932842
1.6440951404351953
1.6584994598058076
1.6730146922936056
1.6876412619136114
1.7023795809705038
1.7172300495699548
1.7321930551172933
1.7472689718034016
1.7624581600775475
1.7777609661069405
1.793177721222729
1.808708741352454
1.8243543264382742
1.8401147598412138
1.8559903077308997
1.8719812184606668
1.8880877219277508
1.9043100289185093
1.92064833043819
1.937102797025256
1.9536735780499968
1.970360800997043
1.9871645707319348
2.0040849687511555
2.0211220524156763
2.038275854167808
2.055546380731044
2.0729336122928355
2.0904375016701575
2.1080579734575147
2.1257949231574957
2.143648216293533
2.1616176875048376
2.1797031396233573
2.1979043427326284
2.216221033208531
2.2346529127417094
2.2531996473417184
2.2718608663228035
2.290636161271284
2.3095250849945033
2.3285271504514085
2.347641829664723
2.3668685526148225
2.38620670611529
2.405655632670379
2.4252146293143673
2.444882946433064
2.464659786567539
2.484544303200381
2.5045355995246754
2.5246327271958933
2.5448346850671983
2.565140417908261
2.5855488151082002
2.6060587093628578
2.6266688753469984
2.6473780283719472
2.668184823029101
2.6890878518200556
2.71008564377385
2.731176663052118
2.7523593075429367
2.7736319074440354
2.7949927238363976
2.8164399472490342
2.837971696216045
2.859586015826946
2.881280876271405
2.903054171379577
2.9249037171593324
2.9468272503316504
2.9688224268657004
2.990886820514975
3.0130179213561896
3.035213134332534
3.057469777802983
3.0797850820996806
3.1021561880951367
3.1245801457813593
3.1470539128630723
3.1695743533671554
3.192138236270759
3.2147422341503655
3.237382921854503
3.2600567752026275
3.2827601697129736
3.3054893793622857
3.32824057538033
3.3510098250823486
3.373793090742654
3.3965862285126356
3.419384987386767
3.4421850082200374
3.4649818228005835
3.487770852981297
3.51054740987442
3.5333066931130275
3.5560437901837516
3.5787536758349154
3.601431211564521
3.6240711451926733
3.6466681105230068
3.6692166270979203
3.6917111000524474
3.7141458200717965
3.73651496345755
3.758812592307739
3.7810326548160496
3.8031689856955038
3.8252153067320056
3.8471652274733086
3.869012246058895
3.8907497501964383
3.9123710182904907
3.9338692207290187
3.9552374213336714
3.97646857897928
3.997555549388555
4.018491087107485
4.039267847667271
4.0598783899383095
4.080315178681893
4.100570587305049
4.120636900823915
4.14050631904093
4.160170959940955
4.179622863311243
4.198853994590083
4.217856248948623
4.236621455610164
4.2551413824110345
4.273407740606697
4.291412189926621
4.309146343880827
4.326601775320954
4.343770022257988
4.360642593938471
4.3772109771805745
4.3934666429707425
4.409401053321208
4.425005668388011
4.440271953848519
4.45519138853681
4.469755472334565
4.4839557343143746
4.497783741131559
4.511231105659836
4.524289495865279
4.53695064391213
4.549206355493091
4.561048519375826
4.572469117156288
4.5834602332085925
4.594014064820051
4.604122932498855
4.613779290440879
4.6229757371409
4.631705026132364
4.639960076838714
4.647733985518098
4.655020036282069
4.661811712167769
4.668102706241815
4.673886932713027
4.67915853802988
4.68391191193748
4.688141698467719
4.691842806835164
4.695010422210223
4.697640016340044
4.699727357986767
4.701268523151737
4.702259905053583
4.702698223827204
4.702580535910182
4.701904243082468
4.7006671011248
4.698867228060998
4.696503111948972
4.6935736181853125
4.690077996288343
4.686015886124701
4.681387323544981
4.676192745394408
4.670432993865312
4.664109320159052
4.657223387426113
4.649777272954411
4.6417734695773705
4.6332148862749065
4.624104847942554
4.614447094305912
4.604245777960003
4.593505461515708
4.582231113838105
4.570428105364586
4.558102202493722
4.545259561039283
4.531906718747245
4.5180505868774645
4.503698440855497
4.488857910004098
4.473536966368103
4.457743912650697
4.44148736928341
4.42477626065665
4.40761980054211
4.390027476742873
4.372009035011531
4.353574462281229
4.33473396925884
4.315497972433863
4.295877075560861
4.275882050677222
4.255523818721943
4.234813429824648
4.213762043337501
4.192380907685642
4.170681340114463
4.14867470641445
4.126372400706198
4.103785825369672
4.080926371202933
4.057805397896003
4.034434214905605
4.010824062816087
3.9869860952706992
3.9629313615559
3.9386707899190623
3.914215171697333
3.8895751463319557
3.8647611873384697
3.839783589298747
3.8146524559357493
3.7893776893262485
3.763968980300731
3.7384358000730327
3.7127873931351347
3.687032771445172
3.6611807099287015
3.6352397433050543
3.609218164242164
3.5831240228343777
3.556965127388906
3.530749046497422
3.504483112360282
3.4781744253216766
3.45182985956498
3.425456069908774
3.3990594996353245
3.372646389274964
3.3462227862619716
3.319794555370039
3.293367389828496
3.26694682301432
3.240538240609342
3.214146893107412
3.1877779085524627
3.1614363053856165
3.1351270052776994
3.108854845822863
3.0826245929696494
3.056440953067603
3.0303085844106317
3.0042321081628525
2.9782161185584033
2.9522651922738596
2.926383896880445
2.900576798292934
2.8748484671431678
2.849203484018147
2.823646443515801
2.798181957085313
2.7728146546333656
2.747549184892558
2.722390214563125
2.6973424262538535
2.67241051526242
2.647599185248769
2.62291314286743
2.598357091435592
2.573935723722664
2.549653713954107
2.5255157091268927
2.501526319736188
2.4776901100123987
2.4540115877646604
2.4304951939214514
2.407145291851096
2.3839661565352075
2.3609619636569086
2.3381367786534804
2.31549454577073
2.293039077144724
2.270774041926208
2.2487029554553013
2.2268291684895614
2.205155856488375
2.183686008961405
2.162422418899278
2.1413676723211648
2.120524137996347
2.099893957424989
2.0794790351964636
2.0592810298801627
2.039301345642162
2.0195411248189385
2.000001241713546
1.9806822979070613
1.9615846193947357
1.942708255858547
1.924052982371448
1.9056183037903338
1.887403462031554
1.8694074463327304
1.8516290064873704
1.834066668895747
1.8167187551102293
1.7995834023720654
1.7826585854484112
1.765942138894667
1.7494317787022193
1.7331251221614434
1.717019704691457
1.7011129923788566
1.6854023890429681
1.6698852368174109
1.6545588095139732
1.6394202984150252
1.6244667906162227
1.6096952405932499
1.595102436265589
1.5806849614375382
1.5664391570638598
1.552361084261322
1.5384464923129948
1.52469079503841
1.5110890587885157
1.4976360049444697
1.4843260291504812
1.4711532386154687
1.4581115077269133
1.445194551010312
1.432396011238627
1.4197095593617084
1.4071290020015403
1.3946483916490533
1.3822621344793167
1.3699650909108365
1.3577526646575786
1.3456208769909188
1.3335664241232197
1.321586716886271
1.3096799030283035
1.297844873322089
1.2860812531301784
1.2743893810427425
1.2627702757061643
1.2512255911088914
1.2397575595859627
1.228368920910346
1.2170628353467001
1.2058427787117723
1.194712418491328
1.1836754719468277
1.1727355497778047
1.1618959919818934
1.1511597056130534
1.1405290166195836
1.1300055492700958
1.1195901463540998
1.1092828410654452
1.0990828872041745
1.088988848354671
1.0789987396404934
1.069110208436532
1.0593207341484712
1.0496278230053997
1.0400291727735258
1.0305227850692178
1.0211070096831338
1.0117805155072888
1.002542195032908
0.9933910220341514
0.9843258925843884
0.9753454854932468
0.9664481775537066
0.9576320405968902
0.9488949317271762
0.9402346675140018
0.931649251321233
0.9231371054566168
0.9146972515681928
0.9063293874967399
0.8980338276629012
0.8898113043820199
0.8816626628654692
0.8735885140406009
0.8655889272186816
0.8576632419981991
0.8498100536545596
0.842027383324343
0.8343129944527362
0.8266647747247623
0.8190810817627372
0.8115609594225549
0.8041041687200885
0.7967110327488944
0.7893821510513772
0.7821180772675216
0.774919061489248
0.7677849330862458
0.7607151500503201
0.7537089846820174
0.7467657718539601
0.7398851285509565
0.7330670650226774
0.7263119417083073
0.7196202697184411
0.7129923947084623
0.7064281383313862
0.6999264966383096
0.693485508885107
0.6871024052493269
0.6807741033864438
0.6744980383574087
0.6682731810932777
0.6621009593302399
0.6559857036460157
0.6499342713840707
0.6439546966409405
0.6380540521729624
0.6322360829477613
0.6264994173285695
0.6208371269085176
0.6152380309820662
0.609689519711613
0.6041810353379418
0.5987069884438909
0.5932679974760419
0.5878699288813823
0.582521065118035
0.5772284857976581
0.5719950842758051
0.5668184040774108
0.5616917556165837
0.5566071534102991
0.5515588654330108
0.5465460928720987
0.5415736259732321
0.5366501419447469
0.5317848017907642
0.5269835373042708
0.5222465512321828
0.5175680051990336
0.512937900562972
0.5083452385544941
0.5037811056932213
0.49924053600195506
0.4947227131850214
0.4902299423965877
0.48576640292405426
0.48133759841481594
0.47695055471779946
0.4726136788931413
0.46833483075061433
0.46411737087597793
0.4599561934068947
0.4558370075680058
0.45174056421501363
0.4476497655118309
0.443554969619271
0.4394542980253754
0.4353504227088219
0.43124847309471503
0.4271577427377468
0.4230946531366322
0.419081747732476
0.4151406713084228
0.4112830539571107
0.40750581715700923
0.40379412486099714
0.40012938678523036
0.3964966676221913
0.39288772368628827
0.38930038044289217
0.3857375961858061
0.3822075562398307
0.378721869406063
0.3752887126864734
0.37190410874602836
0.36855013830625083
0.3652041790821569
0.361851364286097
0.35848893054448316
0.3551225398374723
0.35176547242077133
0.34844424824333986
0.3451977292638803
0.34205795163544095
0.33902441802312244
0.3360589882119091
0.3331110019762933
0.33015059816955433
0.3271813008783724
0.3242266497321618
0.3213080931508077
0.31843040022722835
0.3155788593785195
0.312728049013378
0.3098611939226726
0.30698967653671055
0.3041520353696246
0.30138412385592456
0.29868522333973585
0.2960173510659786
0.29334097513431107
0.2906487831294081
0.2879641066880312
0.28531302365482886
0.2827030587616812
0.28012320422265674
0.2775544120738677
0.2749799915265668
0.2723933196930719
0.2697972521000006
0.26719766059487876
0.2646067139647516
0.26205224892660445
0.2595666119664028
0.25715789866676436
0.25480767542782506
0.25250699425305767
0.25027395637515937
0.24811737314493196
0.24600268607953876
0.2438778216776473
0.24171814101540864
0.23952916200976235
0.23733121418319852
0.2351521390104062
0.23300467722915771
0.23087255961746508
0.22872636321975015
0.2265454393624797
0.22434470318338395
0.2221768939900821
0.22010394745228928
0.2181711542234333
0.21636427357933877
0.21459779212335744
0.21279040303289687
0.2109110084745326
0.20894262110065764
0.20687561035937874
0.20474102171779815
0.20262982692081716
0.20065010098103425
0.19882481093141388
0.19708676700729047
0.1953656795912996
0.19362811972227378
0.19187147804192262
0.1900964137845644
0.18833437689526997
0.18665408293021782
0.18506474294216177
0.18349661515614887
0.18187930540362704
0.18024049616166626
0.178636175782826
0.17701390187304464
0.17535126162187
0.17370849026698143
0.17210279717010563
0.1705154086472578
0.16888675069601725
0.16721270116502202
0.16557812871913152
0.16403538006427784
0.16257769758741328
0.16117814675148293
0.15977719820645908
0.15829204984080428
0.1567348808343486
0.1552774655873076
0.15396738820960038
0.15270476798618632
0.1514072703743762
0.15002721855235077
0.14866825036930284
0.14735958058867732
0.14598230855841324
0.1445191914903405
0.1430580262950341
0.14164547211516462
0.14023339159012788
0.13891192736495728
0.13775371762783195
0.13657754998628602
0.13529327613264427
0.13405673172429555
0.13287120954888235
0.13163737551412674
0.13036492942786865
0.1290687330654478
0.12785168136704195
0.12673449410034213
0.12560365526955253
0.12451066356188753
0.12343812954025582
0.12234233912591178
0.12124189588510179
0.12011937976730713
0.11896215549400273
0.1178610007899497
0.1167736459951394
0.11573954886643964
0.11477431135237452
0.11372914504605311
0.11258628488335345
0.11147826925319425
0.11043557781910301
0.10944353687481229
0.10839581758443029
0.10748863785522461
0.10667298763656181
0.10564793019004766
0.10453065791559642
0.10359110395581285
0.10271627379393224
0.10174221703430023
0.10084895122163792
0.09987966218968879
0.09897743663027717
0.09813450550728944
0.09728561029769658
0.09643183352662982
0.09542516007239583
0.09433812466978364
0.09356429251200965
0.09295434843490373
0.09224753030108485
0.09140339875964146
0.09048273517204374
0.08961106216454937
0.08874541535502391
0.08793195769536255
0.08709792235260973
0.08620103094959009
0.0854037533084434
0.084589438727676
0.08382001082053844
0.08321222439868618
0.08251297873200611
0.0817803393054473
0.08106440470244178
0.08022520644747878
0.07951581453452668
0.07868857995873327
0.07783773884770474
0.0772379123246841
0.07662877794401715
0.07583424645317974
0.0751436667407897
0.07441671247801171
0.07376166586619654
0.07317038115890247
0.0725234041853236
0.07177804380029075
0.07106727101755847
0.07054917584616223
0.06993794647467579
0.06918868110756278
0.06844174482213392
0.06798410902654362
0.06740181431522523
0.06664061561695853
