0.212724934180386
0.21469478259210478
0.2166828634096478
0.21868934514684965
0.2207143978690096
0.2227581932060324
0.22482090436736146
0.2269027061551142
0.22900377497951918
0.2311242888725998
0.23326442750557863
0.23542437219885987
0.2376043059414549
0.23980441340381642
0.24202488095386498
0.24426589667137197
0.24652765036539684
0.24881033358713622
0.2511141396484039
0.2534392636355324
0.25578590242665217
0.25815425470685355
0.26054452098511405
0.26295690361027396
0.2653916067885123
0.2678488365992426
0.2703288010115928
0.2728317099026454
0.27535777507331327
0.2779072102668563
0.28048023118497734
0.2830770555061502
0.2856979029026823
0.28834299506125843
0.291012555696177
0.29370681057138226
0.2964259875166529
0.2991703164488689
0.30194002938632797
0.30473536047211314
0.3075565459884174
0.31040382437973923
0.3132774362693524
0.3161776244797927
0.3191046340531237
0.32205871226809246
0.3250401086640485
0.3280490750555636
0.3310858655582159
0.3341507366051777
0.3372439469689772
0.34036575778135203
0.3435164325567085
0.3466962372088198
0.3499054400758824
0.3531443119402323
0.35641312604813435
0.3597121581358301
0.36304168644654494
0.36640199175519067
0.36979335739065483
0.37321606925690864
0.37667041585497957
0.3801566883084853
0.383675180383893
0.3872261885133
0.3908100118196344
0.3944269521386994
0.3980773140426643
0.40176140486400863
0.4054795347200076
0.409232016535445
0.41301916606734107
0.4168413019303142
0.4206987456199447
0.4245918215378262
0.42852085701643905
0.4324861823450759
0.43648813079345194
0.44052703863896586
0.44460324519014166
0.44871709281581146
0.4528689269666373
0.4570590962048795
0.4612879522289164
0.4655558499004276
0.4698631472705737
0.474210205607573
0.47859738942229485
0.48302506649725163
0.48749360791174007
0.49200338807220606
0.4965547847370856
0.5011481790465686
0.5057839555494209
0.510462502232215
0.5151842105469902
0.5199494754397337
0.524758695379106
0.5296122723864912
0.5345106120630877
0.5394541236199842
0.544443219907795
0.5494783174454133
0.5545598364505298
0.5596882008686356
0.564863838403411
0.5700871805464091
0.5753586626077702
0.5806787237465191
0.586047807001206
0.591466359319247
0.5969348315899385
0.6024536786737856
0.608023359434532
0.6136443367689925
0.6193170776401882
0.6250420531074049
0.6308197383584417
0.6366506127409298
0.6425351597943926
0.6484738672817483
0.6544672272222699
0.6605157359220937
0.6666198940078659
0.6727802064586258
0.6789971826374089
0.6852713363248917
0.6916031857511578
0.6979932536277917
0.7044420671823283
0.7109501581887647
0.717518063001915
0.7241463225891546
0.7308354825645177
0.7375860932198653
0.7443987095592722
0.751273891330714
0.7582122030601814
0.7652142140835263
0.7722804985799971
0.7794116356048323
0.7866082091222043
0.7938708080377084
0.8012000262317127
0.8085964625916209
0.8160607210443099
0.8235934105896987
0.8311951453317766
0.8388665445121367
0.8466082325414568
0.8544208390319488
0.8623049988297076
0.8702613520457899
0.8782905440881968
0.8863932256935434
0.8945700529584807
0.9028216873699828
0.9111487958370162
0.9195520507210704
0.9280321298657308
0.9365897166279588
0.9452254999067798
0.9539401741736264
0.9627344395008562
0.9716090015908404
0.9805645718045229
0.9896018671889656
0.9987216105055737
1.0079245302568507
1.0172113607135116
1.0265828419403351
1.0360397198220401
1.0455827460888623
1.0552126783405298
1.0649302800712313
1.0747363206923022
1.0846315755555322
1.0946168259750857
1.1046928592492065
1.1148604686807941
1.1251204535974066
1.1354736193708859
1.1459207774346931
1.1564627453029332
1.1671003465853844
1.1778344110048073
1.1886657744100584
1.1995952787911575
1.2106237722912294
1.2217521092180255
1.2329811500549044
1.2443117614698935
1.2557448163234453
1.2672811936754393
1.2789217787909053
1.2906674631436332
1.3025191444193716
1.3144777265168068
1.326544119547247
1.338719239833154
1.3510040099037453
1.3633993584912156
1.3759062205226285
1.388525537111771
1.4012582555484931
1.4141053292859982
1.4270677179268765
1.440146387205812
1.4533423089712951
1.4666564611646271
1.4800898277969499
1.4936433989232007
1.5073181706143721
1.5211151449271483
1.5350353298706108
1.5490797393704858
1.563249393230719
1.5775453170919649
1.5919685423870102
1.6065201062939347
1.6212010516850808
1.6360124270736796
1.6509552865563202
1.6660306897528552
1.681239701742083
1.6965833929940402
1.7120628392985573
1.7276791216899319
1.7434333263675585
1.7593265446121926
1.775359872698726
1.791534411803579
1.807851267908447
1.8243115516990016
1.8409163784588458
1.8576668679588086
1.8745641443407366
1.8916093359967532
1.908803575442248
1.9261479991845905
1.943643747585005
1.9612919647153029
1.979093798208442
1.9970503991030453
2.015162921681305
2.03343252330112
2.0518603642202327
2.0704476074151326
2.0891954183914176
2.1081049649879953
2.1271774171731974
2.14641394683358
2.1658157275546492
2.185383934393793
2.205119743644475
2.2250243325926573
2.2450988792635793
2.2653445621603963
2.2857625599930382
2.3063540513981815
2.32712021464895
2.34806222735504
2.369181266152761
2.39047850638439
2.411955121766715
2.4336122840490417
2.455451162659517
2.4774729243401583
2.499678732769855
2.522069748175545
2.544647126930621
2.567412021140843
2.590365578217242
2.613508940435442
2.636843244481745
2.6603696209846155
2.684089194032499
2.7080030806763977
2.732112390418078
2.756418224682148
2.7809216762731968
2.805623828816309
2.8305257561816197
2.8556285218916537
2.8809331785116545
2.9064407670226067
2.932152316176116
2.9580688418306744
2.984191346269874
3.010520817500958
3.0370582285342156
3.0638045366419866
3.090760682598042
3.1179275898955163
3.145306163944104
3.1728972912453846
3.2007018385464328
3.228720651970741
3.2569545561263076
3.285404353190386
3.314070821970594
3.342954716941779
3.3720567672581385
3.4013776757403984
3.4309181178373365
3.4606787405616384
3.490660161398912
3.5208629671902187
3.5512877129871336
3.5819349208792057
3.612805078793141
3.6438986392635377
3.6752160181743863
3.706757593471425
3.738523703844316
3.7705146473790543
3.8027306801789442
3.8351720149553095
3.8678388195862223
3.9007312156436185
3.933849276888219
3.967193027731825
4.000762441666864
4.0345574396625095
4.068577888527604
4.1028235992394615
4.1372943252387895
4.171989760690232
4.206909538708363
4.242053229548927
4.277420338765075
4.313010305328517
4.348822499715611
4.384856221957909
4.421110699657494
4.457585085966764
4.494278457532984
4.53118981240742
4.568318067919065
4.6056620585136665
4.643220533557283
4.680992155105562
4.718975495638351
4.7571690357603025
4.795571161867812
4.834180163782702
4.872994232353058
4.912011457022082
4.951229823365527
4.9906472105980635
5.030261389049982
5.070070017614742
5.110070641168393
5.150260687961939
5.1906374669878454
5.231198165321865
5.271939845441573
5.312859442523007
5.353953761716978
5.3952194754067735
5.4366531204489155
5.478251095399107
5.520009657725002
5.561924921008398
5.60399285213882
5.646209268501084
5.688569835159409
5.731070062040649
5.773705301119744
5.8164707436103145
5.859361417163515
5.902372183078735
5.945497733529344
5.988732588807629
6.032071094592469
6.075507419243968
6.119035551129258
6.162649295984136
6.206342274314921
6.250107918845624
6.293939472015365
6.337829983531539
6.381772307983931
6.425759102525758
6.469782824627576
6.51383572991006
6.557909870062197
6.601997090851472
6.646089030232908
6.690177116564174
6.734252566933741
6.778306385610143
6.822329362619649
6.866312072460722
6.910244872963255
6.954117904301342
6.9979210881678915
7.041644127120498
7.085276504107157
7.128807482181673
7.1722261044179945
7.215521194033218
7.258681354729459
7.301694971264263
7.344550210260275
7.3872350212642
7.429737138065869
7.472044080287965
7.514143155257128
7.556021460167549
7.597665884547671
7.639063113041172
7.680199628513285
7.72106171549322
7.761635463963827
7.801906773509468
7.84186135783262
7.881484749650346
7.920762305980689
7.959679213829759
7.9982204962893215
8.03637101905484
8.074115497373585
8.111438503431726
8.148324474189378
8.18475771967177
8.220722431724337
8.256202693238937
8.291182487857803
8.325645710161059
8.359576176343062
8.39295763538193
8.425773780705615
8.45800826235733
8.489644699661687
8.520666694392204
8.551057844439486
8.58080175797834
8.609882068130657
8.638282448119709
8.665986626909898
8.69297840532486
8.719241672634782
8.744760423602612
8.76951877597695
8.793500988417623
8.816691478838216
8.839074843147944
8.860635874373248
8.881359582137502
8.901231212475354
8.920236267955802
8.938360528086292
8.955590069967808
8.971911289168716
8.987310920782972
9.001776060636065
9.015294186599798
9.027853179974807
9.039441346897542
9.050047439726166
9.059660678357814
9.068270771427331
9.075867937335884
9.082442925055618
9.087987034654745
9.092492137485749
9.095950695977669
9.09835578297194
9.099701100539875
9.099980998218793
9.099190490602611
9.097325274222065
9.094381743649066
9.090357006759346
9.085248899087441
9.079055997208245
9.071777631079753
9.063413895282464
9.053965659091821
9.043434575321578
9.031823087877608
9.019134437963809
9.005372668884112
8.990542629387456
8.97464997550573
8.957701170838192
8.939703485239873
8.920664991875723
8.900594562606853
8.879501861680469
8.857397337700284
8.834292213860042
8.810198476428855
8.785128861483484
8.759096839889251
8.73211660053838
8.704203031861617
8.675371701636513
8.645638835123064
8.61502129156544
8.583536539105966
8.551202628165548
8.518038163352486
8.484062273969322
8.449294583195037
8.41375517602745
8.377464566077734
8.34044366131616
8.302713728874586
8.26429635901758
8.225213428399773
8.185487062732221
8.145139598985415
8.104193547260412
8.06267155246309
8.02059635591913
7.977990757069269
7.934877575385343
7.891279612648084
7.847219615726855
7.802720240000169
7.757804013553325
7.712493302286405
7.666810276061572
7.620776876013598
7.574414783141722
7.527745388294133
7.4807897636488025
7.433568635786244
7.386102360440642
7.338410899006196
7.2905137968654135
7.2424301635952775
7.194178655096137
7.145777457676711
7.097244274116921
7.048596311718456
6.999850272340941
6.951022344409963
6.902128196871397
6.853182975054949
6.804201298399028
6.755197259978153
6.706184427764149
6.657175847543
6.608184047400369
6.559221043681064
6.510298348320567
6.46142697744083
6.412617461097503
6.363879854061691
6.3152237475167805
6.266658281549086
6.21819215831062
6.169833655733305
6.121590641675787
6.073470588387363
6.025480587178148
5.977627363190195
5.929917290171226
5.8823564051606985
5.834950423006908
5.787704750643974
5.74062450106839
5.693714506966666
5.646979333957903
5.600423293427956
5.554050454945302
5.507864658261983
5.461869524916454
5.416068469468514
5.3704647104091485
5.325061280800229
5.279861038710325
5.23486667752273
5.190080736200409
5.1455056095993426
5.101143558926488
5.056996722441043
5.013067126497423
4.9693566970254945
4.925867271537345
4.882600611740367
4.8395584168235875
4.7967423374673706
4.754153990606308
4.711794974951125
4.6696668872475655
4.627771339219247
4.58610997510709
4.544684489681142
4.503496646561478
4.462548296644427
4.421841396389543
4.381378025682162
4.341160404947614
4.301190911157371
4.261472092335827
4.222006680150761
4.18279760015248
4.14384797921741
4.105161149753685
4.066740650240109
4.028590221697913
3.990713799737559
3.953115501882288
3.9157996099466774
3.8787705473423593
3.8420328512944883
3.805591140080383
3.7694500755443343
3.7336143212971553
3.698088497172065
3.662877130674275
3.6279846063244965
3.5934151139482426
3.5591725970949697
3.5252607028737764
3.4916827345558414
3.458441608308251
3.4255398153804584
3.39297939095672
3.360761890711645
3.328888375861258
3.297359407193582
3.266175048200816
3.235334877034721
3.2048380065889748
3.1746831116014045
3.1448684612933677
3.1153919557513485
3.0862511640343784
3.05744336188343
3.0289655669316313
3.0008145694753017
2.9729869571634167
2.9454791323842393
2.918287321650321
2.8914075768755643
2.864835769063112
2.838567575539891
2.8125984624415103
2.786923664630743
2.7615381655896734
2.736436680030616
2.711613642001829
2.68706320110498
2.6627792290843706
2.638755338493704
2.614984914406806
2.59146115924122
2.568177149754469
2.5451259042206953
2.522300456793687
2.4996939352250296
2.4772996375592022
2.4551111032934276
2.4331221748646583
2.4113270462531053
2.3897202969358817
2.368296911253456
2.347052285229685
2.3259822246880564
2.305082939756384
2.2843510411842294
2.263783543036829
2.2433778741782247
2.2231318976673693
2.2030439332093783
2.183112773857144
2.1633376851752484
2.1437183740393464
2.1242549159712665
2.104947634827227
2.0857969365739186
2.0668031088658885
2.0479661084980494
2.029285367321181
2.0107596514842094
1.9923870068855936
1.974164814418271
1.9560899623811847
1.938159122425372
1.9203690933160895
1.9027171583632738
1.8852013924058968
1.8678208564235137
1.8505756336440669
1.8334666888838493
1.8164955681610426
1.7996639913172459
1.7829734183894947
1.7664246835479063
1.7500177839795703
1.733751884654307
1.7176255575394976
1.7016372236638357
1.6857857190520138
1.6700708717284123
1.654493965154149
1.6390579775893386
1.6237675252413672
1.6086284923318759
1.5936473919079617
1.5788305543447934
1.5641832747123394
1.5497090586963922
1.5354090888999148
1.521281994390794
1.507323955588684
1.4935291242404174
1.4798902926028663
1.4663997117242245
1.4530499372632402
1.4398345725654027
1.426748783645578
1.413789482541827
1.4009551188248648
1.3882450863614877
1.3756588390335045
1.3631948989338392
1.3508500061508448
1.3386186686388648
1.3264933010575126
1.3144649951709984
1.302524778236978
1.2906650545584366
1.2788808565431318
1.2671705905924395
1.2555361282887103
1.2439822907006668
1.2325159152204663
1.2211447304054137
1.2098762141189259
1.1987165456900946
1.1876697506911358
1.1767371814237269
1.1659175087495546
1.155207333518426
1.1446023322123693
1.1340986108846973
1.1236938022577225
1.1133875191536489
1.1031810634357067
1.093076634513547
1.083076484567681
1.0731824080634151
1.0633956726418579
1.053717174997216
1.0441474369604553
1.0346861428365899
1.0253312158966403
1.0160777922981379
1.0069176867792229
0.997839884214589
0.9888321579370363
0.9798832486834588
0.9709845424622808
0.9621303369527692
0.9533167030632135
0.9445400955124545
0.9357973054287786
0.9270874978032713
0.9184153507375629
0.9097929730578291
0.9012385046447844
0.8927712194677917
0.8844053695908736
0.8761461851617907
0.8679903575959788
0.8599305911462095
0.8519613701628869
0.844082755397309
0.8363008572577809
0.8286258580997556
0.8210691446267259
0.8136401290411909
0.8063423836491701
0.7991692436215891
0.792100483028346
0.7851023694516855
0.7781328237240123
0.7711520846539265
0.7641367512685189
0.757090881936616
0.7500454420997963
0.7430426870361475
0.7361140290817422
0.7292671248275242
0.7224907712807914
0.7157709104695469
0.7091037361385061
0.7024987601064303
0.6959750592263542
0.6895556225568059
0.6832595874951477
0.6770907924685476
0.6710271079570655
0.6650209836024888
0.659017798761882
0.6529838286521917
0.6469238317908105
0.6408760761556733
0.634892738846163
0.6290199998734867
0.6232820662407794
0.6176706706675793
0.6121493220603639
0.6066759248220744
0.60122696259737
0.595800648097106
0.5903971137415635
0.5849989477452897
0.5795791967907623
0.5741352363405025
0.5687094063626678
0.5633654993617143
0.55814230905786
0.5530290452337215
0.5479820580973245
0.5429686327965078
0.5379989275976538
0.5331100986826249
0.5283166384091468
0.5235879622939534
0.5188868102505424
0.5142223505538107
0.5096429379812126
0.5051681046586641
0.5007502206295312
0.49631978377805713
0.4918461108232043
0.4873411339238375
0.48283641707059116
0.47837059461243225
0.4739647316154421
0.4695951317510301
0.4652162264532463
0.4608187574632835
0.45644197777452605
0.45212715513851665
0.4478919125004815
0.4437399412328611
0.43965592574044493
0.43561058204099395
0.4315894813186478
0.42759380534570435
0.4236242096799047
0.41968684240840815
0.41579158654512555
0.4119565504146264
0.40822796811187173
0.4046290914637105
0.40110657454595083
0.39757658245872435
0.3940029270260205
0.3904105860371633
0.38685476055522217
0.38340295437413924
0.3800422746536232
0.3766736014662248
0.37324174074200467
0.36978074519421456
0.366362832971455
0.3629997163366313
0.3596471094562833
0.35625014095258684
0.35280624576732816
0.349410334494717
0.3461263621335832
0.3429514996298158
0.33989075319739404
0.33687027651216805
0.3337645328825912
0.3305968971124094
0.3274421952959557
0.3243570340916182
0.3213864872737965
0.3185115300788889
0.315666922212852
0.3128250167605876
0.30996390979933386
0.30704294923789277
0.30417273920579063
0.30144704459992794
0.2988379243944763
0.29621156401337656
0.2934806533505127
0.2907328183540609
0.2879754010463602
0.285273230338067
0.2826955659431599
0.2801272963638246
0.2775791235983632
0.27511080454036974
0.27269787774491083
0.27030736646545106
0.2678334320028453
0.2652629081943568
0.2627694020255708
0.2603332855677206
0.2578809729094517
0.255456674018182
0.25311597965982174
0.25080571929803624
0.24854258336701004
0.24635975892129608
0.24409899944104776
0.2418356578510748
0.2396949943236832
0.23751736195791884
0.235356125817009
0.2332090036327813
0.23096681904345492
0.2287276689001611
0.2265224225052364
0.22447484052261948
0.22269766476375694
0.22088391703984175
0.21897981735709718
0.21689669992621333
0.21473238028479946
0.21261434245307523
0.21062771327978086
0.20868056202896598
0.20672748395303503
0.20484169319188306
0.20297790303592278
0.20114222589894068
0.19936572280672857
0.19758596695047387
0.19584308167594017
0.1940247402827127
0.19207645232804973
0.19026110753715414
0.18861334478933592
0.1869492724934513
0.18503709262822382
0.18321913008844357
0.18157227631274903
0.18003782837651372
0.17851176169939334
0.17686604851389529
0.1751900761769401
0.17351255103350907
0.17206184364757246
0.1706230359561873
0.16895766519576483
0.16730986774119563
0.16573230776307443
0.16418367699692654
0.16270310726089895
0.1612645021893662
0.15982885883031933
0.158429876648447
0.15712249410649473
0.15561396131100166
0.154063152053571
0.1527609484122041
0.15139209462981998
0.15002298604286265
0.14860046212116584
0.1471449645273777
0.14572637318298376
0.14433981978143412
0.14319851925570914
0.14192293760891966
0.14041246414493658
0.13900644771465048
0.13782902176748182
0.13671906709205342
0.13553483977661362
0.13424844646031367
0.13323473103520891
0.13186351641007857
0.13061937369817714
0.1294113700335788
0.12814618838421904
0.12694141815585597
0.1258919226133268
0.12477294515843053
0.123531669843591
0.1224701024035198
0.1213470604924546
0.12020444797281891
0.11909842316839929
0.11789525436444413
0.11679655504423656
0.11579722781625561
0.11479354849240403
0.11369995809891544
0.1126449847680795
0.11167873661116826
0.1106572859637349
0.10973062943418838
0.10888087430042359
0.10779108843185961
