0.33683914841784446
0.3399581078712748
0.34310593020973884
0.3462828820529968
0.34948923246521924
0.35272525298494406
0.35599121764924857
0.35928740300143946
0.36261408813210133
0.36597155469311293
0.3693600869142926
0.37277997164234417
0.3762314983517873
0.379714959172737
0.38323064891455405
0.38677886508925763
0.39035990793753106
0.39397408045447696
0.3976216884067642
0.40130304036889786
0.40501844773725254
0.4087682247590353
0.4125526885680137
0.41637215918995624
0.4202269595904897
0.4241174156808871
0.42804385636133585
0.4320066135375489
0.43600602215083234
0.4400424202053936
0.4441161487931822
0.4482275521261614
0.4523769775568669
0.4565647756129992
0.46079130002384555
0.4650569077447992
0.46936195899050936
0.4737068172613045
0.4780918493733936
0.48251742548946097
0.4869839191440324
0.4914917072752146
0.496041170256905
0.5006326919255079
0.5052666596141043
0.5099434641782665
0.5146635000311589
0.5194271651743543
0.524234861224529
0.5290869934532793
0.5339839708094214
0.5389262059606358
0.5439141153189063
0.5489481190735326
0.554028641229076
0.5591561096326977
0.564330956012302
0.5695536160056603
0.5748245291964379
0.5801441391502443
0.5855128934436042
0.5909312437025358
0.5963996456385193
0.6019185590787763
0.60748844800581
0.6131097805912861
0.6187830292303302
0.6245086705814801
0.6302871855973067
0.6361190595678236
0.6420047821497562
0.6479448474120869
0.6539397538630548
0.6599900044978962
0.6660961068274494
0.6722585729264062
0.6784779194596207
0.6847546677295508
0.691089343712001
0.6974824780952289
0.7039346063172756
0.7104462686087732
0.7170180100316079
0.7236503805157364
0.7303439349045638
0.7370992329899575
0.7439168395563963
0.750797324421919
0.7577412624760811
0.7647492337248936
0.7718218233285944
0.7789596216491174
0.7861632242832761
0.7934332321139798
0.8007702513473809
0.8081748935566353
0.8156477757242622
0.8231895202856698
0.8308007551729265
0.8384821138578908
0.8462342353936854
0.8540577644623598
0.8619533514145967
0.8699216523170478
0.8779633289955339
0.8860790490779618
0.8942694860428703
0.9025353192605858
0.9108772340395209
0.9192959216716825
0.9277920794757271
0.9363664108463626
0.9450196252960521
0.9537524385025414
0.9625655723538927
0.971459754995599
0.9804357208750525
0.9894942107874888
0.9986359719235086
1.007861757914359
1.0171723288786876
1.026568451467761
1.036050898912917
1.0456204510729632
1.0552778944776857
1.065024022377044
1.074859634786124
1.0847855385324896
1.0948025473016678
1.1049114816845331
1.1151131692222966
1.125408444455517
1.135798148966932
1.1462831314294204
1.1568642476521327
1.1675423606270157
1.1783183405717532
1.189193064979023
1.200167418658978
1.211242293786776
1.2224185899463476
1.2336972141762057
1.2450790810123127
1.2565651125351012
1.2681562384103218
1.2798533959359242
1.291657530083795
1.303569593543768
1.3155905467645586
1.3277213579983431
1.3399630033404055
1.3523164667728587
1.3647827402049715
1.377362823512145
1.39005772457782
1.402868459330645
1.4157960517865138
1.4288415340830263
1.4420059465200126
1.4552903375937716
1.468695764035847
1.482223290846518
1.4958739913291443
1.509648947125299
1.5235492482462634
1.5375759931055804
1.5517302885499982
1.5660132498891248
1.580426000923619
1.5949696739761092
1.6096454099132436
1.6244543581742104
1.6393976767953462
1.6544765324313186
1.6696921003775238
1.6850455645900417
1.7005381177058267
1.7161709610585638
1.7319453046941473
1.7478623673858835
1.7639233766478983
1.7801295687420406
1.7964821886911533
1.8129824902837235
1.829631736078625
1.8464311974094942
1.8633821543855764
1.8804858958889135
1.8977437195723834
1.9151569318536368
1.9327268479069146
1.9504547916512653
1.9683420957387028
1.9863901015371996
2.004600159113448
2.022973627208371
2.041511873216172
2.0602162731533546
2.079088211631165
2.0981290818191547
2.117340285408326
2.1367232325707843
2.1562793419154556
2.176010040438953
2.195916763474522
2.216000954635751
2.2362640657557953
2.2567075568245207
2.2773328959191983
2.2981415591305474
2.3191350304875495
2.3403148018719118
2.36168237293319
2.3832392509948335
2.4049869509576047
2.4269269951959265
2.449060913449117
2.4713902427082317
2.4939165270947954
2.5166413177353397
2.539566172628668
2.562692656506711
2.586022340690468
2.6095568029357104
2.633297627275508
2.6572464038530748
2.6814047287476055
2.7057742037938026
2.730356436391492
2.7551530393089063
2.780165630476629
2.805395832773969
2.8308452738054477
2.856515585668947
2.882408404714429
2.90852537129359
2.9348681294982732
2.9614383268911966
2.9882376142241442
3.015267645146034
3.0425300759018383
3.0700265650176233
3.097758772975647
3.1257283618780276
3.153936995096871
3.182386336913605
3.211078052143486
3.2400138057494803
3.2691952624407605
3.2986240862581404
3.3283019401455514
3.3582304855065046
3.388411381746311
3.4188462857981823
3.4495368516345173
3.480484729761837
3.5116915666994015
3.5431590044403993
3.574888679896775
3.6068822243259158
3.639141262739165
3.671667413291536
3.7044622866534964
3.7375274853621434
3.7708646031530844
3.80447522427144
3.838360922762868
3.872523261742285
3.9069637926414185
3.941684054433352
3.976685572835385
4.011969859487029
4.047538411105608
4.083392708616043
4.119534216257198
4.155964380661004
4.192684629907687
4.2296963725515475
4.267000996623093
4.30459986859986
4.342494332351813
4.380685708056433
4.419175291083931
4.457964350853884
4.49705412965977
4.536445841463238
4.5761406706556595
4.616139770788065
4.656444263267157
4.6970552360181825
4.737973742113206
4.779200798364667
4.820737383883109
4.862584438598504
4.904742861745539
4.947213510310742
4.989997197442011
5.033094690818862
5.0765067109841056
5.120233929635314
5.164276967875659
5.208636394424127
5.253312723782945
5.298306414364628
5.343617866574254
5.389247420849075
5.435195355655329
5.481461885438325
5.528047158529134
5.574951255005664
5.622174184507237
5.669715884002552
5.717576215511736
5.7657549637801635
5.814251833904556
5.86306644891195
5.9121983472889825
5.961646980463314
6.011411710235843
6.06149180616353
6.111886442893151
6.162594697444867
6.213615546446741
6.26494786331916
6.316590415409611
6.3685418610776985
6.4208007467304755
6.473365503808436
6.52623444572215
6.579405764740344
6.632877528828277
6.6866476784397175
6.740714023259692
6.7950742389009635
6.849725863553887
6.904666294590987
6.959892785126511
7.015402440532234
7.071192214910764
7.127258907527259
7.183599159201108
7.2402094486583355
7.297086088847676
7.354225223220242
7.411622821975785
7.4692746782774275
7.527176404436508
7.5853234280696125
7.643710988231528
7.7023341315249745
7.76118770819095
7.820266368182739
7.879564557225463
7.939076512866272
7.9987962605173095
8.05871760949536
8.118834149063174
8.17913924447486
8.239626033031364
8.300287420149777
8.361116075451049
8.42210442887241
8.483244666808226
8.544528728286348
8.605948301184707
8.667494818494914
8.729159454639374
8.790933121847736
8.852806466600756
8.914769866148184
8.97681342510815
9.038926972156599
9.10110005681411
9.163321946339225
9.225581622736843
9.287867779890561
9.350168820829056
9.41247285513555
9.47476769651101
9.537040860500971
9.599279562397326
9.661470715325535
9.723600928529018
9.785656505862615
9.847623444506086
9.909487433911458
9.971233854995717
10.032847779592185
10.094313970173593
10.15561687986077
10.21674065272992
10.27766912443316
10.338385823146318
10.398873970858103
10.459116485015768
10.519095980541737
10.578794772236403
10.638194877581762
10.697278019961708
10.75602563231366
10.81441886122705
10.87243857150437
10.930065351199152
10.98727951714708
11.044061121004694
11.100389955810973
11.156245563086294
11.211607240483383
11.266454050004757
11.320764826799673
11.374518188554953
11.42769254549197
11.480266110982386
11.532216912794398
11.583522804980586
11.634161480417685
11.684110484007721
11.73334722654914
11.7818489992854
11.829592989137803
11.876556294627495
11.922715942491093
11.968048904992434
12.012532117931837
12.056142499352655
12.098856968943105
12.140652468130195
12.181505980859837
12.221394555056161
12.260295324750667
12.298185532869686
12.335042554666616
12.370843921782937
12.405567346919772
12.439190749099183
12.47169227949181
12.503050347784926
12.533243649062317
12.56225119116441
12.590052322494362
12.61662676023297
12.64195461892226
12.666016439374582
12.688793217861145
12.710266435530787
12.730418088006813
12.749230715106801
12.766687430626877
12.782771952129643
12.797468630671377
12.810762480401733
12.822639207966139
12.833085241638575
12.842087760109859
12.849634720854045
12.855714887993498
12.860317859581098
12.863434094215998
12.86505493690811
12.865172644104717
12.863780407791927
12.86087237858243
12.856443687701088
12.850490467779093
12.843009872368281
12.834000094087271
12.823460381312438
12.811391053328041
12.797793513851406
12.782670262851916
12.766024906584821
12.747862165764293
12.728187881803995
12.707009021057432
12.684333676995227
12.660171070261558
12.634531546557742
12.607426572307114
12.57886872806197
12.54887169962051
12.51745026682911
12.484620290053465
12.45039869431017
12.414803451059283
12.3778535576672
12.339569014558597
12.299970800085653
12.259080843152336
12.216921993641542
12.173517990702548
12.128893428966109
12.083073722764416
12.0360850684426
11.987954404857998
11.93870937217248
11.888378269051888
11.836990008395011
11.784574071722188
11.731160462361128
11.676779657573793
11.6214625597742
11.565240446992064
11.508144922741325
11.450207865455898
11.39146137765742
11.331937735021087
11.271669335505953
11.21068864871551
11.149028165652604
11.08672034902991
11.023797584293465
10.960292131512015
10.896236078279113
10.83166129376825
10.766599384073919
10.701081648963124
10.635139040152884
10.568802121219887
10.502101029238304
10.435065438231335
10.367724524511551
10.300106933974252
10.232240751397242
10.164153471789785
10.095871973823236
10.027422495365624
9.958830611133017
9.890121212461622
9.82131848919623
9.752445913683092
9.683526226848883
9.614581426341442
9.545632756703172
9.476700701544251
9.407804977679548
9.338964531191237
9.270197535377585
9.201521390548049
9.132952725624724
9.064507401510722
8.996200516187232
8.928046411501988
8.860058681613085
8.792250183053364
8.72463304638117
8.65721868938361
8.590017831798185
8.523040511517205
8.45629610223735
8.389793332513126
8.323540306168532
8.257544524015039
8.19181290681656
8.126351819433392
8.061167096066738
7.996264066513771
7.931647583330761
7.867322049787785
7.803291448484114
7.739559370478614
7.676129044774313
7.613003367981596
7.55018493397083
7.487676063312422
7.425478832291852
7.3635951012788645
7.302026542225158
7.2407746650633245
7.179840842782775
7.119226334966278
7.058932309583762
6.9989598628588325
6.939310037048521
6.879983836007531
6.820982238445217
6.762306208826307
6.703956705913876
6.645934689005182
6.588241121965927
6.530876975225224
6.473843225950107
6.417140856672797
6.360770852694277
6.3047341986310546
6.249031874506367
6.193664851810176
6.138634089961307
6.083940533598777
6.029585111106048
5.975568734730463
5.921892302600898
5.868556702870064
5.8155628201159155
5.7629115440315966
5.71060378031943
5.6586404635861385
5.60702257191895
5.55575114271195
5.50482728921524
5.454252217202239
5.404027241098997
5.354153798898979
5.304633465200479
5.25546796175481
5.2066591650007235
5.158209110182791
5.110119991803102
5.062394160329755
5.01503411527228
4.968042494921015
4.921422063221324
4.8751756943994415
4.829306356059957
4.7838170915214935
4.738711002135743
4.693991230236544
4.64966094318723
4.605723318737805
4.562181531578452
4.519038740599219
4.476298075963455
4.433962624708027
4.392035413236848
4.3505193848213155
4.3094173701089495
4.268732048714286
4.228465900261071
4.188621143785639
4.149199665201767
4.110202933546977
4.071631907928974
4.0334869383892045
3.995767665189042
3.9584729221719095
3.9216006507179926
3.885147831245051
3.8491104390977813
3.8134834309259498
3.7782607662512344
3.7434354669082692
3.708999714537129
3.6749449834962986
3.641262203711401
3.607941945364497
3.5749746152522266
3.5423506533532696
3.510060717827964
3.478095847404786
3.446447591849884
3.415108103809135
3.3840701884996514
3.3533273111855446
3.322873565755796
3.292703610707213
3.262812581159449
3.233195987012044
3.2038496079032406
3.1747693952325133
3.1459513902084684
3.117391664767075
3.0890862893949054
3.061031328557498
3.0332228608184404
3.0056570171892263
2.9783300282444203
2.951238268644621
2.924378287535144
2.8977468153357786
2.8713407419417125
2.845157068105996
2.819192839981026
2.7934450850695223
2.767910774304991
2.7425868375958733
2.7174702571311316
2.692558253036558
2.667848559820895
2.643339771247729
2.6190317091664097
2.594925752969418
2.5710250556580005
2.54733457426861
2.5238608590744214
2.500611577138095
2.4775947877485747
2.4548180332589786
2.43228735011284
2.4100063324667214
2.3879753877611014
2.3661913066132074
2.3446472301274865
2.323333042539403
2.3022361558694566
2.281342597017127
2.260638266196618
2.24011021508814
2.2197477952040794
2.199543548775626
2.1794937494517206
2.1595985401751694
2.1398616534803043
2.1202897310848012
2.1008912858847792
2.0816753760791484
2.062650096195211
2.043821038218329
2.025189933185236
2.006753730979222
1.9885043834685017
1.970429532408028
1.9525141535966635
1.934742989407891
1.9171033662534702
1.8995878185438133
1.8821958981496372
1.8649346736734953
1.8478176974814933
1.8308625709777
1.8140875763814814
1.7975080800224645
1.7811334901746498
1.7649654479242312
1.748997651044978
1.7332173031483407
1.717607734370926
1.7021513904800614
1.686832277983357
1.6716371669618362
1.656555347603794
1.6415773288256386
1.6266933073783347
1.6118923278547366
1.597162760599058
1.5824941824959786
1.567880186671239
1.5533212786128796
1.53882693615014
1.5244160950740138
1.5101156706896868
1.4959571279148032
1.4819715019977637
1.4681836423973484
1.4546068165661319
1.4412391050884692
1.4280630312056108
1.4150493002465652
1.4021642585253462
1.3893790678622795
1.376677466153474
1.3640592080161165
1.3515380370255943
1.339135477412922
1.3268733904046215
1.3147681005796203
1.3028272150516582
1.2910484233516402
1.279419022215299
1.2679159683357977
1.2565077837489
1.2451599041148649
1.2338432586033705
1.2225430505632473
1.2112632238590273
1.2000236724870228
1.1888512358732615
1.1777691895962703
1.166790734591992
1.1559195143604941
1.1451560743140228
1.1345055970506033
1.1239811137099003
1.1135990752198281
1.1033701245483702
1.0932930348527636
1.0833582783644964
1.0735585274175714
1.0638947195412378
1.0543692574321495
1.044972220260562
1.0356760671817844
1.0264452275113471
1.0172489264452813
1.0080632699158347
0.9988665207456815
0.9896433929667466
0.9804002560560733
0.9711723951162752
0.9620089367417685
0.9529474127652915
0.9440028139975721
0.9351782799548037
0.926480027114367
0.9179180166441223
0.9094945445177501
0.9011979225724367
0.8930094254273705
0.8849111940339226
0.8768805287369593
0.8688796713962781
0.8608666563070269
0.8528298810230954
0.844810176828816
0.8368770900515786
0.8290795296799678
0.8214273822576221
0.8139225648865083
0.8065893551018046
0.7994524128463478
0.792487654331828
0.7856190033911928
0.7787744571306918
0.7719301075631412
0.7650925217978964
0.7582620977841945
0.7514345307092188
0.7446226162765542
0.7378465451280024
0.731096623332861
0.7243210556799666
0.7174605181091882
0.710495009006471
0.703463766574075
0.6964547417847785
0.6895735262026451
0.6828959978860338
0.6764354251540237
0.670163573421148
0.6640642579052454
0.6581598605209222
0.6524737215095541
0.6469525248825257
0.6414603769176824
0.6358956032937344
0.6302836550584803
0.6247056345012689
0.6191666573826984
0.6136094345080151
0.608032867616695
0.6024809620882713
0.596950297310611
0.5914317095636932
0.5859725127923585
0.580618797636947
0.5753334252379962
0.5700146933622636
0.5646449720090256
0.5593550978738615
0.5542882793459232
0.5494340320949931
0.5445956382428978
0.5396101641385811
0.5345760365150759
0.5296654743706256
0.5248497959522113
0.5199973026159679
0.5151182445530299
0.5103269663974248
0.5056041434357517
0.5008708254239855
0.4961948015365529
0.49164635258160094
0.48712983840390855
0.4826100568575331
0.4781582876248435
0.47374224073487947
0.46923317304107665
0.46459443139200446
0.4599608127272504
0.4554590384870163
0.4511491385709764
0.44704575341063363
0.4430883832052742
0.43921766800351997
0.435362758611004
0.431471490477071
0.4276331739968901
0.42387289076209095
0.4201215816151945
0.41628242927623965
0.4123281211741952
0.40835641567686765
0.4045076862831736
0.4008714331898472
0.39732989604998387
0.3938709201336505
0.390369576388681
0.3868156238040056
0.38337763362643523
0.3799287560674949
0.3763405282800385
0.37265392060006913
0.36903691338932515
0.3656266911092933
0.3623847343682468
0.35920724731421233
0.3560083224181045
0.3526363666072041
0.3491497811289034
0.3458214174691971
0.3427608175099347
0.3397585868090782
0.3368768048663938
0.3340422661834532
0.3311466948035719
0.32812652838100376
0.3249257999349004
0.3216649439180563
0.3184856732601725
0.31568819152867883
0.3130245035813291
0.31018147463579737
0.3072779090896739
0.3043567491377404
0.301431782740084
0.29856079409882486
0.29573850986637024
0.29301325763333513
0.29051122851938194
0.2880763449308645
0.2856716412996729
0.2832657898540409
0.28041222911549146
0.2773486493620142
0.27452780915471436
0.27203935837173665
0.2696959959341306
0.2675001777052647
0.265210866206158
0.2626871822933985
0.260159811583282
0.2578344559246218
0.2555493640871711
0.25319287174601457
0.25089167154417613
0.2486001487795256
0.2462300043252369
0.24371972417528084
0.24148020107685159
0.2395304326047218
0.23742150578781765
0.23512788467575288
0.23289489722685747
0.2307159989389545
0.22849362600385478
0.22642441657815063
0.22467326087304135
0.22282068951446546
0.22060755278864533
0.21841039422614808
0.21629472645737668
0.21410174257650377
0.21196043608380352
0.21009527795535998
0.20864854220677462
0.20710310763052558
0.20512330955534833
0.20290234694071294
0.20105206165434777
0.19911281417990384
0.1971771594079995
0.19544926180209468
0.19366430281381
0.1920593801034899
0.19047675182398735
0.1886144608606248
0.1868388651610072
0.18516030622790564
0.183548849946481
0.1818058686490049
0.1801161502512147
0.1782057186563286
0.1763048492631587
0.1747461357716993
0.1736400400619534
0.17216589833137494
0.17068932699534767
0.16897598276348277
0.1671561696105636
0.16586079888746483
0.1644138361475498
0.16281253261601772
0.1612824775194128
0.15972982587802204
0.15820278365701587
0.15670999371535252
0.15560261500498546
0.15409108343852956
0.15236672378890853
0.15115200223962844
0.1496982813907508
0.14838836840637454
0.14698741086444894
0.14586044963909156
0.1445138144444793
0.14310676230240008
0.14178371329051442
0.1404593238946757
0.13907128546105654
0.1377982056278747
