0.14354597964842947
0.14487527111489024
0.14621686752867563
0.1475708826588642
0.1489374313240324
0.1503166293996502
0.15170859382797058
0.15311344262982526
0.15453129491183867
0.15596227087693437
0.15740649183604735
0.15886408021572518
0.16033515957036792
0.1618198545909894
0.16331829111623514
0.16483059614262946
0.1663568978355262
0.16789732553848485
0.16945200978558295
0.17102108231189583
0.1726046760620015
0.17420292520501962
0.17581596514216946
0.17744393251956758
0.1790869652401246
0.18074520247208714
0.18241878466466654
0.18410785355564502
0.18581255218548695
0.18753302490790802
0.18926941740266234
0.1910218766866869
0.19279055112636095
0.1945755904500322
0.19637714575950233
0.1981953695437578
0.2000304156893218
0.20188243949615942
0.20375159768526263
0.2056380484172871
0.20754195130125946
0.2094634674090694
0.21140275928849514
0.2133599909768688
0.21533532801319624
0.21732893745279866
0.21934098787999176
0.22137164942259246
0.2234210937650274
0.22548949416281897
0.22757702545530448
0.22968386408166533
0.23181018809397178
0.23395617717120534
0.2361220126344871
0.2383078774621067
0.24051395630241015
0.24274043549062674
0.2449875030625699
0.24725534876999752
0.24954416409584146
0.2518541422698649
0.2541854782834561
0.25653836890534565
0.2589130126976316
0.2613096100311486
0.26372836310122044
0.2661694759447556
0.26863315445482416
0.27111960639835403
0.27362904143172845
0.27616167111748247
0.27871770894102854
0.2812973703273273
0.2839008726583194
0.2865284352887551
0.28918027956501674
0.2918566288410638
0.29455770849634183
0.29728374595355045
0.3000349706956674
0.3028116142845303
0.30561391037843505
0.3084420947500307
0.311296405304625
0.31417708209892475
0.31708436735862217
0.32001850549788907
0.32297974313738104
0.32596832912361634
0.32898451454781596
0.33202855276472143
0.335100699411798
0.3382012124294958
0.34133035207937823
0.34448838096507367
0.34767556405074906
0.3508921686822013
0.3541384646060864
0.35741472399017543
0.36072122144414653
0.3640582340389709
0.36742604132850754
0.3708249253696414
0.3742551707427348
0.3777170645732906
0.38121089655238116
0.3847369589580037
0.38829554667641203
0.39188695722319195
0.3955114907653351
0.3991694501423486
0.4028611408883702
0.40658687125372495
0.4103469522271395
0.4141416975577705
0.4179714237774783
0.4218364502230154
0.42573709905853746
0.42967369529816285
0.4336465668288417
0.43765604443267364
0.44170246181006084
0.44578615560274953
0.44990746541655036
0.45406673384495444
0.45826430649192146
0.4625005319958212
0.46677576205205085
0.4710903514374341
0.4754446580332723
0.4798390428492392
0.4842738700471001
0.48874950696470465
0.49326632413953386
0.4978246953331769
0.5024249975551169
0.5070676110868736
0.5117529195060901
0.516481309710903
0.5212531719445666
0.5260688998187043
0.5309288903389017
0.5358335439283287
0.5407832644524543
0.5457784592435871
0.5508195391248826
0.5559069184355069
0.5610410150546538
0.566222250426144
0.571451049583194
0.5767278411723601
0.582053057478562
0.5874271344492676
0.5928505117188881
0.5983236326333745
0.6038469442742811
0.6094208974834064
0.6150459468862699
0.6207225509176716
0.6264511718440601
0.6322322757888854
0.6380663327558387
0.6439538166527244
0.6498952053152538
0.6558909805306357
0.6619416280608436
0.6680476376659382
0.6742095031270408
0.6804277222696123
0.6867027969859844
0.6930352332578066
0.699425541178618
0.7058742349759767
0.7123818330331911
0.7189488579109614
0.7255758363690099
0.7322632993869336
0.739011782185141
0.7458218242453045
0.7526939693306421
0.7596287655054466
0.76662676515503
0.7736885250043157
0.7808146061368135
0.7880055740129328
0.7952619984876557
0.8025844538279348
0.8099735187296694
0.8174297763340028
0.8249538142434031
0.8325462245367005
0.8402076037839933
0.8479385530608752
0.8557396779618062
0.8636115886132631
0.8715548996856184
0.8795702304049688
0.8876582045638246
0.8958194505310481
0.9040546012612226
0.9123642943031663
0.9207491718072438
0.9292098805323784
0.9377470718515666
0.946361401756997
0.9550535308634992
0.9638241244119328
0.9726738522702344
0.9816033889348051
0.9906134135295848
0.999704609804539
1.0088776661326648
1.018133275506191
1.027472135530617
1.0368949484184207
1.0464024209804668
1.0559952646165993
1.0656741953043574
1.075439933586312
1.0852932045557049
1.0952347378406477
1.1052652675861652
1.1153855324350355
1.1255962755063698
1.1358982443724628
1.146292191033846
1.1567788718917937
1.167359047719593
1.1780334836309256
1.1888029490463605
1.1996682176575928
1.2106300673894776
1.221689280358794
1.2328466428319016
1.244102945178649
1.2554589818241544
1.2669155511976324
1.2784734556787294
1.2901335015403814
1.3018964988893957
1.3137632616033679
1.3257346072646126
1.3378113570908385
1.3499943358626396
1.362284371846929
1.374682296717591
1.3871889454719468
1.3998051563433511
1.4125317707103249
1.425369633001416
1.438319590595977
1.4513824937205602
1.464559195341385
1.477850551051751
1.4912574189553343
1.5047806595444284
1.5184211355735422
1.532179711927832
1.5460572554863603
1.5600546349802813
1.5741727208454095
1.5884123850693117
1.6027745010325416
1.6172599433440513
1.6318695876709077
1.6466043105609458
1.6614649892600395
1.6764525015221838
1.691567725413047
1.7068115391068057
1.722184820675547
1.737688447871871
1.7533232979036264
1.769090247201259
1.7849901711774099
1.8010239439782094
1.8171924382265656
1.8334965247570032
1.8499370723417858
1.866514947408209
1.883231013746745
1.900086132210118
1.917081160402608
1.9342169523596286
1.9514943582174689
1.9689142238726207
1.9864773906308024
2.004184694845009
2.0220369675429253
2.0400350340427766
2.0581797135578896
2.076471818789434
2.094912155507158
2.1135015221178017
2.132240709220923
2.151130499151935
2.170171665512011
2.189364972684416
2.2087111753372883
2.22821101791239
2.2478652340994807
2.2676745462960954
2.287639665052456
2.307761288501131
2.3280401017711063
2.3484767763861663
2.3690719696469356
2.3898263239964748
2.410740466369199
2.4318150075224723
2.453050541350897
2.4744476441827885
2.4960068740585015
2.5177287699903346
2.5396138512036153
2.5616626163588743
2.5838755427543747
2.6062530855089103
2.6287956767246574
2.651503724629495
2.6743776126985637
2.6974176987548266
2.7206243140481883
2.743997762312913
2.7675383188030525
2.791246229305442
2.8151217091301444
2.8391649420779523
2.8633760793845124
2.8877552386411107
2.912302502691502
2.937017918504709
2.9619014960234824
2.9869532069881757
3.0121729837357427
3.037560717973678
3.0631162595286225
3.0888394150696983
3.1147299468058125
3.1407875711574476
3.167011957402269
3.1934027262946136
3.2199594486588707
3.246681643956305
3.273568778825663
3.3006202655972445
3.3278354607805163
3.3552136635252587
3.3827541140563318
3.410455992082018
3.4383184151761688
3.4663404371342583
3.4945210463034533
3.5228591638869666
3.551353642222978
3.5800032630383702
3.6088067356776277
3.637762695307254
3.6668697010963
3.6961262343732812
3.725530696760252
3.755081408284314
3.784776605467751
3.814614439396886
3.8445929737710274
3.8747101829319126
3.904963949874931
3.9353520642429443
3.965872220303738
3.9965220149125114
4.027298945460412
4.058200407810588
4.089223694223183
4.120365991270647
4.151624377745267
4.1829958225603425
4.214477182647028
4.24606520084867
4.277756503814787
4.309547599896762
4.341434877047427
4.373414600727374
4.405482911819892
4.437635824557694
4.469869224464038
4.502178866311027
4.534560372098569
4.567009229056586
4.599520787674529
4.632090259761134
4.664712716538334
4.697383086773253
4.73009615495195
4.762846559499271
4.795628791049165
4.828437190769671
4.86126594874745
4.894109102436604
4.926960535176708
4.959813974785262
4.99266299222988
5.025501000385712
5.058321252883753
5.091116843055943
5.123880702983048
5.156605602651516
5.189284149225673
5.221908786441818
5.254471794130934
5.286965287876788
5.319381218816549
5.351711373591068
5.3839473744520525
5.416080679533723
5.448102583296453
5.480004217150169
5.511776550265284
5.543410390579081
5.5748963860057
5.60622502585766
5.637386642487226
5.66837141315572
5.699169362139197
5.729770363078523
5.760164141582375
5.79034027809122
5.820288211010614
5.849997240121816
5.87945653027792
5.908655115393283
5.9375819027341725
5.966225677518082
5.994575107829294
6.0226187498576484
6.050345053467633
6.077742368104148
6.104798949041333
6.131502963980294
6.157842500001029
6.183805570873675
6.2093801247333635
6.234554052122721
6.259315194405146
6.283651352551595
6.307550296302793
6.330999773707993
6.353987521040709
6.376501273090957
6.398528773832574
6.420057787463271
6.441076109814147
6.461571580124093
6.481532093173681
6.500945611771716
6.519800179586547
6.538083934312921
6.5557851211637415
6.572892106674916
6.589393392809815
6.605277631348566
6.620533638545836
6.63515041003918
6.64911713598846
6.662423216425274
6.67505827678958
6.68701218362914
6.69827506043565
6.708837303589769
6.718689598385519
6.727822935102879
6.736228625095697
6.743898316860295
6.750824012048663
6.75699808138837
6.7624132804698665
6.767062765360299
6.770940108001543
6.774039311348798
6.776354824204819
6.777881555703711
6.778614889397099
6.778550696894665
6.777685351010139
6.776015738363294
6.7735392713879525
6.770253899695766
6.7661581207454065
6.761250989766898
6.755532128891164
6.749001735435375
6.741660589295485
6.7335100593983706
6.724552109167252
6.71478930095568
6.704224799407136
6.692862373699492
6.6807063986358655
6.66776185454621
6.654034325966867
6.6395299990686105
6.624255657807321
6.608218678775186
6.5914270247344895
6.573889236820483
6.5556144254044195
6.536612259612747
6.516892955503614
6.4964672629071325
6.475346450941375
6.453542292221778
6.431067045787418
6.407933438773582
6.384154646865982
6.359744273578105
6.334716328399117
6.309085203865787
6.282865651617848
6.2560727575019595
6.228721915795075
6.200828802623528
6.1724093486592455
6.143479711179426
6.114056245580559
6.084155476441882
6.05379406823704
6.022988795796037
5.9917565146224225
5.960114131172813
5.928078573207586
5.895666760322763
5.862895574773521
5.829781832699636
5.796342255862522
5.762593444001986
5.728551847918893
5.694233743387123
5.659655205995046
5.624832087012704
5.589779990376388
5.554514250877336
5.5190499136355875
5.483401714933978
5.447584064480826
5.411611029162872
5.375496318342807
5.339253270748258
5.302894842991222
5.2664335997491065
5.229881705630305
5.193250918739283
5.156552585947792
5.119797639870778
5.082996597537497
5.046159560740357
5.009296218036177
4.972415848367067
4.935527326260656
4.898639128562214
4.86175934264452
4.824895676034596
4.788055467390168
4.751245698752899
4.714473008999645
4.67774370840789
4.641063794246411
4.604438967297924
4.567874649216131
4.531376000615892
4.49494793979202
4.458595161959208
4.422322158903212
4.386133238931531
4.35003254701032
4.314024084973258
4.278111731687796
4.242299263064059
4.206590371792283
4.170988686695497
4.135497791585539
4.100121243512037
4.064862590295799
4.029725387240111
3.994713212915341
3.9598296839142124
3.925078468476921
3.8904632988867394
3.855987982537974
3.821656411579195
3.7874725710352277
3.7534405453121256
3.719564522989951
3.685848799809486
3.65229777976089
3.6189159741857653
3.5857079988096072
3.5526785686297413
3.5198324905956055
3.487174654034451
3.454710018796709
3.422443601122421
3.390380457263753
3.3585256649387176
3.326884302738303
3.295461427662238
3.264262051017336
3.2332911129745905
3.2025534561454667
3.1720537986012056
3.1417967068180683
3.1117865690828244
3.082027569932104
3.0525236662221826
3.0232785654280403
2.994295706748366
2.9655782455429067
2.9371290415482587
2.9089506512067085
2.8810453243010166
2.853415004918753
2.8260613365780025
2.7989856711394285
2.772189080917065
2.745672373193604
2.719436106158652
2.6934806051343103
2.667805977846287
2.642412127454136
2.6172987620829637
2.592465399710208
2.56791136745958
2.5436357946400463
2.5196375992344806
2.495915467977935
2.472467830650304
2.4492928297167125
2.426388286950443
2.403751669132412
2.3813800553003133
2.359270108282327
2.3374180533599054
2.315819666832666
2.2944702769859706
2.2733647794804304
2.2524976684987323
2.2318630841222142
2.211454875407948
2.191266677555015
2.1712920004594976
2.151524324947514
2.131957202137019
2.1125843508046827
2.0933997474078363
2.0743977035989882
2.0555729267085208
2.036920559759597
2.0184361990721102
2.000115889314579
1.9819560978310888
1.9639536720193893
1.946105785253628
1.9284098781102017
1.9108636022667158
1.8934647742489936
1.8762113451247202
1.859101390313284
1.8421331210470544
1.8253049159462242
1.808615368026163
1.7920633396760137
1.7756480161718682
1.7593689475006467
1.7432260689247636
1.7272196928741281
1.7113504682404461
1.6956193075620856
1.680027287318655
1.6645755308748178
1.649265086787687
1.6340968166099779
1.6190713056179034
1.6041888070428538
1.589449225734956
1.57485214141514
1.5603968656897949
1.5460825217882415
1.5319081324113635
1.517872699757876
1.503975262964122
1.4902149217038054
1.4765908200573705
1.4631020912586727
1.449747770732697
1.4365266911137147
1.423437377872775
1.4104779670159764
1.3976461663042783
1.3849392779479162
1.3723542933578217
1.3598880594410596
1.347537502104715
1.3352998781409462
1.3231730145518723
1.31115548818309
1.2992467014023739
1.2874468230539582
1.275756587021678
1.2641769694119744
1.2527087930932777
1.241352327643458
1.2301069575392025
1.2189709791313712
1.2079415599786931
1.197014859522272
1.1861862776147034
1.1754507763205546
1.1648032162623563
1.1542386615840277
1.1437526318361178
1.1333413057962796
1.1230017020337937
1.112731866811103
1.1025310884617223
1.0924001298231394
1.0823414322658371
1.0723592068454493
1.0624593054909603
1.0526487759380037
1.0429350625546636
1.0333249215173639
1.0238232495466515
1.0144321320581366
1.0051504388914745
0.9959741899309482
0.9868976832752724
0.9779150940056143
0.9690220293455596
0.9602164817840106
0.9514988062622657
0.9428707061709405
0.934333598862878
0.9258869743532413
0.9175273559589707
0.9092482343051026
0.9010409963126906
0.8928965565500097
0.8848072141110271
0.8767682163920993
0.8687785806098585
0.8608408882153699
0.8529600359241429
0.8451412794429166
0.837388228419597
0.8297015561826235
0.8220789424081195
0.8145162373019733
0.8070093022010989
0.7995557615165586
0.7921561035921475
0.7848139949418816
0.7775359818487521
0.7703307588711852
0.7632080105479717
0.7561767763804177
0.7492435124596688
0.742410386862517
0.735674532510872
0.7290287665176731
0.722463702234089
0.7159704867781433
0.7095429565234378
0.7031781552358809
0.696875006702931
0.6906320850000145
0.6844460450581507
0.6783117187605348
0.6722234869091671
0.6661765773481008
0.6601673792830113
0.654193145494682
0.6482519691819825
0.6423429958717181
0.636465819019788
0.6306187189322755
0.6247974775554328
0.6189972872535944
0.6132179633623422
0.6074689900616721
0.6017696959117476
0.5961428272876835
0.5906046897890103
0.5851578747975282
0.5797912799559809
0.5744876646276644
0.5692342225572631
0.5640295782380736
0.5588827105820215
0.5538044465430549
0.5487971079988755
0.5438494447432308
0.5389407435702199
0.5340511704684991
0.5291697406165775
0.5242932882812745
0.5194196513557571
0.5145452081590366
0.5096709774722604
0.5048100114719261
0.49998785650379596
0.4952368726527341
0.4905887252435319
0.48606542720963575
0.48167042943774774
0.477385979794843
0.47317889741115526
0.469009804012746
0.46484384857317956
0.46066497645861265
0.45648819540536467
0.452356406696171
0.4483151107503539
0.4443770987437162
0.4405059049935556
0.43663889825783386
0.4327326573368901
0.4287859759672138
0.42482009286771055
0.4208449666406005
0.4168531896881125
0.4128440553500175
0.4088427208583469
0.4048926901756129
0.4010324284159992
0.39727494088342535
0.3936065394650635
0.39000605329759364
0.3864599809178634
0.3829617464543557
0.37951021798196793
0.3761088250677763
0.3727545927007599
0.36942754830735836
0.3661033482700637
0.36277782300302747
0.3594611937727861
0.35615382507762855
0.3528547177214293
0.3495845149980899
0.34637367003154584
0.34323346063692345
0.34014929995747495
0.337086926371055
0.33400909508093607
0.3309076181649901
0.32781029780287935
0.3247672559146437
0.32182203511622
0.3189555733059716
0.316096580418203
0.31320197194246396
0.31028925241958305
0.30740685722703154
0.3045984148685433
0.3018737094921603
0.2991842324828511
0.2964584009990009
0.2936860808966744
0.2909288254659738
0.28822724750156
0.2855692214288904
0.2829561624312295
0.28041265149652034
0.27792887484672824
0.27546652963972745
0.2729905473844603
0.2704982238676119
0.26803820272946394
0.2656220447618259
0.26316445674792505
0.260641117769688
0.25812195399881427
0.2556506272864133
0.25325878428413484
0.2509010967277431
0.24850666998168572
0.24618813839303463
0.24403755751270287
0.2419454745315936
0.23980835168394038
0.2376171158719135
0.23540987312988726
0.233183791926622
0.23096671742057712
0.22889984037532615
0.22697226868056675
0.2249419199210702
0.22275783441715372
0.22056357685805678
0.21840542794025272
0.2163269683547643
0.21435597608672424
0.21241249444823207
0.21043967985718395
0.20853088981075035
0.2067005894382335
0.20487481367334998
0.20303397644331428
0.20115598636000287
0.19933950949105544
0.1976548914619771
0.19600502679527768
0.1942886249231124
0.1924570443496363
0.1906008453990591
0.18887125653996278
0.18721832113384654
0.18552423159881348
0.1837425083027981
0.18205997133057567
0.18048429092219606
0.17874937836261895
0.17698681641745106
0.17534186269651433
0.17378887012850722
0.17213887428989633
0.17055800540257482
0.1690884425573186
0.16758431409484018
0.1660336531871098
0.16447032277457477
0.16286848303383078
0.16134355947538284
0.1598496909921118
0.15842694348242642
0.15709592400777164
0.15576639838670792
0.15433505390183622
0.15281138283100595
0.15141312280467115
0.15007448971423532
0.14876458503531037
0.14735186733869418
0.1458889923352906
0.1444704726753602
0.14319711261859452
0.14205356861548046
0.14089832264648272
0.13955429505420866
0.13814439622119104
0.13671045221598674
0.135546482968506
0.13441850811510536
0.13316067145165703
0.1318849347317076
0.13071253413756126
0.12959152610684
0.128470563548421
0.12717359397222694
0.12580540814932348
0.12473673230537469
0.12377668674567821
0.12259424310468657
0.1213305597820017
0.12008625581471795
0.1190489121704205
0.11810630681977694
0.11706043640124934
0.11586186871353965
0.11482559884379338
0.11378620964183643
0.11269430077464576
0.11150567916576815
0.1103899277528834
0.10952531902843157
0.10873215964614114
0.10780197108391164
0.10671972391255598
0.1056477285055729
0.1046314371929464
0.10365177560765663
0.10261722437540477
0.1018193079112295
0.10103890594780858
0.10008057173217572
0.09913870328486316
0.09826265815190284
0.09738853113579837
0.09642260375159144
0.09542581283054599
0.0946077663314347
0.09371669989298344
0.09288660430971031
0.09200006919187886
0.09135823063156732
0.09042219655133499
0.08952363319119662
0.08870582283688591
0.0878757004506125
0.08707966422985043
