0.11417972124849736
0.11523708946252804
0.11630424605292056
0.11738128153578885
0.11846828726458951
0.11956535543261851
0.12067257908399681
0.12179005211987362
0.12291786930667328
0.12405612628380691
0.12520491957201907
0.12636434658088366
0.12753450561788923
0.1287154958948336
0.1299074175377826
0.13111037159494993
0.13232446004422985
0.13354978580297802
0.134786452735376
0.1360345656615454
0.1372942303664408
0.13856555360866957
0.1398486431281371
0.14114360765703265
0.14245055692658917
0.14376960167776792
0.145100853670006
0.14644442569006283
0.14780043156107509
0.149168986153548
0.15055020539233735
0.15194420626886052
0.15335110684878328
0.15477102628224948
0.1562040848136709
0.15765040379261272
0.15911010568158765
0.160583314068877
0.1620701536757566
0.16357075036910673
0.16508523117048152
0.1666137242664467
0.16815635901975723
0.16971326597978012
0.17128457689210366
0.1728704247109725
0.1744709436087357
0.17608626898797558
0.17771653749049895
0.17936188701159
0.18102245670792766
0.1826983870112234
0.18438981963863255
0.18609689760421916
0.18781976523091684
0.18955856816160238
0.19131345337176195
0.1930845691806424
0.19487206526304537
0.19667609266221883
0.19849680380166176
0.20033435249669568
0.20218889396819803
0.2040605848533653
0.2059495832197688
0.20785604857724013
0.20978014189083447
0.2117220255934728
0.21368186359933533
0.21565982131627526
0.21765606565959877
0.21967076506519048
0.22170408950257212
0.22375621048884656
0.22582730110153718
0.2279175359933179
0.23002709140480176
0.23215614517899272
0.23430487677533057
0.2364734672834664
0.23866209943736005
0.24087095763041314
0.2431002279287941
0.24535009808717437
0.24762075756182025
0.24991239752730043
0.252225210889229
0.2545593923009452
0.2569151381775647
0.2592926467120996
0.2616921178892522
0.264113753502389
0.26655775716816177
0.2690243343424491
0.27151369233576345
0.27402604032957817
0.27656158939166336
0.27912055249278767
0.2817031445222991
0.28430958230493775
0.28694008461644127
0.2895948722012323
0.2922741677877877
0.29497819610588294
0.29770718390346823
0.30046135996392836
0.3032409551219798
0.30604620228174634
0.308877336434096
0.3117345946733891
0.31461821621502845
0.31752844241375994
0.3204655167800155
0.323429684998989
0.32642119494778815
0.32944029671353947
0.332487242611301
0.33556228720279996
0.3386656873140312
0.3417977020539882
0.34495859283309704
0.34814862338180524
0.3513680597688156
0.35461717042080526
0.3578962261401733
0.3612055001247148
0.36454526798629366
0.3679158077703399
0.3713173999743419
0.3747503275679621
0.37821487601205994
0.3817113332777116
0.3852399898665282
0.38880113882976475
0.3923950757879779
0.39602209895126966
0.39968250913857795
0.40337660979758916
0.4071047070251756
0.4108671095869923
0.4146641289377052
0.4184960792412036
0.4223632773905495
0.426266043028549
0.4302046985678054
0.4341795692110185
0.4381909829719011
0.44223927069470254
0.4463247660753912
0.4504478056820615
0.4546087289745938
0.45880787832662306
0.4630455990448496
0.46732223939001505
0.47163815059776953
0.47599368689863836
0.48038920553914105
0.48482506680192144
0.4893016340265365
0.4938192736297799
0.49837835512636536
0.502979251149364
0.5076223374701814
0.512307993019734
0.5170365999080724
0.5218085434449338
0.526624212159967
0.5314839978226222
0.5363882954625465
0.5413375033891561
0.5463320232117533
0.5513722598591699
0.5564586215992793
0.5615915200587626
0.5667713702421662
0.5719985905514993
0.5772736028047837
0.5825968322554624
0.5879687076106594
0.5933896610502963
0.5988601282448145
0.6043805483736187
0.6099513641429528
0.6155730218035472
0.6212459711679693
0.6269706656278657
0.6327475621707869
0.6385771213968157
0.6444598075346886
0.6503960884579942
0.6563864357005224
0.6624313244718526
0.6685312336718829
0.6746866459056056
0.6808980474971713
0.6871659285033539
0.6934907827269519
0.6998731077298016
0.7063134048444684
0.7128121791866078
0.719369939665875
0.7259871989968563
0.7326644737089926
0.7394022841564075
0.7462011545266096
0.7530616128489717
0.7599841910021583
0.7669694247213477
0.774017853604104
0.7811300211162644
0.7883064745962912
0.7955477652594378
0.8028544482005503
0.810227082396562
0.8176662307075615
0.8251724598773733
0.8327463405327817
0.8403884471821262
0.848099358212563
0.8558796558863954
0.8637299263365233
0.8716507595600855
0.8796427494117981
0.8877064935953404
0.8958425936537107
0.9040516549586283
0.9123342866979735
0.9206911018622391
0.929122717229399
0.9376297533483021
0.9462128345206615
0.9548725887810225
0.9636096478757802
0.9724246472397852
0.9813182259716313
0.9902910268070734
0.9993436960904581
1.0084768837443636
1.0176912432371061
1.0269874315484462
1.0363661091327834
1.0458279398807144
1.055373591077852
1.0650037333616127
1.074719040675518
1.084520190221095
1.094407862407229
1.1043827407969193
1.1144455120513046
1.1245968658710024
1.1348374949346396
1.145168094834206
1.155589364007708
1.166102003668662
1.1767067177321766
1.1874042127379516
1.198195197769894
1.2090803843721962
1.2200604864617828
1.2311362202372658
1.2423083040840663
1.2535774584752994
1.26494440586941
1.276409870602817
1.2879745787791377
1.299639258153457
1.311404638012579
1.323271449050325
1.3352404232385657
1.3473122936930133
1.3594877945343036
1.3717676607438016
1.3841526280144247
1.3966434325958161
1.4092408111342751
1.4219455005067485
1.4347582376493242
1.4476797593794737
1.4607108022124569
1.4738521021711286
1.4871043945898232
1.500468413911004
1.513944893475666
1.527534565306685
1.5412381598847644
1.555056405917589
1.5689900301011503
1.5830397568735417
1.597206308160913
1.6114904031153903
1.6258927578448652
1.6404140851341849
1.6550550941579019
1.6698164901841055
1.684698974269153
1.699703242943394
1.7148299878871258
1.7300798955971637
1.7454536470432556
1.7609519173145785
1.776575375255757
1.7923246830923205
1.808200496045378
1.8242034619351721
1.8403342207733833
1.8565934043438939
1.8729816357717077
1.889499529079896
1.9061476887341233
1.9229267091747826
1.9398371743362137
1.9568796571528964
1.9740547190522468
1.9913629094338974
2.0088047651350553
2.026380809881733
2.0440915537255364
2.0619374924658715
2.0799191070571084
2.098036863000463
2.1162912097205684
2.134682579926073
2.153211388954225
2.1718780340992048
2.1906828939237575
2.209626327553945
2.2287086739568123
2.247930251200489
2.267291355696781
2.286792261425523
2.306433219140926
2.326214455559325
2.346136172528137
2.366198546175834
2.3864017260427217
2.406745834191982
2.427230964301223
2.4478571807339002
2.468624517590497
2.4895329777394215
2.5105825318271053
2.531773117267341
2.553104637209623
2.5745769594862216
2.5961899155379218
2.6179432993182425
2.639836866175968
2.661870331715959
2.6840433706379936
2.7063556155536856
2.728806655781318
2.7513960361186287
2.774123255593371
2.7969877661918208
2.8199889715651087
2.8431262257134424
2.866398831648428
2.889806040033278
2.9133470478013446
2.9370209967530445
2.960826972131152
2.98476400117504
3.008831051653844
3.033027030378964
3.057350781696247
3.0818010859582037
3.106376657976661
3.13107614545643
3.1558981274103544
3.180841112556385
3.2059035376974454
3.2310837660844207
3.2563800857634266
3.281790707907795
3.3073137651359144
3.332947309815682
3.358689312356579
3.3845376594905545
3.410490152542761
3.4365445056932957
3.46269834423148
3.4889492028037568
3.515294523656913
3.541731654878022
3.5682578486329204
3.5948702594047175
3.6215659422343807
3.648341850965275
3.675194836493655
3.7021216450272614
3.729118916354334
3.7561831821253415
3.783310864149962
3.810498272711856
3.8377416049040067
3.8650369429874387
3.8923802527763023
3.919767382052414
3.947194059012462
3.9746558907512948
4.002148361784731
4.029666832615568
4.057206538346545
4.084762587344164
4.112329959957502
4.139903507296097
4.167477950071389
4.195047877506089
4.222607746316209
4.250151879770483
4.277674466832149
4.3051695613881025
4.3326310815707245
4.360052809177704
4.387428389195306
4.414751329430818
4.442015000259865
4.469212634494528
4.496337327378272
4.523382036713855
4.5503395831304205
4.57720265049623
4.603963786483361
4.6306154032910944
4.657149778534454
4.683559056304786
4.7098352484089885
4.735970235794311
4.761955770165576
4.787783475801628
4.813444851578007
4.838931273202644
4.864233995671456
4.889344155950627
4.914252775892399
4.938950765390875
4.963428925784578
4.987677953511955
5.011688444026321
5.035450895976095
5.05895571565637
5.082193221737283
5.10515365027466
5.127827160007916
5.150203837949885
5.172273705272993
5.194026723495661
5.215452800972398
5.236541799690632
5.257283542376715
5.277667819913045
5.297684399067592
5.317323030536522
5.336573457299826
5.355425423289298
5.373868682367212
5.391893007613406
5.409488200917508
5.4266441028722
5.443350602962354
5.45959765004399
5.475375263105886
5.490673542305621
5.505482680270618
5.5197929736537485
5.533594834931667
5.546878804432904
5.559635562581469
5.571855942340353
5.583530941838021
5.594651737159596
5.605209695283112
5.6151963871396875
5.624603600775248
5.633423354589821
5.641647910629145
5.6492697879018685
5.656281775694218
5.662676946852659
5.66844867100371
5.673590627678774
5.67809681931053
5.68196158406632
5.685179608482684
5.687745939864192
5.6896559984087345
5.6909055890204465
5.691490912770743
5.691408577967139
5.690655610789051
5.689229465449307
5.6871280338398
5.684349654619593
5.68089312170388
5.676757692112299
5.67194309313566
5.666449528780622
5.66027768545274
5.65342873683931
5.645904347954706
5.637706678312332
5.628838384189153
5.619302619950586
5.60910303840582
5.598243790166114
5.586729521981219
5.574565374032116
5.561756976161382
5.548310443025943
5.534232368160644
5.51952981694487
5.50421031846863
5.488281856298695
5.471752858149907
5.45463218447134
5.436929115961785
5.418653340033865
5.399814936251069
5.380424360767017
5.360492429801295
5.3400303021912885
5.319049461064449
5.297561694680389
5.275579076497031
5.253113944519804
5.230178879997344
5.206786685531488
5.182950362673461
5.158683089081831
5.133998195321264
5.108909141384235
5.083429493020401
5.057572897960631
5.031353062124434
5.004783725900797
4.977878640593174
4.950651545119611
4.923116143058678
4.895286080130981
4.867174922204598
4.838796133910798
4.810163057953869
4.7812888951957415
4.752186685592585
4.722869290056389
4.693349373309951
4.663639387798801
4.633751558718053
4.60369787020653
4.573490052754346
4.5431395718639
4.512657617997607
4.482055097838997
4.451342626887051
4.4205305233967
4.389628803671479
4.358647178707579
4.327595052181619
4.296481519767782
4.2653153697634885
4.234105084996321
4.202858845978681
4.171584535270833
4.140289743007032
4.108981773534063
4.077667653106069
4.046354138574632
4.015047727008134
3.9837546661698284
3.952480965779823
3.9212324094819313
3.890014567432567
3.8588328094253477
3.8276923184617395
3.7965981046751835
3.7655550195137133
3.7345677700839257
3.703640933557702
3.6727789715421233
3.641986244312842
3.61126702481172
3.5806255123109088
3.5500658456480987
3.5195921159409718
3.4892083786934633
3.4589186652121726
3.4287269932580062
3.398637376866054
3.3686538352757216
3.338780400922891
3.309021126456501
3.2793800907529453
3.2498614039129787
3.2204692112368343
3.19120769618381
3.162081082332253
3.133093634363993
3.1042496581037295
3.075553499648156
3.0470095436212405
3.0186222105910074
2.990395953679245
2.962335254388598
2.9344446176619687
2.9067285661771294
2.879191633865881
2.8518383586323197
2.8246732742302063
2.7977009012460754
2.770925737123771
2.744352245159155
2.717984842392122
2.6918278863279705
2.665885660432871
2.640162358369483
2.614662066968883
2.589388747973981
2.5643462186365813
2.5395381313038783
2.514967952188091
2.4906389395724036
2.4665541217638745
2.442716275155315
2.4191279027991914
2.3957912139231428
2.3727081048245315
2.3498801415676507
2.327308544869647
2.3049941774993177
2.282937534428316
2.261138735870377
2.239597523227105
2.218313257836533
2.1972849223033895
2.1765111240892994
2.1559901009689217
2.1357197279260594
2.1156975250820054
2.0959206663233294
2.0763859884303937
2.057090000697605
2.0380288952713372
2.019198558694483
2.0005945854134293
1.9822122942437406
1.96404674897121
1.9460927843499791
1.9283450387168142
1.9107979942442157
1.8934460254900287
1.8762834563675805
1.8593046249759908
1.8425039549332367
1.8258760310024493
1.8094156759693294
1.7931180250026229
1.7769785932018436
1.760993331793705
1.7451586685528278
1.7294715285388225
1.7139293321715223
1.6985299689774318
1.683271746957819
1.668153319334489
1.6531735922711743
1.6383316188736798
1.6236264861636978
1.60905720263842
1.5946225943457848
1.580321217051537
1.5661512910430893
1.552110663471939
1.5381968010149538
1.52440681322689
1.5107375044926705
1.497185450214095
1.483747091016058
1.4704188375277116
1.4571971778183623
1.4440787798997499
1.4310605828078076
1.418139871516378
1.4053143330939213
1.3925820938036173
1.3799417389380642
1.3673923187405044
1.3549333445111211
1.3425647787470842
1.330287021891798
1.3181008961415592
1.3060076241570082
1.2940087980200865
1.282106332046163
1.270302392778699
1.2585993011671988
1.2469994057323024
1.2355049311622748
1.2241178134480397
1.212839539071938
1.2016710103717505
1.190612460499555
1.1796634382916378
1.1688228755327246
1.1580892372033451
1.1474607410346516
1.1369356185545816
1.1265123786421116
1.1161900290286184
1.1059682129857198
1.0958472281254628
1.0858279108433022
1.0759113911218205
1.0660987448649646
1.0563905909051146
1.0467866937612682
1.0372856383109503
1.027884637140056
1.018579515319816
1.0093648922747498
1.0002345495026124
0.9911819409405423
0.9822007754577936
0.9732855840518924
0.9644321823915539
0.9556379544399158
0.9469019135596137
0.938224538529318
0.9296074250169236
0.9210528286224557
0.9125631949628885
0.9041407701345288
0.8957873611269591
0.8875042759654674
0.8792924277958575
0.8711525480982288
0.8630854323169921
0.8550921415843054
0.8471741044777567
0.8393330937441412
0.83157108293154
0.8238900085553564
0.8162914741408116
0.8087764396060926
0.8013449497486427
0.7939959674264623
0.7867273766317093
0.779536189753815
0.772418926590352
0.7653720534140077
0.7583923282172638
0.7514769404247577
0.7446234627187478
0.7378297833596524
0.7310942494282988
0.7244161436074565
0.7177963651147998
0.7112379377663373
0.7047459142352628
0.6983264741560179
0.6919854176824364
0.685726578751137
0.6795506993133306
0.6734550116461103
0.6674334092779183
0.6614769448972089
0.65557457042791
0.6497143185786161
0.6438851679968666
0.6380794655781433
0.6322951919497509
0.626536984094252
0.6208150241040735
0.6151416801604952
0.6095268197183817
0.6039735240527311
0.5984760821920827
0.5930214038532992
0.5875935182096982
0.5821792611679822
0.5767725331795789
0.5713752550467461
0.565995055673956
0.560641587071051
0.5553239113752173
0.5500503005529973
0.544829857114275
0.5396739390655373
0.5345954056942671
0.529605252815219
0.5247083798690609
0.5199014827467386
0.5151750968818009
0.5105188455943714
0.5059261486630641
0.5013946293700138
0.49692177195909504
0.492499549745617
0.48811317397110293
0.48374622866098094
0.47938923784732035
0.4750453489956457
0.47072841783529695
0.4664545075896046
0.4622330325665292
0.45806378140443466
0.45394048765157813
0.44985542468517953
0.4457991589884171
0.44175670301988434
0.43770866743067854
0.4336430137095271
0.42956967863840845
0.42552244885348617
0.42154282741000276
0.4176581477239116
0.41386901218464306
0.410149381153216
0.40645607491110547
0.40274729082750593
0.39900619629612233
0.3952540833942716
0.39153785206094144
0.3878969249999883
0.3843361564631937
0.3808296134369604
0.37735160334789786
0.37390281074866505
0.3705060070895569
0.36718124110139033
0.36392626348339246
0.3607097371897502
0.3574761393953464
0.35417348223874806
0.35079763521064283
0.3474051308165984
0.3440651503945169
0.3407994901160723
0.33757845843599177
0.334370948466532
0.33118992471837305
0.32808743896574605
0.325106487441931
0.32224060988107966
0.3194411364911113
0.31665926144224626
0.3138755308669427
0.3110853764735406
0.3082688755839293
0.30540135119459455
0.3024974216349315
0.29962244122191906
0.2968459399032606
0.2941827402897263
0.291586963046271
0.2890088345902619
0.28643830370212353
0.2838827098374439
0.28133558308947243
0.27878327866031904
0.2762156096648452
0.27362794365031645
0.2710392774415035
0.2685010389881457
0.2660544526533082
0.2636820883093329
0.26132898996209536
0.25897188770578483
0.2566188921238043
0.2542569009758946
0.2518822091130049
0.24952966608858235
0.24722564833149926
0.24496597512670767
0.24273026571077003
0.24051229288647008
0.23832872677743464
0.2361605576320168
0.2339517665490042
0.23170713412314856
0.2295179855474029
0.22744331027013218
0.22544001144653297
0.2234732466274736
0.2215446671449653
0.2196129071123021
0.2176670182318181
0.21571380695374925
0.21376784689118764
0.21192018885874192
0.21014946853221828
0.20831002562232157
0.20634733630608465
0.2043017765807112
0.20223698357774716
0.20019738135028178
0.19822015345347985
0.19633359469340456
0.19454167075062245
0.19279282062126715
0.19104341041086736
0.1893749782307117
0.18773690356792183
0.18600979011056074
0.18423988155043314
0.18255134427256145
0.18095217857816998
0.17940124186611844
0.1778456965976364
0.17622110928936546
0.17455902618863006
0.1728621537505625
0.17113075859590907
0.16948713216234274
0.16790666059454595
0.16640230102277687
0.16496435399707673
0.1635112724553311
0.16201151705792716
0.16053302701972857
0.1590837418091091
0.15764148981864723
0.1561600250879126
0.15469841538974688
0.153296294341911
0.15187584996371986
0.1504344335465147
0.14901349306844278
0.1476128702100565
0.14624477349228004
0.14495873704240408
0.14365716956167618
0.14235125040449137
0.14117140602618447
0.1400247423766757
0.1387917757753271
0.13747903164815678
0.1362231271519718
0.13497992675122217
0.13364313716967227
0.13234922781185943
0.13111607851920132
0.1298667373633659
0.1285804294839245
0.12736319403576365
0.12626209663534368
0.12532381574514695
0.12438515672609309
0.12312745557736302
0.12180810666688077
0.12065144962743249
0.11953029155235835
0.11840774010024896
0.11740147155131307
0.1163831679848727
0.1152728853261665
0.11416326418431379
0.11304045349567796
0.11198641033469775
0.11100730935881784
0.11001816026972235
0.109179147567407
0.10813299343434143
0.10705376294382264
0.10607116169772143
0.10513421739707617
0.10417493917855075
0.10331404693800118
0.10224742394558807
0.10126668064256922
0.10048011506271838
0.09967130581027428
0.09875561496398474
0.09774440938841333
0.09680397421585667
0.09588905769616408
0.09494417453910053
0.09407597135121407
0.09323404161674854
0.09242822752647854
0.09156874102285062
0.09068959051599786
0.08991201623591089
0.08909486684214359
0.08817759150854193
0.08737253374618992
0.08663514146795985
0.08594496349265174
0.08506621001565051
0.08429592406054211
0.0835406653602655
0.08276822910179704
0.08214573158989535
0.0814808913493829
0.08074770864596187
0.08000147385023011
0.07919394317332377
0.07839094552122793
0.07760174625654644
0.07682676525941481
