0.17595459657009366
0.17758397901810433
0.1792284434821786
0.18088812938557516
0.1825631774326466
0.18425372962561098
0.18595992927175922
0.18768192099956912
0.1894198507665449
0.19117386587422505
0.19294411498006514
0.1947307481088351
0.19653391666534895
0.19835377344611205
0.20019047265404108
0.20204416991005936
0.20391502226515948
0.20580318821398902
0.20770882770913318
0.20963210217218822
0.2115731745078986
0.21353220911883844
0.21550937191669237
0.21750483033725732
0.219518753354234
0.22155131149301666
0.22360267684336121
0.22567302307612222
0.22776252545446676
0.22987136085146212
0.23199970776041756
0.23414774631431481
0.2363156582968038
0.23850362715811851
0.24071183803117155
0.24294047774457211
0.2451897348396182
0.24745979958517686
0.24975086399255203
0.252063121831303
0.25439676864591243
0.25675200177041513
0.2591290203444502
0.26152802533060066
0.26394921952969885
0.2663928075967549
0.2688589960582302
0.2713479933290235
0.2738600097283249
0.27639525749718347
0.27895395081514585
0.2815363058179642
0.2841425406139263
0.2867728753032901
0.2894275319932161
0.2921067348179265
0.2948107099552004
0.2975396856447172
0.3002938922067966
0.30307356205977365
0.30587892973979036
0.30871023191698804
0.3115677074172602
0.31445159723938276
0.317362144573817
0.3202995948231725
0.3232641956201612
0.32625619684845564
0.3292758506611281
0.332323411501227
0.33539913612107086
0.33850328360281046
0.3416361153781368
0.34479789524987486
0.34798888941055156
0.35120936646458223
0.35445959744878053
0.3577398558529125
0.36105041764153717
0.36439156127442895
0.36776356772790875
0.37116672051814403
0.3746013057206403
0.37806761199370187
0.38156593059980826
0.3850965554270712
0.3886597830133449
0.3922559125676411
0.3958852459920118
0.3995480879059718
0.40324474566848373
0.4069755294008622
0.41074075201066956
0.41454072921425467
0.418375779561196
0.4222462244579059
0.42615238819040924
0.43009459794906285
0.43407318385332183
0.43808847897470793
0.4421408193620013
0.4462305440657875
0.4503579951629634
0.45452351778134154
0.4587274601254292
0.4629701735004646
0.46725201233868546
0.47157333422422104
0.475934499918509
0.4803358733865031
0.4847778218215859
0.4892607156727427
0.4937849286692576
0.4983508378479897
0.5029588235792875
0.5076092695932309
0.5123025630064265
0.5170390943486444
0.5218192575897167
0.5266434501662518
0.5315120730087942
0.5364255305685635
0.5413842308460725
0.5463885854158124
0.55143900945666
0.5565359217774523
0.5616797448454216
0.5668709048135109
0.5721098315486467
0.577396958658955
0.5827327235224232
0.5881175673144534
0.593551935036136
0.5990362755425847
0.6045710415708223
0.6101566897679686
0.6157936807201643
0.621482478980413
0.6272235530969463
0.6330173756425473
0.6388644232414229
0.6447651765988337
0.6507201205297685
0.6567297439865355
0.6627945400878796
0.6689150061473802
0.6750916437015685
0.6813249585390976
0.6876154607282811
0.6939636646461332
0.7003700890062742
0.7068352568875919
0.7133596957621126
0.7199439375232034
0.7265885185136333
0.7332939795535267
0.7400608659681356
0.7468897276156552
0.7537811189143812
0.760735598870873
0.7677537311065699
0.7748360838852331
0.7819832301397326
0.789195747498742
0.7964742183135421
0.803819229684104
0.8112313734848642
0.8187112463910683
0.8262594499040772
0.8338765903764076
0.8415632790372295
0.8493201320163023
0.8571477703687548
0.8650468200989783
0.8730179121838417
0.8810616825963635
0.889178772328055
0.8973698274113268
0.9056354989416615
0.9139764430983772
0.9223933211661373
0.9308867995548478
0.939457549819587
0.9481062486801537
0.956833578039102
0.9656402250000281
0.9745268818851046
0.983494246251172
0.9925430209064968
1.0016739139249002
1.0108876386612464
1.020184913764419
1.0295664631902472
1.0390330162133727
1.0485853074384106
1.0582240768097226
1.0679500696207544
1.0777640365220131
1.0876667335279107
1.0976589220230135
1.1077413687663076
1.117914845895511
1.128180130928667
1.1385380067658264
1.1489892616885453
1.1595346893582679
1.1701750888138056
1.1809112644660842
1.1917440260932644
1.20267418883229
1.2137025731702509
1.224830004933424
1.2360573152749714
1.2473853406603
1.2588149228509462
1.270346908887142
1.281982151066719
1.2937215069238046
1.3055658392043266
1.3175160158400054
1.3295729099190239
1.3417373996558575
1.3540103683574654
1.3663927043878346
1.3788853011292863
1.3914890569418639
1.404204875119357
1.4170336638430527
1.429976336132132
1.4430338097916073
1.456207007356699
1.4694968560343165
1.482904287641382
1.4964302385394939
1.5100756495662973
1.5238414659634432
1.5377286373004915
1.551738117395615
1.565870864231703
1.580127839868978
1.594510010353525
1.6090183456211036
1.6236538193970547
1.6384174090915755
1.653310095690215
1.6683328636398382
1.6834867007295822
1.6987725979668962
1.7141915494481215
1.729744552224162
1.7454326061602972
1.761256713790784
1.77721788016715
1.7933171127011907
1.8095554210012634
1.8259338167026193
1.8424533132914933
1.859114925922026
1.875919671226943
1.8928685671210237
1.9099626325971208
1.9272028875156288
1.944590352385373
1.9621260481377663
1.9798109958921961
1.9976462167136961
2.0156327313621243
2.03377156003293
2.052063722088635
2.070510235781991
2.0891121179692336
2.107870383814172
2.1267860464825508
2.1458601168263534
2.1650936030577044
2.184487510412813
2.2040428408045902
2.223760592464533
2.243641759573609
2.263687331881046
2.283898294311716
2.304275626561464
2.3248203026795777
2.345533290639309
2.3664155518947694
2.387468040924978
2.4086917047641396
2.430087482518215
2.4516563048670443
2.473399093552181
2.495316760849923
2.5174102090288955
2.539680329792544
2.5621280037054643
2.5847540996036122
2.607559473988362
2.630544970403115
2.6537114187932596
2.6770596348481557
2.7005904193253585
2.72430455735678
2.748202817735603
2.7722859521848866
2.796554694606313
2.8210097603092206
2.845651845219729
2.870481625069186
2.895499754561648
2.9207068665202525
2.94610357101193
2.9716904544499165
2.9974680786740744
3.023436980008229
3.0495976682945
3.0759506259039755
3.1024963067233924
3.1292351351178462
3.1561675048683444
3.183293778084754
3.210614284093105
3.238129318297249
3.2658391410142706
3.2937439762836815
3.321844010649524
3.35013939191561
3.3786302278730966
3.4073165850005642
3.4361984871356963
3.4652759141188647
3.494548800408026
3.5240170336646672
3.5536804533106974
3.5835388490557922
3.6135919593954644
3.6438394700791044
3.6742810125480507
3.7049161623437743
3.7357444374856748
3.7667652968184573
3.7979781383293716
3.829382297434644
3.8609770452358014
3.892761586745053
3.924735059080795
3.9568965296323424
3.9892449941946735
4.02177937507298
4.054498519157502
4.087401195968633
4.12048609567284
4.1537518270695
4.187196915549204
4.220819801024068
4.2546188358302
4.288592282603419
4.322738312128286
4.3570550011617
4.3915403302313285
4.426192181410127
4.461008336067642
4.495986472598901
4.531124164132702
4.566418876219409
4.601867964500454
4.637468672360311
4.6732181285626
4.709113344871901
4.745151213662747
4.781328505517784
4.817641866816661
4.854087817318066
4.890662747736435
4.927362917316159
4.964184451405182
5.0011233390306895
5.038175430479501
5.075336434885803
5.112601917829346
5.149967298946862
5.187427849560164
5.224978690324217
5.262614788898586
5.300330957646021
5.338121851362164
5.375981965040135
5.413905631674361
5.451887020108103
5.489920132928917
5.527998804417138
5.566116698552175
5.6042673070816225
5.642443947658652
5.680639762053141
5.718847714442141
5.757060589785751
5.795270992294292
5.833471343993192
5.871653883391985
5.909810664264216
5.947933554545029
5.9860142353534265
6.024044200146722
6.0620147540143625
6.099917013118908
6.1377419042919215
6.175480164792826
6.213122342238802
6.250658794714041
6.288079691067028
6.325375011404167
6.362534547788779
6.399547905154197
6.4364045024400225
6.473093573960636
6.509604171015129
6.545925163747869
6.5820452432691505
6.617952924045024
6.653636546565904
6.689084280303062
6.724284126962589
6.759223924045739
6.793891348725105
6.828273922045538
6.862359013458769
6.896133845700452
6.929585500018171
6.9627009217587235
6.995466926322626
7.027870205493675
7.059897334150696
7.091534777368683
7.122768897915547
7.153585964150714
7.183972158330892
7.213913585327988
7.243396281763339
7.272406225561941
7.300929345929309
7.32895153375325
7.356458652431451
7.383436549125354
7.409871066439551
7.435748054524937
7.461053383602881
7.4857729569064455
7.509892724033515
7.533398694705431
7.556276952923435
7.578513671513811
7.600095127051216
7.6210077151482425
7.641237966097635
7.660772560852068
7.679598347324711
7.697702356992256
7.715071821780153
7.731694191208241
7.747557149773106
7.762648634541674
7.7769568529287225
7.790470300629225
7.8031777796744555
7.81506841657905
7.826131680544359
7.83635740168152
7.84573578921594
7.854257449633182
7.861913404724348
7.868695109487556
7.87459446984042
7.87960386009697
7.883716140160945
7.886924672386183
7.889223338053492
7.890606553412422
7.891069285235305
7.890607065830262
7.88921600745914
7.886892816106022
7.883634804541631
7.879439904628932
7.874306678815499
7.868234330758515
7.861222715029064
7.8532723458432
7.844384404768566
7.834560747356675
7.823803908652874
7.812117107537887
7.799504249857289
7.785969930297831
7.7715194329724895
7.756158730679318
7.739894482802751
7.722734031829792
7.704685398457647
7.685757275273721
7.665959018993619
7.6453006412476014
7.623792797911161
7.601446776980701
7.578274485000914
7.5542884320560475
7.5295017153433035
7.503928001352421
7.477581506681658
7.450476977526471
7.4226296678833155
7.394055316517086
7.364770122746723
7.334790721109504
7.304134154970236
7.272817849147165
7.240859581631832
7.208277454485103
7.17508986399636
7.141315470197316
7.106973165825819
7.072082044838617
7.036661370575171
7.000730543677183
6.964309069870549
6.927416527717976
6.890072536451509
6.85229672399449
6.814108695282241
6.775528000990019
6.736574106775282
6.69726636313924
6.657623976010208
6.617665978147971
6.577411201464702
6.536878250353816
6.4960854761133495
6.4550509525454
6.413792452807473
6.372327427585851
6.3306729846547025
6.2888458698781475
6.246862449705843
6.204738695205611
6.1624901676695085
6.120132005822709
6.077678914657081
6.0351451559041775
5.992544540155026
5.949890420626748
5.907195688568867
5.864472770294882
5.821733625817679
5.778989749060225
5.736252169606088
5.693531455947576
5.650837720182522
5.608180624104199
5.565569386622579
5.523012792448877
5.480519201969377
5.43809656222906
5.395752418940111
5.353493929425644
5.311327876404748
5.269260682521253
5.227298425515872
5.185446853939341
5.143711403303509
5.102097212567508
5.060609140857983
5.019251784325544
4.978029493044433
4.936946387868828
4.896006377167542
4.855213173368707
4.814570309257477
4.77408115398291
4.733748928744088
4.693576722140588
4.6535675051875405
4.613724146010609
4.574049424250226
4.534546045216724
4.4952166538479705
4.456063848527327
4.417090194821767
4.378298239196863
4.339690522755861
4.301269595034091
4.263038027856755
4.224998429237313
4.1871534572558184
4.149505833811712
4.112058358095084
4.074813919565467
4.037775510169949
4.000946235475352
3.964329324335266
3.927928136665234
3.8917461688624964
3.8557870563837375
3.820054572989626
3.784552626182292
3.749285248404127
3.714256583636469
3.6794708691358955
3.644932412174637
3.6106455618082904
3.5766146758758754
3.542844083639295
3.5093380446843425
3.476100704925139
3.443136050767662
3.41044786268404
3.378039669614852
3.3459147057390264
3.3140758712171214
3.2825256985129494
3.251266325821285
3.220299478969926
3.189626462920242
3.159248163664253
3.1291650609157826
3.099377251531329
3.069884483091535
3.0406861965502405
3.011781576342438
2.983169605865998
2.9548491258469824
2.926818892795851
2.8990776345911446
2.8716241002114025
2.8444571007917765
2.8175755395151456
2.790978428353991
2.7646648903416966
2.738634146839849
2.7128854901395845
2.687418242637046
2.6622317046947797
2.6373250940780335
2.6126974804736207
2.5883477190018085
2.5642743867734055
2.540475726397119
2.5169495999007325
2.4936934558141073
2.4707043112190386
2.4479787494730987
2.425512933154863
2.4033026306634864
2.381343253947479
2.3596299041381594
2.338157421504561
2.3169204361772375
2.295913416513969
2.2751307127582927
2.2545665946808904
2.2342152830612143
2.2140709760019393
2.1941278720029747
2.174380192302436
2.154822205107292
2.135448253938549
2.116252791435821
2.0972304187191453
2.0783759289834203
2.0596843526481146
2.0411510003662325
2.022771499752202
2.004541821988348
1.9864582955726726
1.9685176062967376
1.9507167848643605
1.9330531860220632
1.9155244652247743
1.8981285602354365
1.880863685240728
1.8637283437821548
1.8467213639916458
1.829841955488687
1.8130897823290886
1.7964650413342058
1.7799685308880047
1.7636016928285725
1.7473666102229877
1.7312659471400562
1.7153028230902565
1.6994806240524722
1.6838027627819228
1.668272411669124
1.6528922397425645
1.6376641894518116
1.6225893270744733
1.6076677923132865
1.5928988584907176
1.5782810966715168
1.5638126181788858
1.5494913540895923
1.5353153210275878
1.5212828225331518
1.5073925453042427
1.4936435283728795
1.4800350074562731
1.4665661616260193
1.4532358100921694
1.4400421191789485
1.4269823811025586
1.4140529167133595
1.4012491356350285
1.3885657622224632
1.3759972080178076
1.3635380444784515
1.3511835071359208
1.3389299475189933
1.3267751457809296
1.3147184084093537
1.302760403732153
1.2909027322982933
1.279147284371948
1.2674954927052604
1.2559476319007752
1.2445023319818556
1.2331564527636885
1.2219054042420876
1.2107439034639738
1.1996670474693154
1.188671480304104
1.177756368929795
1.1669239044561497
1.1561791268337849
1.1455290284010078
1.1349810934723807
1.124541620540422
1.1142142802177608
1.1039993273022788
1.0938936944207918
1.08389189892412
1.0739874070043611
1.0641739524319038
1.0544463871154286
1.0448009233284543
1.0352349691860205
1.0257469588440553
1.0163364968963993
1.0070048003566483
0.9977550421267816
0.9885920566321299
0.9795211183034731
0.9705460398089909
0.9616673218159714
0.9528811737959058
0.944179831386746
0.935552993940967
0.9269898323954398
0.9184811001929384
0.9100212059623257
0.9016101903190213
0.8932551266516383
0.884969885115206
0.8767722495981538
0.8686785556940648
0.8606978307241868
0.8528284827390885
0.8450596897474955
0.8373769559862789
0.8297685929366694
0.8222292527603975
0.8147587457821563
0.8073576996124119
0.8000236306329181
0.7927502379359187
0.7855299976501174
0.778357724277078
0.7712324769825184
0.7641569309244647
0.7571354094117991
0.7501724244523358
0.7432724280886747
0.7364398030405305
0.7296777245162334
0.7229860446771579
0.716360349262647
0.7097943642544623
0.7032850874094349
0.6968367166542312
0.6904593864757115
0.6841629098364039
0.6779504294925351
0.671816996895158
0.6657529921250603
0.6597474011887934
0.6537871181606738
0.6478547583700942
0.6419314877702808
0.6360074198759129
0.6300934263027389
0.6242237161333609
0.6184432794584446
0.6127849427957227
0.6072499695571275
0.6018071517487161
0.5964140981823587
0.5910451441051136
0.5857004695421564
0.5803873122862765
0.5750955040231617
0.5697992014257086
0.5644871069412686
0.5591866158007114
0.5539492811923991
0.5488072173062922
0.5437452184498429
0.5387196057618716
0.5337045280310553
0.5287168630579552
0.5237983077327482
0.5189822611134359
0.5142805880881057
0.5096900928251571
0.5051966369622318
0.5007705039516088
0.496367413024128
0.49194613699568296
0.4874938344584981
0.48303747739490577
0.47862462611120504
0.4742777148717382
0.46996067835169475
0.46560869932697674
0.4612050084788162
0.45680850696536
0.45249048303616163
0.44826788522789085
0.4441104486861759
0.439979703786115
0.43584392945416933
0.43169131228478314
0.4275560266422755
0.42350443545096256
0.419568373864012
0.4157138369737941
0.4118937241050464
0.40810076924517064
0.4043509552999631
0.4006477488862658
0.3969909651170632
0.3934112055259175
0.38995182776044174
0.38659843915837544
0.3832800878522162
0.37995336447044037
0.37662792482714
0.37330413000051366
0.3699308958414679
0.3664488707776724
0.36287769857355784
0.35934274530777394
0.3559568695961354
0.35269472608061697
0.34946262996221394
0.3462293425626767
0.34302529894637707
0.33989393575244997
0.3368734590326256
0.33396391256676083
0.33109640713308985
0.32814604825286514
0.3250494959899936
0.32192740242103224
0.3189169017156869
0.3159543480707954
0.31296208227692185
0.3100738834136675
0.3074061102218139
0.30483934039428306
0.30219545594230124
0.2993899760047453
0.2964777350098424
0.2936023393424413
0.29079640834138915
0.28797191647954384
0.2851146510495882
0.28234957927540894
0.2797430496021232
0.27725910073637067
0.2747762766467175
0.2723306697846742
0.27006074802295527
0.2678949255795289
0.26563804628173954
0.26319556153233853
0.2606681600555024
0.2581742402850967
0.2557216611799656
0.2534319129172714
0.25130002377593885
0.24906791320395313
0.2467411979360837
0.2444988566108638
0.24232706675335106
0.24013735548764562
0.237909138338177
0.2356561267419033
0.23345931650146895
0.23134086431383102
0.22927146537422333
0.22721137835231314
0.22508695754178906
0.22287470813112564
0.2208000762419463
0.21893748526293427
0.21700320400759335
0.21490578496540172
0.21286543310884917
0.21088551025765626
0.20892179827714388
0.20690651314597502
0.20492777450129368
0.20306546518142093
0.20123903083331482
0.1995103629394786
0.19780980271820015
0.1959199246880519
0.19409852462575247
0.19241847967110062
0.19062468853679165
0.18876421774263658
0.18691667547544788
0.18507144713208168
0.18334305268147308
0.1818185569636565
0.18036463197214173
0.17883688223948482
0.17726987125519628
0.17569068233894816
0.17407453813507767
0.1723065005208169
0.1706815938090227
0.16928124330786049
0.16790155007475777
0.16631178489129048
0.16451341572083084
0.16285382513326432
0.1613628663045895
0.1599788805058323
0.1586276725827779
0.15713550003309015
0.15542766015558734
0.15384097345161216
0.1526228646552505
0.15140608507383285
0.15003559100255592
0.14868551606409344
0.14727948026585233
0.14598248507242423
0.1446199180943332
0.14325532298891738
0.14190100526059243
0.14058655033798134
0.139236286276417
0.13796189442579007
0.13664011063489384
0.13543527639223527
0.13429112218446804
0.13326715268273498
0.13205398283759343
0.1307483447788692
0.12949335597679323
0.12826727878209337
0.12732623371173754
0.12622095652001059
0.1248089339914568
0.12359244715731135
0.12251259670953303
0.12138936360443212
0.12043025082628603
0.1193774693273568
0.1182262514900141
0.1170169923136816
0.11605298646448396
0.1150212921855404
0.1138383074605049
0.1127466093020743
0.11159975752619525
0.11054774002142564
0.10964344339248659
0.10838249331533062
0.1073978880993177
0.10664156030826086
0.10573368416009471
0.10474056051579753
0.10375855843062173
0.10273066552810099
0.10181238797993557
0.10107280208181031
0.1000985620438904
0.09901417165383396
0.09808895578280469
0.09732286367304481
