0.3933378439294087
0.396979859106668
0.40065557484773057
0.4043653023811878
0.4081093557909448
0.41188805205006424
0.41570171103219483
0.4195506555495381
0.4234352113786179
0.42735570728055605
0.4313124750292228
0.43530584944568806
0.43933616841809797
0.4434037729290523
0.44750900708769586
0.4516522181562029
0.45583375657592745
0.46005397599857145
0.4643132333137931
0.46861188867720804
0.47295030554200573
0.47732885068370545
0.48174789423427944
0.48620780971325445
0.49070897405196234
0.49525176762870987
0.49983657429694844
0.5044637814181986
0.5091337798904726
0.5138469641833074
0.5186037323658587
0.5234044861416619
0.5282496308763421
0.5331395756369917
0.5380747332187761
0.5430555201793049
0.548082356873557
0.5531556674855798
0.5582758800635673
0.5634434265523045
0.5686587428279404
0.5739222687318001
0.5792344481098022
0.5845957288370427
0.5900065628657802
0.5954674062508575
0.6009787191920802
0.6065409660647085
0.6121546154607883
0.6178201402244338
0.6235380174858625
0.6293087287015446
0.6351327596914355
0.6410106006749203
0.6469427463108944
0.6529296957349888
0.6589719525972129
0.6650700251026334
0.6712244260485458
0.6774356728656725
0.6837042876563855
0.6900307972353836
0.6964157331701288
0.7028596318192416
0.7093630343767209
0.7159264869085874
0.7225505403994932
0.7292357507891558
0.7359826790171219
0.7427918910642634
0.7496639579944697
0.7565994559993036
0.763598966436909
0.7706630758805657
0.7777923761574005
0.7849874643943888
0.7922489430619772
0.7995774200193647
0.8069735085573747
0.8144378274426995
0.821971000964804
0.8295736589830427
0.8372464369652974
0.8449899760418025
0.8528049230451642
0.8606919305602136
0.8686516569700885
0.8766847665007239
0.8847919292711331
0.8929738213379387
0.9012311247445209
0.9095645275684116
0.9179747239692335
0.926462414236228
0.9350283048389344
0.943673108470942
0.9523975441047695
0.9612023370381386
0.9700882189409002
0.979055927908829
0.988106208510137
0.9972398118367435
1.0064574955539332
1.0157600239501068
1.0251481679877767
1.0346227053532357
1.0441844205089188
1.053834104741962
1.06357255621587
1.0734005800236883
1.0833189882360816
1.0933285999535816
1.103430241359259
1.1136247457697606
1.123912953685402
1.1342957128433415
1.1447738782686467
1.1553483123270112
1.1660198847748071
1.1767894728135717
1.1876579611389018
1.1986262419933869
1.2096952152213696
1.2208657883150589
1.2321388764717678
1.2435154026424802
1.2549962975851385
1.266582499915194
1.2782749561582754
1.2900746208000162
1.3019824563395515
1.3139994333380756
1.3261265304722984
1.3383647345837613
1.350715040728899
1.3631784522319674
1.3757559807325428
1.3884486462361032
1.4012574771640594
1.414183510403372
1.4272277913539753
1.4403913739789853
1.453675320851737
1.4670807032039073
1.480608600973426
1.494260102849725
1.5080363063219069
1.521938317723537
1.5359672522786745
1.5501242341448251
1.5644103964591285
1.578826881380625
1.5933748401327303
1.6080554330463266
1.6228698295993609
1.637819208458897
1.6529047575194489
1.6681276739420017
1.6834891641917022
1.6989904440750736
1.7146327387753473
1.7304172828873097
1.746345320450362
1.7624181049820815
1.778636899507691
1.7950029765916788
1.8115176183662698
1.8281821165568966
1.8449977725106945
1.8619658972186865
1.8790878113394651
1.8963648452208834
1.9137983389184148
1.9313896422141377
1.9491401146319767
1.967051125451903
1.9851240537224966
2.003360288271374
2.021761227711486
2.040328280449749
2.0590628646885634
2.077966408428055
2.097040349464934
2.1162861353887115
2.135705223575761
2.1552990811800923
2.175069185122267
2.1950170220747025
2.21514408844356
2.235451890349463
2.2559419436025583
2.2766157736763684
2.2974749156766454
2.318520914308045
2.3397553238366005
2.3611797080479477
2.3827956402022386
2.404604702985615
2.4266084884560457
2.4488085979860927
2.471206642201599
2.493804240913935
2.516603023050361
2.5396046265762755
2.562810698415679
2.5862228943643997
2.6098428789986583
2.6336723255782504
2.6577129159439425
2.6819663404097294
2.70643429764721
2.7311184945666813
2.756020646188805
2.7811424755123784
2.806485713374082
2.832052098300384
2.8578433763549507
2.8838613009753624
2.9101076328058593
2.9365841395189567
2.963292595630769
2.990234782308608
3.0174124871685315
3.044827504065331
3.072481632872787
3.100376679255654
3.1285144544309245
3.1568967749200176
3.1855254622916225
3.2144023428919493
3.2435292475677873
3.2729080113749003
3.3025404732782597
3.3324284758391802
3.3625738648912002
3.392978489203117
3.4236442001308443
3.4545728512550724
3.4857662980068356
3.517226397278887
3.548955007023748
3.5809539858366892
3.613225192525469
3.6457704856638036
3.6785917231299843
3.711690761630298
3.745069456204718
3.778729659718049
3.812673222332273
3.846901990962925
3.881417808716265
3.916222514308855
3.951317941468763
3.9867059183165763
4.022388266727424
4.058366801672364
4.09464333053938
4.131219652433206
4.168097557453542
4.205278825950399
4.24276522775745
4.280558521402367
4.318660453292051
4.357072756875006
4.395797151778119
4.43483534291746
4.474189019584262
4.513859854503184
4.5538495028637245
4.594159601323862
4.634791766985392
4.675747596339951
4.717028664185246
4.758636522511379
4.800572699355968
4.842838697627819
4.885435993897942
4.928366037158272
4.971630247546692
5.015230015037319
5.059166698096267
5.103441622301975
5.148056078929005
5.19301132349483
5.238308574269246
5.283949010744966
5.329933772070008
5.376263955439289
5.422940614446515
5.469964757394897
5.517337345565513
5.565059291443691
5.613131456902123
5.661554651339552
5.710329629775445
5.759457090899339
5.808937675073602
5.8587719622906
5.908960470081504
5.959503651378007
6.010401892325193
6.061655510045325
6.1132647503512745
6.165229785410696
6.217550711358204
6.270227545856677
6.323260225606283
6.376648603801004
6.430392447532174
6.484491435138886
6.538945153503636
6.593753095294628
6.648914656153073
6.70442913182522
6.760295715239981
6.816513493530289
6.873081444998988
6.929998436029473
6.987263217939832
7.044874423781463
7.102830565081326
7.16113002852943
7.219771072609423
7.278751824174818
7.338070274969646
7.3977242780943575
7.45771154441783
7.518029638935268
7.578675977073423
7.639647820943167
7.700942275540837
7.762556284898986
7.824486628187643
7.886729915767071
7.9492825851940605
8.01214089718204
8.075300931517528
8.138758582934166
8.202509556946168
8.266549365643652
8.330873323451
8.395476542851915
8.460353930082329
8.525500180794928
8.590909775697535
8.65657697616813
8.722495819850971
8.788660116235619
8.855063442224113
8.921699137688694
8.988560301025666
9.055639784708355
9.12293019084504
9.190423866745604
9.258112900502834
9.325989116593218
9.394044071503236
9.462269049386627
9.530655057759791
9.599192823240344
9.667872787337222
9.736685102298434
9.805619627024232
9.874665923053623
9.94381325063199
10.013050564868538
10.082366511992449
10.151749425716293
10.221187323716828
10.290667904242891
10.360178542860096
10.429706289343637
10.49923786472953
10.568759658535868
10.638257726165715
10.707717786503624
10.777125219718322
10.846465065284088
10.915722020234023
10.984880437659044
11.053924325465859
11.122837345408653
11.191602812408538
11.26020369417618
11.328622611152214
11.396841836781375
11.464843298135754
11.532608576903765
11.60011891076042
11.6673551951361
11.734297985400335
11.800927499477442
11.867223620911375
11.933165902396963
11.998733569794666
12.063905526646808
12.128660359212255
12.192976342037097
12.256831444078994
12.320203335402208
12.383069394460552
12.445406715985333
12.507192119494754
12.56840215844148
12.629013130014023
12.68900108560786
12.74834184198105
12.807010993109126
12.86498392275269
12.922235817751204
12.978741682055029
13.034476351507044
13.089414509384204
13.14353070270863
13.196799359335644
13.24919480582639
13.300691286109819
13.35126298093825
13.400884028139002
13.449528543662408
13.497170643425356
13.543784465947276
13.58934419577316
13.633824087676997
13.677198491635384
13.719441878560168
13.760528866775228
13.800434249220876
13.83913302136606
13.876600409805945
13.912811901519746
13.947743273760171
13.981370624543526
14.013670403705321
14.044619444484121
14.074194995591952
14.102374753727016
14.1291368964805
14.154460115586092
14.178323650456987
14.20070732195193
14.221591566307955
14.240957469174367
14.258786799678466
14.27506204445051
14.289766441531686
14.302884014085665
14.31439960383106
14.324298904108916
14.332568492496518
14.339195862875872
14.344169456862735
14.347478694499431
14.349114004112971
14.349066851237618
14.347329766499804
14.343896372361865
14.338761408620243
14.331920756553197
14.323371461612982
14.313111754557655
14.301141070918542
14.287460068700577
14.27207064421431
14.254975945940938
14.23618038633415
14.2156896514662
14.193510708429445
14.169651810409015
14.144122499347636
14.116933606128983
14.088097248212701
14.057626824660657
14.025537008502045
13.991843736392525
13.956564195531682
13.91971680781217
13.881321211183472
13.841398238223833
13.799969891924235
13.757059318699648
13.71269077865412
13.666889613138117
13.61968220964854
13.571095964133962
13.521159240780099
13.469901329362749
13.417352400267697
13.363543457289436
13.308506288332294
13.252273414149208
13.194878035264724
13.136353977239411
13.07673563444284
13.016057912512032
12.954356169680494
12.89166615717095
12.828023958851437
12.76346593036026
12.69802863790977
12.631748796982173
12.564663211132883
12.496808711117453
12.428222094557583
12.358940066359773
12.288999180096718
12.2184357805567
12.14728594766021
12.075585441935294
12.00336965173444
11.930673542365522
11.857531607298316
11.78397782159552
11.71004559770395
11.63576774372756
11.561176424288952
11.486303124070481
11.41117861411058
11.335832920914484
11.26029529842249
11.184594202862932
11.10875727050102
11.032811298279487
10.956782227331955
10.880695129336141
10.804574195660546
10.728442729246082
10.65232313915313
10.576236937694409
10.500204740065186
10.42424626637529
10.348380345980862
10.272624924009026
10.196997069965159
10.121512988309874
10.046188030891619
9.971036711120458
9.8960727197695
9.82130894229172
9.746757477542264
9.672429657799194
9.59833606997891
9.524486577945975
9.45089034582141
9.377555862197319
9.304490965170121
9.231702868109174
9.159198186081861
9.086982962860882
9.015062698443948
8.943442377020967
8.872126495328454
8.801119091335753
8.730423773212848
8.660043748534434
8.589981853679815
8.5202405833934
8.450822120474784
8.381728365571318
8.312960967049362
8.244521350921852
8.176410750809833
8.108630237913577
8.041180750963655
7.9740631261142765
7.907278126729105
7.840826472993681
7.774708871267897
7.708926043066546
7.643478753526273
7.578367839182855
7.513594234844668
7.449158999307613
7.385063339614041
7.321308633515695
7.2578964497602385
7.194828565784067
7.132106982364323
7.069733934762077
7.00771189988008
6.946043598964318
6.884731995401906
6.823780287211036
6.763191893882987
6.702970437323601
6.643119716752458
6.583643677551692
6.524546374212061
6.465831927699142
6.407504477753477
6.349568130840992
6.29202690467765
6.234884670458444
6.178145094116757
6.121811578117103
6.065887205432235
6.010374687463801
5.95527631772392
5.90059393309288
5.84632888439607
5.792482017893787
5.739053669045714
5.686043669595347
5.633451368621673
5.58127566773323
5.529515070047749
5.478167742028164
5.427231586660159
5.376704325889391
5.326583589724241
5.276867008991309
5.2275523084433155
5.178637396795198
5.130120450328437
5.081999986967331
5.0342749281881565
4.986944646749217
4.940008998981887
4.893468341198437
4.847323530575374
4.801575911580184
4.756227289546894
4.711279893309218
4.666736328834757
4.622599525572155
4.578872676771232
4.535559174454715
4.492662539136616
4.450186343945495
4.408134132669115
4.366509331508138
4.325315155069436
4.2845545083168375
4.244229887699776
4.204343286267196
4.164896108930965
4.125889104815304
4.0873223234805645
4.04919510049584
4.011506075273532
3.9742532404072257
3.937434017353307
3.9010453487753867
3.865083793993895
3.829545611556441
3.7944268126627367
3.7597231714658097
3.725430183151151
3.691542967712723
3.6580561255853734
3.6249635595019947
3.592258283737292
3.559932246039742
3.5279761882211287
3.496379568382258
3.4651305616330412
3.4342161480729105
3.4036222882654115
3.3733341789987747
3.3433365768927716
3.3136141747843952
3.284152015342495
3.254935926857266
3.2259529661416266
3.1971918517240865
3.1686433665467484
3.140300703873033
3.112159724829806
3.0842190934042337
3.0564802571493512
3.028947250747863
3.001626314779439
2.9745253416161876
2.9476531810960185
2.921018856860764
2.8946307570529384
2.8684958689857214
2.8426191265882514
2.817002932994963
2.7916469095271483
2.7665479062675526
2.741700286906752
2.7170964698349027
2.692727668914644
2.6685847357338948
2.6446589704961476
2.6209427548610287
2.5974298798664206
2.5741155010303785
2.550995743300246
2.528067078442815
2.505325674377611
2.4827669379816317
2.4603854221602752
2.4381751513443093
2.4161302709918115
2.394245798239579
2.3725181943757616
2.3509455256389975
2.3295271208778625
2.3082628286962317
2.287152154338896
2.2661936487820644
2.245384884920166
2.224723185401842
2.2042070053557685
2.1838375977538766
2.163620392018562
2.143565481149467
2.1236867861714313
2.1039998343122788
2.0845185582297674
2.0652519417823423
2.0462015276668066
2.0273606429301347
2.0087156971770184
1.9902492282075548
1.9719437786817644
1.9537854371575765
1.9357660711650948
1.917883811137933
1.9001419484538915
1.8825468187656509
1.865105328367147
1.8478226195287235
1.8307001537903487
1.8137343874505318
1.796916255046115
1.7802317639387812
1.7636639850486084
1.7471964965117837
1.7308179001667998
1.7145265165933634
1.698334021428795
1.6822668855313117
1.6663651118499394
1.6506786213013531
1.6352621056271128
1.6201687899499058
1.6054426869512333
1.5911087798253853
1.5771622001190386
1.5635603509608076
1.550223607351832
1.5370480342859019
1.5239274583321498
1.5107759863907322
1.4975408600750126
1.484201308490706
1.4707579843238017
1.4572226791326286
1.4436152627741432
1.4299668301136699
1.416321894526944
1.4027332403790544
1.3892496648934565
1.3759035475565116
1.3627066221743225
1.3496573892141621
1.3367556682225332
1.32401428094774
1.311458954949647
1.2991152342905206
1.2869905077442632
1.2750633871326638
1.263288322774997
1.2516136868522654
1.2400035034662256
1.2284516996929724
1.2169831165832763
1.2056429546658762
1.1944805554375462
1.1835329526341096
1.1728117515427883
1.1622968673267695
1.1519408153225954
1.141684066244702
1.1314766287224094
1.1212976200304823
1.111163816028065
1.1011202828055928
1.0912156972774156
1.0814792651406264
1.0719172770592706
1.062526545908637
1.0533029118120436
1.044231581863664
1.03526980070422
1.0263420149352585
1.0173578764522908
1.008243496803442
0.9989603545339718
0.9895017599221188
0.9798955174759028
0.9702306820978852
0.9606596246585642
0.9513279447496364
0.9422870002483287
0.9334829018473177
0.924822369930264
0.9162445318048151
0.907755828000267
0.8994183517519173
0.8912959201102119
0.8833965376374614
0.8756598913247827
0.867996932901852
0.8603449712720201
0.8526863749393065
0.8450184291084291
0.8373386718865412
0.8296837179862782
0.8221283938985806
0.8146866965128775
0.8072632107744633
0.7997682880807407
0.792232151859358
0.784743633544966
0.777324072222198
0.7699508137076806
0.7626958994173613
0.7557074108333267
0.7489989776532517
0.7423914887471113
0.7357360321299083
0.7290760637869689
0.7225254899718917
0.7161157489653456
0.7097859150418179
0.7033740190537293
0.6966777669291351
0.689657888729877
0.682517884889497
0.6755388919350366
0.6688870991914811
0.6625661897321384
0.6564898343737106
0.6506063160640365
0.6449168401181924
0.6393509964445055
0.6337845616625564
0.6282662281259397
0.6229627868719977
0.6178051425044063
0.6125368613698803
0.6070869866642575
0.6016008715292883
0.5961960890544665
0.5908501849289486
0.5854611884536575
0.5798804130751793
0.5740588484667721
0.5682397497396934
0.5626391172890574
0.5572246475125192
0.5519974698381159
0.5471280718710548
0.5426948317343506
0.5384660272429533
0.5340707104168709
0.5292919729729306
0.5242338185111649
0.5192800283334826
0.5147315828793926
0.5104523281691947
0.5060607697275741
0.5016797788714429
0.4975198771440751
0.4933817473055234
0.48890500943419374
0.4839002487789869
0.478703177945129
0.47370448343194416
0.46892224102110147
0.46417819773716074
0.4593590056401331
0.45458140891012866
0.4499260014482067
0.44546006699999824
0.441096602074739
0.4367374008430736
0.43260991049680875
0.4288409680898089
0.4252145201893327
0.42160012785841094
0.41784350689352073
0.4138594497559039
0.40978144048402854
0.40586920730241594
0.4023333207972931
0.3991639577410951
0.3961365652934288
0.39280731347104436
0.3891197043784791
0.3853826149108125
0.38170895631114854
0.37819486603762026
0.37487603643497186
0.3718512872393574
0.3690035353715878
0.3658901971355963
0.362273920313031
0.35839207653459837
0.354393673325532
0.35071278713145887
0.3477193023199995
0.34509163740490195
0.3418982703574681
0.33791175484145997
0.3339354773835014
0.3306872516161815
0.327831197705311
0.32515328081448425
0.3228998804788966
0.32081486817772964
0.31781507844309337
0.3145751585927763
0.3112572172671282
0.3081898958767646
0.30582745399806877
0.3034441998352554
0.3007545037318686
0.29803974523189775
0.29551325099266446
0.2928458515934993
0.29034427796149453
0.28797650790211327
0.285407843099218
0.2826598571182784
0.27979239381215604
0.2768640890964487
0.27420571221136636
0.2716619322939676
0.2697206104770098
0.26813319047245315
0.2659126867103472
0.26357440405869315
0.26099279754443255
0.2582838826322948
0.25565651158025887
0.25332664595057963
0.2508748499130001
0.24841328960555537
0.24599091534960285
0.24330897380316363
0.24045643737817807
0.2383364242403626
0.2366928823494631
0.2349300593714204
0.2326508515345121
0.23047209295536775
0.22866482223455434
0.22649744601011623
0.22419024359318332
0.22219871288435547
0.2206114938298589
0.21877212693529002
0.21605780560507074
0.21390224254090542
0.2121196246319776
0.2104943952530352
0.20896028356465735
0.20672669675629304
0.20418337682194837
0.20183653343943692
0.19978627551317743
0.19854599064453682
0.1973244863747978
0.1954089134908265
0.1936903626956582
0.19184593046637385
0.18966351423141992
0.18746807313224315
0.1860848212955334
0.18478075969902613
0.1827542026398094
0.18102631321851403
0.1794413334341881
0.17814407038888527
0.17641445606241332
0.17461441932531452
0.17291034239056707
0.17122800905353736
0.16999308341281466
0.16865045729600808
0.1664660728646867
0.16511563219852918
0.164312613149136
0.16249230759692346
0.1608258239320519
0.15946987995802261
0.15809224692826318
0.15689692385005474
0.1553154252754695
0.15359372958384754
0.15234175576302852
0.15085686453686217
0.1490856751549893
0.14760135922725823
