0.29355369688683897
0.2962719102815245
0.29901527958557594
0.30178403721629465
0.30457841772861666
0.3073986578327023
0.3102449964132933
0.31311767454919354
0.31601693553712795
0.31894302490363535
0.3218961904345529
0.32487668219107574
0.3278847525265536
0.3309206561114957
0.3339846499588684
0.3370769934321279
0.3401979482799417
0.34334777865013005
0.34652675111356845
0.34973513468497763
0.3529732008451518
0.3562412235649019
0.35953947932370156
0.36286824713450244
0.36622780856853954
0.36961844777383285
0.3730404514984528
0.37649410912008835
0.37997971266303154
0.3834975568208071
0.3870479389882956
0.3906311592767441
0.39424752054357737
0.3978973284138095
0.40158089130645275
0.40529852045827824
0.4090505299501888
0.412837236730104
0.4166589606423246
0.4205160244479516
0.4244087538555754
0.42833747754258006
0.4323025271878861
0.43630423749015645
0.4403429462036137
0.44441899415581687
0.44853272528115373
0.45268448664597516
0.4568746284758795
0.46110350418393725
0.46537147039838217
0.4696788869918472
0.4740261171069113
0.4784135271871529
0.48284148700475676
0.4873103696927145
0.49182055176882894
0.4963724131669714
0.5009663372708669
0.5056027109368316
0.5102819245302721
0.5150043719524849
0.5197704506737898
0.5245805617598563
0.5294351099056065
0.5343345034704141
0.539279154501335
0.5442694787693065
0.5493058958036844
0.5543888289169813
0.5595187052452351
0.564695955775076
0.569921015377917
0.5751943228435781
0.580516320914646
0.5858874563168835
0.5913081797943082
0.5967789461450527
0.6023002142511753
0.607872447118388
0.6134961119048171
0.6191716799598208
0.6248996268594181
0.630680432437499
0.6365145808240774
0.6424025604813931
0.6483448642384896
0.6543419893267546
0.6603944374176202
0.6665027146596109
0.6726673317110475
0.678888803782468
0.6851676506687225
0.691504396791029
0.6978995712300102
0.7043537077659898
0.7108673449162105
0.7174410259727937
0.7240752990424097
0.7307707170820376
0.7375278379388975
0.74434722439111
0.7512294441838696
0.7581750700704531
0.7651846798508263
0.7722588564111175
0.7793981877636467
0.7866032670870643
0.7938746927661935
0.8012130684308592
0.8086190029987006
0.8160931107128696
0.8236360111852087
0.8312483294360483
0.8389306959341906
0.8466837466376821
0.8545081230374488
0.8624044721958525
0.8703734467890177
0.8784157051497581
0.8865319113040097
0.8947227350202928
0.9029888518425276
0.9113309431401667
0.9197496961433121
0.9282458039884405
0.936819965758783
0.9454728865264268
0.9542052773942243
0.9630178555381149
0.9719113442484618
0.9808864729729398
0.9899439773558942
0.9990845992839867
1.008309086925851
1.017618194773645
1.0270126836844362
1.0364933209245537
1.0460608802075357
1.0557161417382468
1.0654598922522671
1.0752929250585763
1.085216040079545
1.0952300438926403
1.1053357497693104
1.1155339777178999
1.125825554522729
1.1362113137829006
1.1466920959536355
1.157268748385742
1.1679421253630538
1.178713088143788
1.1895825049963031
1.2005512512395033
1.2116202092795088
1.2227902686459766
1.234062326031934
1.2454372853262614
1.2569160576541556
1.2684995614082697
1.2801887222863433
1.2919844733240562
1.3038877549294998
1.3158995149161574
1.3280207085354463
1.3402522985080052
1.3525952550552254
1.3650505559285653
1.3776191864404372
1.3903021394910644
1.4031004155982438
1.4160150229221466
1.429046977292719
1.442197302233872
1.4554670289868825
1.468857196534692
1.482368851622129
1.4960030487768325
1.5097608503285909
1.5236433264274494
1.5376515550605503
1.5517866220664502
1.5660496211503103
1.5804416538961807
1.5949638297766766
1.6096172661635557
1.6244030883350489
1.6393224294814328
1.6543764307104338
1.6695662410472498
1.6848930174374752
1.7003579247437288
1.7159621357437773
1.7317068311228063
1.747593199467428
1.7636224372544194
1.7797957488383176
1.7961143464369795
1.8125794501137422
1.8291922877570017
1.845954095058841
1.8628661154881947
1.8799296002623227
1.897145808317101
1.9145160062707476
1.9320414683876217
1.949723476536265
1.9675633201468565
1.985562296161457
2.00372170898393
2.0220428704255364
2.0405270996445872
2.059175723084773
2.077990074408502
2.096971494424879
2.1161213310153952
2.135440939053458
2.1549316803208387
2.1745949234172555
2.194432043667636
2.2144444230222198
2.2346334499528817
2.2550005193432496
2.2755470323737974
2.2962743964012544
2.3171840248316444
2.3382773369883516
2.359555757973213
2.3810207185207277
2.4026736548474954
2.424516008493553
2.446549226156833
2.46877475952118
2.4911940650764315
2.513808603931051
2.5366198416173846
2.5596292478891183
2.582838296509185
2.606248465031299
2.6298612345706434
2.6536780895682006
2.677700517543196
2.7019300088389557
2.726368056356052
2.751016155278633
2.775875802788538
2.8009484977697277
2.8262357405020024
2.8517390323431244
2.877459875401106
2.903399772193051
2.929560225293432
2.9559427369695275
2.9825488088049865
3.009379941309778
3.036437633517561
3.063723382568955
3.091238683281955
3.118985027707096
3.146963904668788
3.175176799291375
3.2036251925104366
3.232310560566785
3.261234374487467
3.2903980995474766
3.319803194715644
3.349451112084067
3.379343296278229
3.409481183851318
3.439866202657771
3.470499771209312
3.501383298011182
3.5325181808789847
3.563905806234202
3.5955475483806434
3.627444768758149
3.659598815175702
3.6920110210218136
3.7246827044524657
3.757615167556462
3.7908096954960855
3.824267555624687
3.857989996578957
3.891978247346741
3.9262335163081845
3.9607569902522264
3.9955498333642945
4.030613186189175
4.065948164563886
4.101555858523721
4.137437331178537
4.173593617560414
4.2100257234401255
4.24673462411476
4.2837212631623105
4.320986551166531
4.358531364407772
4.396356543522464
4.434462892128548
4.4728511754169435
4.511522118709097
4.550476405978872
4.589714678339546
4.629237532493833
4.669045519148148
4.709139141389234
4.749518853022819
4.790185056874632
4.831138103052035
4.872378287167131
4.913905848518826
4.955720968236464
4.997823767381123
5.040214305006547
5.082892576178191
5.125858509950865
5.16911196730296
5.212652739028482
5.256480543586194
5.300595024904876
5.344995750144631
5.389682207414799
5.4346538034473
5.479909861225084
5.525449617566669
5.571272220665219
5.617376727583511
5.663762101702967
5.710427210128774
5.7573708210495385
5.804591601052243
5.852088112392725
5.899858810221636
5.947902039766264
5.996216033468657
6.044798908080099
6.09364866171295
6.142763170849863
6.1921401873114785
6.241777335182808
6.291672107699533
6.341821864095297
6.3922238264097615
6.44287507626032
6.493772551577051
6.544913043303446
6.596293192063161
6.647909484795424
6.699758251359966
6.7518356611138275
6.804137719461201
6.856660264379357
6.909398962922205
6.962349307703682
7.015506613364299
7.068866013022495
7.12242245471463
7.176170697825695
7.230105309514707
7.284220661137828
7.338510924672422
7.39297006914692
7.4475918570788435
7.502369840927026
7.557297359560436
7.61236753475014
7.667573267687927
7.722907235537075
7.778361888020781
7.833929444053619
7.8896018884214945
7.945370968517412
8.001228191137152
8.057164819344205
8.113171869408335
8.169240107826534
8.225360048433055
8.281521949606347
8.337715811580903
8.393931373872443
8.450158112824582
8.506385239286134
8.56260169642824
8.618796157710445
8.674957025005682
8.731072426894134
8.78713021713606
8.843117973334659
8.899022995799065
8.954832306619375
9.01053264896482
9.066110486616335
9.121552003746414
9.176843104957243
9.231969415590678
9.286916282321748
9.341668774049172
9.39621168309563
9.450529526730943
9.504606549031744
9.55842672309104
9.61197375359147
9.66523107975532
9.718181878686197
9.770809069115032
9.823095315565055
9.875023032949063
9.926574391613084
9.977731322839572
10.028475524824252
10.078788469139377
10.128651407696765
10.178045380223393
10.226951222262052
10.275349573708905
10.323220887900028
10.37054544125789
10.417303343508323
10.463474548478146
10.509038865482681
10.553975971311855
10.598265422822413
10.6418866701434
10.684819070500525
10.72704190266455
10.768534382027022
10.809275676306394
10.849244921885179
10.888421240778511
10.926783758232114
10.964311620946784
11.00098401592441
11.036780189929177
11.071679469555566
11.105661281892942
11.138705175774623
11.170790843597048
11.20189814369296
11.232007123239594
11.261098041681343
11.289151394643431
11.316147938310987
11.342068714245258
11.366895074606296
11.39060870774855
11.4131916641537
11.434626382661612
11.454895716958262
11.473982962276438
11.491871882262174
11.508546735957431
11.523992304846551
11.53819391991149
11.551137488638
11.562809521912564
11.573197160747167
11.582288202766529
11.590071128390315
11.596535126640351
11.601670120500952
11.60546679175847
11.607916605244505
11.60901183240558
11.608745574120752
11.60711178268771
11.604105282896676
11.599721792111325
11.593957939275239
11.586811282762868
11.578280326993807
11.56836453773048
11.557064355980051
11.544381210422882
11.530317528291917
11.51487674462946
11.498063309850536
11.47988269554536
11.460341398456693
11.43944694257217
11.41720787927599
11.393633785509373
11.36873525989443
11.342523916782032
11.3150123781904
11.286214263607741
11.256144177639426
11.22481769548754
11.192251346258248
11.158462594100873
11.12346981719057
11.087292284575266
11.049950130916512
11.011464329162587
10.971856661201565
10.931149686551178
10.889366709151439
10.846531742335221
10.802669472060991
10.757805218500815
10.711964896085346
10.665174972115894
10.617462424061628
10.568854695667577
10.51937965200602
10.469065533610552
10.417940909837817
10.36603463160713
10.313375783672834
10.259993636587655
10.205917598518417
10.151177167077233
10.095801881332576
10.039821274164586
9.983264825128193
9.926161913985977
9.868541775069756
9.810433452626244
9.751865757297526
9.69286722388143
9.633466070510304
9.57369015937964
9.513566959149527
9.453123509133246
9.392386385377613
9.33138166872961
9.270134914973069
9.208671127107914
9.147014729833186
9.085189546283026
9.023218777052886
8.961124981541321
8.898930061620447
8.83665524763627
8.774321086728461
8.711947433447508
8.649553442636197
8.58715756453166
8.524777542034238
8.462430410079842
8.400132497043664
8.337899428095179
8.275746130417044
8.213686840194056
8.151735111273101
8.089903825390376
8.028205203858619
7.966650820604906
7.905251616447921
7.844017914503456
7.7829594366076345
7.722085320649315
7.661404138706021
7.600923915881718
7.540652149749906
7.480595830311295
7.420761460382004
7.361155076335937
7.301782269132777
7.242648205571415
7.183757649717436
7.125114984461511
7.066724233173823
7.008589081427318
6.950712898769065
6.893098760524664
6.83574946962445
6.7786675784427315
6.721855410641343
6.66531508300702
6.6090485272679835
6.553057511868641
6.497343663672579
6.4419084895536
6.386753397821904
6.331879719418916
6.277288728799888
6.222981664408619
6.168959748634701
6.11522420713086
6.061776287357312
6.0086172762120835
5.955748516601632
5.903171422805599
5.850887494492948
5.7988983292546665
5.747205633530343
5.695811231821769
5.644717074105794
5.593925241380268
5.543437949299715
5.493257549880833
5.44338653128056
5.393827515670958
5.344583255254219
5.29565662647804
5.247050622526238
5.198768344172126
5.1508129890940335
5.103187839764526
5.055896250038424
5.0089416305812495
4.962327433300038
4.916057134962659
4.870134220219712
4.824562164272638
4.779344415460511
4.734484378061384
4.689985395617491
4.645850735091239
4.602083572134745
4.55868697770537
4.51566390617978
4.473017185009121
4.43074950582099
4.388863416717583
4.3473613153547985
4.306245442230508
4.265517873480366
4.225180512397339
4.185235078876353
4.145683096055315
4.106525873588852
4.067764487253259
4.029399754931015
3.991432209439509
3.9538620691167004
3.916689207512475
3.8799131239066362
3.84353291662938
3.807547261249118
3.771954395577731
3.736752113105713
3.7019377659223056
3.667508277429221
3.633460164277433
3.599789566024658
3.5664922801237893
3.533563799114631
3.5009993464044333
3.4687939068749083
3.4369422488077994
3.4054389343079747
3.374278316515105
3.343454523384356
3.3129614295947527
3.2827926200850586
3.252941350659341
3.223400512856142
3.1941626116186153
3.1652197650056055
3.1365637350129285
3.1081859973223644
3.0800778553167376
3.0522305999524755
3.024635712181618
2.9972850988799427
2.9701713472091624
2.9432879767779028
2.9166296647855665
2.8901924174955127
2.8639736627284007
2.8379722431147507
2.8121882986134943
2.7866230386625936
2.7612784179719023
2.7361567435153513
2.711260251526248
2.68659070010258
2.6621490237510117
2.6379350901191354
2.6139475867587465
2.590184048737401
2.5666410189782862
2.543314315568325
2.5201993669792464
2.4972915694086812
2.4745866211334535
2.4520807961922233
2.42977113183186
2.4076555180816865
2.385732690597111
2.3640021372463407
2.342463933733993
2.3211185242259735
2.299966461056142
2.2790081154553903
2.258243371137901
2.2376713160679396
2.2172899550711342
2.197095975780204
2.177084609735507
2.1572496351085593
2.1375835629543714
2.1180780315798176
2.0987244025831453
2.0795145104743233
2.0604414733528653
2.0415004366209852
2.022689108069347
2.004007960815792
1.9854600329707364
1.9670503317041754
1.9487849369465835
1.9306699732988128
1.9127106569042993
1.894910615513985
1.8772716267518237
1.859793835948595
1.8424764212700906
1.825318588934305
1.8083207168449396
1.7914854258264807
1.774818346350086
1.7583283701617456
1.742027238098762
1.7259284213248227
1.7100453937434994
1.6943895405806266
1.6789680607589608
1.6637822590040563
1.648826567125585
1.6340884916724907
1.6195494932988699
1.6051866125041911
1.5909745180051245
1.5768876079940548
1.562901859946146
1.548996285778999
1.5351540434453028
1.5213633810796174
1.507618547972558
1.4939205785421845
1.4802775550700236
1.466703803402776
1.4532176730428938
1.4398381116806989
1.4265809129263667
1.4134558877027703
1.4004659791149494
1.3876085394675066
1.3748780126059377
1.3622686509356408
1.3497759939813632
1.3373966032512663
1.3251265887187798
1.3129602324667538
1.3008900790057814
1.2889090976623372
1.277014244933998
1.2652096632687146
1.2535075944847067
1.2419261186377277
1.2304844871918519
1.2191980106173823
1.2080744021869396
1.1971123606272
1.1863019673297064
1.1756260523299578
1.165062123975496
1.1545851434200036
1.1441716478926909
1.1338051332661572
1.123481371318706
1.1132112527241862
1.1030189457241695
1.0929350929982622
1.0829872989865925
1.0731913737615373
1.063546134831678
1.0540333276739704
1.0446232665889466
1.0352849683499128
1.0259962792885617
1.0167478450216
1.007538448790722
0.9983661554582148
0.9892226917723005
0.9800946214219243
0.9709695812484399
0.9618445630748215
0.9527336687247133
0.9436709714270727
0.9347032301107391
0.9258724909898298
0.9171971058765672
0.9086629717078543
0.9002317594538716
0.8918633046425202
0.8835402449489772
0.8752794981344708
0.8671215507359905
0.8591031137691861
0.851232082545337
0.8434838249170881
0.8358200077547404
0.8282103646094323
0.8206394118033021
0.8131022828494237
0.8056025131494494
0.7981504785049189
0.7907570420051588
0.7834303568338332
0.7761814249362157
0.7690260613334585
0.7619744212858035
0.7550212163537654
0.7481527891506822
0.7413665419298539
0.7346808906114043
0.7281201729726489
0.721685863725161
0.7153442970051425
0.7090443678105822
0.7027441263615427
0.6964212752160881
0.6900716648921457
0.6837101035402604
0.6773708286894555
0.6710976215161313
0.6649176431550607
0.6588146978164732
0.6527454502131397
0.6466992029848071
0.6407248555880819
0.6348753401299523
0.6291314533349438
0.6234091422261038
0.6176462300525097
0.6118559486367563
0.6061022800247958
0.600450961452887
0.5949277589632124
0.589497840582343
0.5841035900136968
0.5787404351926538
0.5734630851349604
0.5682920331477277
0.5631704375131695
0.5580485557342549
0.5529373793394483
0.5478697344943765
0.5428701177771641
0.5379586332623711
0.53315365682107
0.5284281152663849
0.5236923639956494
0.5188852205314226
0.5140362309904367
0.5092027266467467
0.5044155104934552
0.499685526264527
0.49501034784302533
0.49040487268664446
0.485888448633253
0.4814349415320745
0.47703985867077514
0.47276494812753744
0.4686255310470651
0.4644951411329791
0.46024010750823885
0.4558751416762701
0.4515107859180495
0.44722960787053856
0.4430533352871147
0.43898285792258784
0.43501342027080414
0.4310900539736511
0.42714597181244274
0.4231912341488662
0.4192598207065009
0.4153564101356974
0.41154255204976836
0.4078164639003416
0.40404219630159544
0.4001791961479143
0.3962757464264281
0.3924232263627907
0.3886670460637534
0.3850299013551852
0.3815811592246833
0.3783441335902537
0.37522836492432265
0.37201404803044835
0.36862087009306793
0.3651658337839696
0.3617166861470267
0.3583137180249353
0.3549348021582977
0.35160086770461024
0.34837502954077265
0.34525756059284485
0.34216391689173226
0.33907344627305713
0.33604214467848204
0.3330532154906836
0.33004793924509135
0.3271659514029896
0.32440462406143117
0.32151925449828733
0.31847613746100234
0.31541409244302837
0.3123455865387375
0.30932149576574564
0.3064347436796311
0.3036846726013653
0.30101281652495254
0.298257186840987
0.2955221096456331
0.2927878257221044
0.2899720398255721
0.2872876651369814
0.284689269697482
0.2821407782958484
0.2795777766803414
0.2769758710779293
0.274501134385816
0.2719445303225715
0.26939998017549316
0.26683150059298566
0.2642444582348669
0.2618299095255137
0.25960721299083844
0.2572785032555107
0.25494380052992305
0.25271812487401063
0.2504929046678185
0.24823575716316001
0.24593480110882848
0.2435163087033426
0.2411794520426503
0.23881817218841325
0.23651179244712978
0.2344169933867098
0.23238383982764108
0.23034681725164746
0.22820181900572528
0.22603999642893974
0.22390708085236108
0.22179009070042843
0.21971655180240562
0.21770911223679643
0.21567807732913977
0.21363835424430033
0.21180688360151304
0.21016217667989007
0.20817437916160603
0.20608683900361335
0.20424479894971057
0.20257995573184426
0.2008379680113081
0.19900517016523878
0.19713657808440102
0.19523213860623487
0.19336446546392455
0.19165760209041996
0.18998933902836768
0.18840908066849424
0.186602407200063
0.18463064864073261
0.18282856413100412
0.18117743421644295
0.17962027490822943
0.1779399653284986
0.17618126651420632
0.17448204799672273
0.17284528815895078
0.17147370251802185
0.17004077868826248
0.16851880067190367
0.1669910389733257
0.16542428662191266
0.16381849823203312
0.16219891044894708
0.160660605670545
0.15929185476180419
0.157806770838196
0.15646878280828044
0.15502619684402785
0.1534179715069113
0.1519151785941922
0.1505498299002709
0.14935274071491353
0.14800664484802276
0.1466901713872217
0.1451186162776436
0.14383066455981086
0.14266762950210155
0.14131818626127834
0.14002795695434803
0.13860068279025423
0.13738931073915606
0.13619755996503968
0.1349770265582505
0.13388841764586618
0.13262917592638773
0.13134940274909185
0.1300693007398016
0.1290100814308994
0.12791370786398668
