0.2115130232363426
0.2134716422516047
0.2154483896111085
0.21744343286589665
0.21945694110744735
0.22148908498477032
0.22354003671522324
0.2256099701014578
0.22769906054439817
0.22980748505774914
0.23193542228379418
0.23408305250639846
0.23625055766665504
0.2384381213789666
0.2406459289440995
0.24287416736637094
0.2451230253673464
0.2473926934029454
0.2496833636778677
0.25199523016197123
0.2543284886066918
0.2566833365595866
0.2590599733820311
0.26145860026439155
0.26387942024378835
0.26632263821974883
0.2687884609707894
0.2712770971722482
0.27378875741223996
0.27632365421002814
0.2788820020321708
0.28146401731081644
0.28406991846052504
0.28669992589745785
0.289354262055025
0.2920331514042643
0.2947368204704336
0.2974654978524429
0.30021941424062387
0.3029988024354834
0.3058038973666929
0.30863493611210935
0.31149215791650825
0.3143758042115213
0.31728611863461353
0.3202233470483668
0.3231877375610083
0.3261795405456025
0.32919900866017887
0.3322463968688702
0.335321962460872
0.3384259650718159
0.3415586667046616
0.34472033174991773
0.3479112270071839
0.35113162170599693
0.35438178752749744
0.3576619986257035
0.36097253164922916
0.36431366576329344
0.3676856826716772
0.37108886663910523
0.3745235045128895
0.37798988574643444
0.38148830242129217
0.38501904927015507
0.38858242370000784
0.39217872581556623
0.39580825844188344
0.3994713271486613
0.40316824027366843
0.4068993089469202
0.41066484711421947
0.4144651715618351
0.41830060194091556
0.42217146079147727
0.4260780735683801
0.43002076866488254
0.433999877438765
0.4380157342371625
0.4420686764219559
0.446159044396084
0.45028718162819
0.4544534346795636
0.4586581532300848
0.4629016901044892
0.46718440129808825
0.4715066460053547
0.47586878664450627
0.48027118888633785
0.48471422168023126
0.48919825728205535
0.4937236712816373
0.4982908426304346
0.5029001536690854
0.5075519901560189
0.5122467412949898
0.5169847997640473
0.5217665617435218
0.5265924269451201
0.5314627986406854
0.5363780836908005
0.5413386925744504
0.5463450394182461
0.5513975420253121
0.5564966219060229
0.5616427043066575
0.5668362182399348
0.5720775965150647
0.5773672757675241
0.5827056964900884
0.5880933030626498
0.5935305437831366
0.5990178708985447
0.6045557406354616
0.6101446132309245
0.6157849529642635
0.6214772281875638
0.6272219113577514
0.633019479067581
0.6388704120773843
0.6447751953468595
0.6507343180669838
0.6567482736917666
0.6628175599700797
0.6689426789783033
0.6751241371519424
0.6813624453180305
0.6876581187279777
0.694011677089086
0.7004236445976675
0.7068945499711897
0.7134249264813588
0.7200153119860976
0.7266662489624462
0.7333782845393954
0.7401519705303817
0.7469878634661885
0.7538865246274054
0.760848520077267
0.7678744206944106
0.7749648022056961
0.7821202452184534
0.7893413352533096
0.7966286627771577
0.8039828232350618
0.811404417082923
0.8188940498201266
0.826452332021439
0.8340798793693532
0.8417773126863363
0.8495452579664353
0.8573843464073749
0.8652952144420328
0.8732785037700512
0.8813348613891424
0.8894649396262011
0.8976693961682932
0.9059488940930811
0.9143041018996114
0.9227356935382578
0.9312443484411025
0.9398307515509026
0.9484955933508337
0.9572395698937108
0.9660633828299283
0.9749677394364933
0.9839533526445801
0.9930209410671105
1.0021712290255587
1.0114049465771424
1.0207228295402657
1.0301256195207693
1.0396140639366371
1.049188916042796
1.0588509349548503
1.0686008856728246
1.0784395391036363
1.088367672083177
1.0983860673980124
1.1084955138056072
1.1186968060548204
1.128990744904434
1.1393781371419773
1.149859795601
1.16043653917758
1.1711091928463195
1.1818785876745057
1.1927455608363915
1.203710955625499
1.2147756214664083
1.2259404139249725
1.2372061947179234
1.2485738317207757
1.2600441989746767
1.2716181766920442
1.2832966512605426
1.2950805152461744
1.3069706673942854
1.3189680126295444
1.3310734620543254
1.3432879329451646
1.3556123487478267
1.3680476390705418
1.380594739675453
1.3932545924683575
1.406028145486202
1.4189163528828752
1.4319201749129258
1.4450405779130668
1.458278534281513
1.471635022455151
1.4851110268841037
1.4987075380043011
1.512425552207198
1.5262660718071515
1.5402301050058382
1.5543186658543893
1.5685327742122164
1.5828734557032715
1.5973417416690205
1.611938669118677
1.6266652806757007
1.6415226245214767
1.6565117543353651
1.6716337292312946
1.686889613690561
1.7022804774911895
1.7178073956332647
1.733471448260401
1.7492737205768112
1.7652153027608737
1.7812972898734083
1.7975207817624663
1.8138868829628654
1.8303967025911183
1.8470513542359324
1.8638519558429831
1.8807996295951475
1.8978955017873644
1.9151407026954541
1.932536366440285
1.9500836308453846
1.967783637288989
1.985637530549932
2.0036464586472533
2.02181157267343
2.0401340266208474
2.058614977201704
2.077255583660592
2.096057007580271
2.1150204126797734
2.1341469646051032
2.1534378307120496
2.1728941798410975
2.1925171820840768
2.2123080085424296
2.232267831076763
2.2523978220476306
2.2726991540470745
2.293172999621054
2.313820530981901
2.334642919711446
2.3556413364535964
2.376816950596841
2.3981709299460503
2.4197044403834655
2.4414186455184543
2.463314706325951
2.485393780772989
2.5076570234335804
2.5301055850908516
2.552740612327035
2.57556324710019
2.5985746263080203
2.621775881337918
2.645168137603346
2.668752514065848
2.692530122742868
2.7165020682003433
2.74066944703045
2.7650333473135342
2.7895948480644246
2.814355018662245
2.839314918263811
2.86447559519993
2.8898380863544535
2.915403416525377
2.9411725977681638
2.9671466287202497
2.993326493906883
3.019713163027401
3.04630759022215
3.073110713319022
3.1001234530596276
3.1273467123044685
3.154781375216804
3.182428306424703
3.210288350161127
3.2383623293809976
3.266651044855575
3.2951552742432706
3.3238757711365343
3.35281326408435
3.381968455590055
3.411342021083972
3.440934607870368
3.4707468340482466
3.5007792874058237
3.5310325242879514
3.5615070684362524
3.592203409801358
3.6231220033270257
3.6542632677056353
3.685627584104655
3.7172152948634833
3.7490267021607173
3.7810620666509998
3.8133216060712076
3.845805493815856
3.878513857480822
3.9114467773755566
3.944604285003241
3.9779863615083646
4.011592936091797
4.045423884392683
4.079479026837186
4.1137581269536
4.148260889653676
4.182986959479968
4.217935918818968
4.253107286079802
4.288500513838562
4.324114986947774
4.359950020611342
4.396004858424638
4.432278670379784
4.468770550836203
4.505479516456455
4.542404504107451
4.579544368727119
4.616897881156991
4.654463725940494
4.692240499087678
4.730226705806448
4.768420758200766
4.8068209729364035
4.845425568874447
4.884232664673687
4.923240276361851
4.962446314877068
5.00184858357994
5.041444775737228
5.081232471978233
5.121209137724719
5.161372120595681
5.201718647788153
5.242245823435316
5.282950625943482
5.3238299053093225
5.3648803804191925
5.4060986363321355
5.447481121548562
5.48902414526656
5.530723874628036
5.572576331956842
5.614577391991443
5.656722779114455
5.699008064582068
5.741428663755804
5.7839798333399335
5.826656668627496
5.869454100758382
5.912366893992855
5.955389643004222
5.998516770194512
6.041742523037148
6.085060971450785
6.128466005208813
6.171951331389023
6.215510471868232
6.259136760866894
6.302823342548929
6.346563168682025
6.390348996364208
6.4341733858223975
6.478028698289051
6.521907093963137
6.565800530061933
6.60970075897038
6.653599326494888
6.697487570228824
6.7413566180369715
6.785197386666646
6.829000580493305
6.872756690408554
6.916455992859069
6.960088549044648
7.003644204284306
7.047112587559146
7.090483111241167
7.13374497101735
7.176887146018375
7.219898399161692
7.262767277718753
7.305482114116355
7.348031026982198
7.390401922444873
7.432582495698727
7.474560232843867
7.516322413012001
7.557856110788625
7.599148198942109
7.640185351470457
7.680954046976198
7.721440572380126
7.761631026984368
7.801511326895118
7.8410672098155265
7.880284240218692
7.919147814910817
7.957643168994235
7.995755382239688
8.033469385877066
8.070769969813309
8.107641790285918
8.144069377959905
8.180037146475701
8.21552940145481
8.250530349969562
8.28502411048246
8.318994723260184
8.35242616126618
8.385302341535297
8.41760713703275
8.449324388998914
8.480437919780325
8.510931546146248
8.54078909308899
8.569994408104934
8.598531375951932
8.626383933877461
8.653536087310437
8.6799719260081
8.705675640647932
8.730631539852867
8.754824067636427
8.778237821252675
8.800857569434147
8.822668270999023
8.843655093806898
8.863803434040706
8.8830989357902
8.901527510910542
8.919075359127389
8.935728988357903
8.951475235214936
8.966301285659604
8.980194695765364
8.993143412554609
9.005135794866664
9.016160634214192
9.026207175582737
9.035265138126439
9.043324735710877
9.050376697252187
9.056412286799915
9.061423323309329
9.065402200047455
9.068341903575552
9.070236032249653
9.071078814179463
9.070865124585104
9.06959050249037
9.067251166690532
9.06384403093249
9.059366718244805
9.053817574355357
9.047195680134694
9.039500863003793
9.030733707245862
9.02089556316307
9.009988555020552
8.99801558772197
8.984980352162955
8.970887329211381
8.955741792266185
8.93954980834958
8.92231823769118
8.904054731766223
8.884767729754419
8.864466453390406
8.843160900181713
8.820861834975231
8.797580779858702
8.773330002389564
8.748122502149375
8.721971995628437
8.694892899451679
8.666900311963579
8.63800999319667
8.608238343255286
8.577602379153149
8.546119710150554
8.513808511644067
8.480687497668749
8.446775892079797
8.412093398487645
8.376660169026977
8.340496772046826
8.303624158814968
8.266063629335811
8.22783679738643
8.188965554880397
8.149472035673757
8.109378578931508
8.06870769217636
8.027482014144535
7.98572427757556
7.943457272064426
7.900703807105533
7.857486675457684
7.813828616958919
7.769752282918303
7.725280201209833
7.6804347421903705
7.635238085559811
7.589712188277261
7.543878753641565
7.497759201638581
7.451374640651067
7.4047458406196025
7.357893207735146
7.310836760735557
7.263596108869425
7.216190431581429
7.168638459963824
7.120958460008943
7.07316821768765
7.025285025868573
6.977325673083115
6.929306434131168
6.881243062512805
6.833150784661778
6.785044295947479
6.736937758403297
6.688844800131194
6.640778516324535
6.592751471844253
6.544775705276955
6.496862734398026
6.449023562957763
6.401268688704362
6.353608112554386
6.3060513488185475
6.258607436388902
6.211284950792599
6.164092017016933
6.117036323010883
6.070125133769548
6.0233653059095555
5.976763302645763
5.930325209082679
5.884056747737085
5.8379632942122415
5.792049892947975
5.746321272975412
5.700781863609518
5.655435810017255
5.6102869886039874
5.565339022165425
5.520595294757009
5.476058966237443
5.431732986447365
5.387620108988458
5.343722904572554
5.300043773913959
5.256584960141996
5.213348560714084
5.170336538812859
5.127550734213725
5.084992873611798
5.042664580399786
5.000567383890456
4.958702727979354
4.917071979245459
4.875676434489025
4.834517327707544
4.793595836512331
4.752913087989624
4.712470164011531
4.672268106003535
4.632307919176705
4.592590576234084
4.553117020562108
4.513888168919477
4.4749049136371895
4.436168124345001
4.3976786492411035
4.359437315923283
4.321444931801268
4.2837022841116426
4.246210139557966
4.208969243600305
4.171980319419609
4.135244066583734
4.098761159442963
4.062532245283899
4.026557942271545
3.9908388372099726
3.9553754831525327
3.9201683968928873
3.8852180563682124
3.8505248980057605
3.8160893140437167
3.781911649856594
3.7479922013146805
3.714331212205962
3.6809288717477657
3.6477853122138555
3.6149006067010516
3.5822747670577044
3.5499077419942866
3.5177994153942413
3.4859496048410645
3.4543580603751782
3.423024463491762
3.3919484263883244
3.361129491468218
3.3305671311039657
3.3002607476616816
3.270209673785654
3.240413172939748
3.2108704402000776
3.181580603291419
3.15254272385779
3.1237557989558393
3.0952187627581607
3.066930488452095
3.038889790318369
3.011095425972924
2.9835460987543625
2.9562404602388
2.929177112863552
2.902354612640734
2.875771471941913
2.8494261623350114
2.823317117455089
2.797442735891075
2.771801384071167
2.7463913991305158
2.721211091745659
2.6962587489212337
2.671532636715719
2.6470310028940798
2.622752079496523
2.5986940853139053
2.574855228261645
2.5512337076453746
2.527827716312853
2.5046354426880533
2.481655072684536
2.4588847914964274
2.43632278526653
2.4139672426321064
2.3918163561498225
2.3698683236023173
2.348121349189568
2.326573644608913
2.305223430028239
2.2840689349572263
2.2631083990220247
2.242340072648905
2.221762217662746
2.2013731078062295
2.1811710291856636
2.1611542806493573
2.1413211741043146
2.1216700347768356
2.10219920142249
2.0829070264905862
2.063791876248021
2.0448521308671124
2.0260861844816698
2.0074924452152505
1.989069335185203
1.9708152904858116
1.9527287611535116
1.9348082111168206
1.9170521181334008
1.8994589737163385
1.8820272830514708
1.8647555649074108
1.8476423515396383
1.8306861885898564
1.8138856349816532
1.797239262813325
1.7807456572486022
1.7644034164058626
1.748211151246366
1.7321674854619153
1.7162710553622615
1.700520509762554
1.684914509871048
1.669451729177215
1.6541308533404315
1.6389505800793307
1.6239096190618847
1.6090066917963053
1.5942405315227877
1.5796098831061391
1.565113502929299
1.5507501587877874
1.5365186297850761
1.5224177062288777
1.50844618952838
1.4946028920923988
1.4808866372284515
1.4672962590427552
1.4538306023411418
1.4404885225308617
1.4272688855233047
1.4141705676376002
1.4011924555051123
1.3883334459747938
1.3755924460194247
1.3629683726427049
1.3504601527871936
1.3380667232431032
1.3257870305579254
1.3136200309468846
1.3015646902042153
1.289619983615258
1.2777848958693514
1.266058420973534
1.254439562167035
1.242927331836544
1.2315207514322661
1.220218851384744
1.209020671022446
1.1979252584901028
1.1869316706678013
1.1760389730908232
1.1652462398702066
1.1545525536140493
1.1439570053495312
1.1334586944456462
1.1230567285366504
1.1127502234462119
1.1025383031122513
1.0924200995124773
1.0823947525906044
1.072461410183249
1.0626192279474906
1.052867369289104
1.043205005291451
1.033631314645016
1.0241454835775974
1.0147467057851385
1.0054341823631847
0.9962071217389808
0.9870647396041868
0.978006258848207
0.9690309094921387
0.9601379286233207
0.9513265603304889
0.9425960556395182
0.9339456724497615
0.9253746754709724
0.916882336160801
0.9084679326628687
0.9001307497454126
0.8918700787404853
0.8836852174837198
0.8755754702546477
0.8675401477175563
0.8595785668628998
0.851690050949239
0.8438739294457227
0.8361295379750859
0.8284562182571803
0.8208533180530215
0.8133201911093451
0.8058561971036743
0.7984607015898971
0.7911330759443305
0.7838726973122914
0.7766789485551545
0.7695512181978906
0.7624889003770944
0.7554913947894827
0.7485581066408725
0.7416884465956174
0.7348818307265168
0.7281376804651828
0.7214554225528572
0.7148344889916872
0.7082743169964456
0.7017743489466907
0.6953340323393691
0.6889528197418552
0.6826301687454149
0.6763655419191025
0.6701584067640776
0.664008235668345
0.6579145058619034
0.6518766993723104
0.6458943029806578
0.6399668081779426
0.6340937111218458
0.6282745125939071
0.6225087179570866
0.616795837113723
0.6111353844638759
0.6055268788640464
0.5999698435862809
0.5944638062776503
0.5890082989200964
0.5836028577906529
0.5782470234220259
0.5729403405635426
0.5676823581424497
0.5624726292255753
0.5573107109813391
0.5521961646421087
0.5471285554669065
0.5421074527044561
0.5371324295565666
0.5322030631418546
0.5273189344598016
0.522479628355135
0.5176847334825408
0.5129338422716999
0.508226550892644
0.503562459221428
0.49894117080612016
0.49436229283310534
0.4898254360936919
0.48533021495103024
0.48087624730733514
0.47646315457140376
0.4720905616264368
0.4677580967981546
0.4634653918232014
0.45921208181784495
0.4549978052469598
0.4508222038932985
0.44668492282704
0.4425856103756217
0.4385239180938482
0.4344995007342706
0.43051201621784185
0.4265611256048399
0.42264649306605634
0.41876778585425106
0.41492467427586954
0.4111168316630168
0.4073439343456918
0.40360566162427386
0.3999016957422649
0.3962317218592777
0.39259542802427494
0.38899250514905437
0.38542264698197404
0.3818855500819213
0.37838091379252153
0.37490844021657954
0.3714678341907596
0.3680588032604968
0.3646810576551362
0.36133431026330476
0.358018276608503
0.35473267482492804
0.35147722563351325
0.34825165231818705
0.3450556807023559
0.34188903912559687
0.3387514584205645
0.3356426718901157
0.33256241528463537
0.32951042677957915
0.32648644695321627
0.32349021876457673
0.32052148753160625
0.317580000909516
0.3146655088693315
0.31177776367664367
0.3089165198705489
0.3060815342427835
0.3032725658170538
0.3004893758285514
0.2977317277036563
0.29499938703983125
0.29229212158569556
0.2896097012212821
0.2869518979384799
0.284318485821652
0.28170924102843026
0.27912394177069233
0.27656236829570763
0.2740243028674565
0.27150952974812576
0.26901783517976896
0.2665490073661357
0.2641028364546718
0.26167911451867815
0.25927763553963973
0.2568981953897127
0.2545405918143717
0.2522046244152212
0.24989009463295958
0.2475968057305006
0.24532456277625286
0.2430731726275492
0.2408424439142282
0.23863218702237
0.23644221407817778
0.23427233893200708
0.2321223771425452
0.22999214596113254
0.22788146431622747
0.2257901527980174
0.2237180336431679
0.22166493071971113
0.21963066951207705
0.217615077106258
0.2156179821751102
0.2136392149637925
0.21167860727533636
0.20973599245634755
0.20781120538284337
0.20590408244621358
0.20401446153931665
0.20214218204269888
0.20028708481094082
0.19844901215913188
0.19662780784946587
0.19482331707795958
0.1930353864612964
0.19126386402378762
0.1895085991844532
0.1877694427442246
0.18604624687326127
0.18433886509838432
0.18264715229062806
0.18097096465290285
0.17931015970777134
0.1776645962853397
0.17603413451125707
0.17441863579482497
0.1728179628172193
0.17123197951981672
0.16966055109262898
0.16810354396284544
0.1665608257834787
0.16503226542211383
0.163517732949764
0.16201709962982522
0.16053023790713308
0.1590570213971222
0.15759732487508132
0.15615102426551095
0.15471799663157612
0.1532981201646556
0.15189127417399
0.15049733907642188
0.14911619638623042
0.14774772870506162
0.14639181971194826
0.14504835415342227
0.14371721783371913
0.1423982976050707
0.14109148135808655
0.13979665801222627
0.13851371750635658
0.13724255078939557
0.13598304981104437
0.13473510751260243
0.13349861781786637
0.13227347562411515
0.13105957679317531
0.12985681814256844
0.12866509743674218
0.12748431337837915
0.1263143655997861
0.12515515465436405
0.12400658200815348
0.12286855003146042
0.12174096199055712
0.12062372203945904
0.11951673521177907
0.1184199074126547
0.11733314541074924
0.11625635683032834
0.11518945014340723
0.11413233466197036
0.11308492053026391
0.11204711871715732
0.11101884100857515
