0.08822544457149913
0.08904248236815186
0.08986708427221073
0.09069932024726299
0.09153926090183268
0.09238697749588728
0.0932425419463508
0.09410602683354005
0.09497750540692262
0.09585705159115836
0.09674473999250809
0.0976406459050422
0.0985448453166002
0.09945741491571478
0.10037843209726661
0.10130797496951828
0.1022461223603048
0.10319295382373539
0.10414854964678284
0.10511299085592427
0.10608635922383597
0.10706873727643892
0.10806020829933276
0.10906085634502642
0.1100707662398472
0.11109002359104436
0.11211871479344455
0.11315692703727692
0.11420474831496522
0.11526226742857813
0.11632957399708095
0.11740675846352926
0.11849391210332309
0.11959112703075697
0.12069849620734004
0.12181611344905996
0.1229440734342991
0.12408247171171773
0.12523140470777505
0.12639096973532082
0.1275612650009575
0.12874238961305878
0.1299344435906218
0.1311375278709645
0.13235174431797594
0.13357719573074228
0.13481398585162405
0.13606221937523386
0.13732200195640057
0.13859344021947229
0.13987664176643205
0.1411717151859226
0.1424787700624289
0.1437979169846435
0.14512926755476047
0.14647293439763615
0.14782903116957244
0.14919767256833583
0.15057897434158432
0.15197305329674843
0.15338002731039302
0.1548000153375511
0.15623313742208586
0.1576795147051863
0.15913926943634676
0.16061252498247383
0.16209940583803945
0.16360003763520137
0.16511454715378876
0.1666430623315294
0.16818571227434911
0.16974262726658937
0.1713139387815424
0.1728997794920858
0.17450028328098777
0.1761155852518608
0.17774582173973075
0.17939113032200799
0.18105164982933192
0.18272752035674095
0.18441888327456604
0.18612588123987417
0.18784865820751834
0.18958735944161098
0.19134213152694676
0.19311312238054207
0.19490048126336404
0.19670435879179712
0.19852490694980496
0.2003622791005249
0.2022166299981372
0.2040881158005154
0.20597689408065645
0.207883123839516
0.20980696551801167
0.21174858100948646
0.2137081336723249
0.21568578834239646
0.21768171134613987
0.21969607051275558
0.2217290351875135
0.2237807762445993
0.22585146609998172
0.22794127872508624
0.23005038965931224
0.2321789760238875
0.23432721653506272
0.23649529151766552
0.23868338291861718
0.24089167432078787
0.24312035095659942
0.2453695997218814
0.2476396091899713
0.24993056962557764
0.2522426729991045
0.25457611300057714
0.2569310850541656
0.25930778633256746
0.26170641577139603
0.2641271740836255
0.2665702637746588
0.26903588915644716
0.27152425636292526
0.2740355733643104
0.2765700499826605
0.2791278979064265
0.28170933070600335
0.28431456384864034
0.2869438147139426
0.2895973026091875
0.29227524878471667
0.294977876449649
0.2977054107872428
0.3004580789707899
0.30323611017931257
0.3060397356132749
0.30886918851068357
0.3117247041629617
0.31460651993085104
0.3175148752607899
0.3204500117007411
0.3234121729167171
0.3264016047089505
0.32941855502815465
0.3324632739919772
0.33553601390165133
0.338637029258026
0.34176657677865013
0.3449249154140522
0.34811230636447904
0.3513290130965452
0.35457530136003707
0.35785143920454154
0.36115769699639416
0.36449434743543463
0.3678616655719044
0.37125992882311004
0.37468941699067654
0.37815041227718565
0.3816431993032237
0.38516806512430996
0.38872529924777377
0.39231519364981465
0.39593804279223277
0.3995941436397013
0.40328379567636496
0.40700730092284565
0.4107649639532819
0.41455709191190565
0.41838399453008523
0.4222459841430527
0.42614337570657423
0.43007648681381594
0.43404563771170007
0.4380511513178301
0.4420933532366715
0.4461725717762474
0.45028913796432096
0.4544433855647068
0.458635651093588
0.46286627383521367
0.4671355958583205
0.4714439620315638
0.47579172003947257
0.48017922039792227
0.48460681646950515
0.48907486447899057
0.4935837235281963
0.49813375561102846
0.5027253256282733
0.507358801402014
0.5120345536901115
0.5167529562002454
0.5215143856038434
0.526319221549646
0.5311678466773
0.5360606466303232
0.5409980100690439
0.5459803286831026
0.5510079972038471
0.5560814134160799
0.5612009781698607
0.5663670953916191
0.5715801720951316
0.5768406183919476
0.5821488475016383
0.5875052757613577
0.5929103226351351
0.5983644107227447
0.6038679657680394
0.6094214166667626
0.6150251954739401
0.6206797374106341
0.6263854808703198
0.6321428674245289
0.637952341827918
0.6438143520228132
0.6497293491431353
0.6556977875174118
0.661720124671449
0.6677968213300326
0.6739283414180033
0.6801151520605786
0.6863577235827937
0.6926565295082285
0.6990120465567512
0.7054247546415403
0.711895136865086
0.7184236795142652
0.7250108720544447
0.7316572071225956
0.738363180519319
0.745129291199919
0.7519560412640981
0.7588439359448431
0.765793483595765
0.7728051956775549
0.7798795867428661
0.7870171744200872
0.7942184793956728
0.8014840253950631
0.8088143391622282
0.816209950437671
0.823671391934871
0.831199199315251
0.8387939111613264
0.8464560689483942
0.8541862170142676
0.8619849025273634
0.8698526754529057
0.8777900885171671
0.8857976971698052
0.8938760595442304
0.9020257364157023
0.9102472911575544
0.9185412896949486
0.9269083004564933
0.935348894323546
0.9438636445769555
0.9524531268415397
0.9611179190277689
0.9698586012710245
0.9786757558680562
0.9875699672106542
0.9965418217164405
1.0055919077568678
1.0147208155819707
1.0239291372421395
1.0332174665066796
1.0425863987791093
1.0520365310089586
1.0615684616002325
1.071182790316219
1.080880118180654
1.0906610473751714
1.1005261811327602
1.1104761236273337
1.1205114798592808
1.1306328555366012
1.1408408569520208
1.1511360908554862
1.1615191643221991
1.1719906846159511
1.1825512590478098
1.1932014948297276
1.2039419989232851
1.2147733778831302
1.2256962376953071
1.2367111836099864
1.247818819968756
1.2590197500261535
1.2703145757654375
1.2817038977081816
1.2931883147180518
1.3047684237979436
1.3164448198809582
1.3282180956146332
1.3400888411384844
1.3520576438545788
1.364125088191095
1.3762917553585652
1.3885582230987874
1.400925065426021
1.413392852360536
1.4259621496541501
1.4386335185076742
1.4514075152800017
1.4642846911887466
1.4772655920021862
1.4903507577222947
1.5035407222587351
1.5168360130935787
1.5302371509365738
1.5437446493706495
1.5573590144877008
1.5710807445141526
1.5849103294263391
1.5988482505552817
1.6128949801808594
1.6270509811150184
1.641316706273771
1.6556925982379584
1.670179088802357
1.6847765985129806
1.699485536192446
1.714306298453002
1.7292392691971914
1.7442848191057352
1.7594433051125833
1.7747150698667995
1.7901004411811103
1.8055997314668488
1.8212132371551466
1.8369412381040822
1.8527839969915547
1.868741758693764
1.8848147496490166
1.901003177206565
1.9173072289604518
1.9337270720680169
1.950262852552851
1.9669146945921272
1.9836826997879589
2.000566946422712
2.0175674886980426
2.0346843559574572
2.051917551892273
2.0692670537307944
2.0867328114105157
2.1043147467333108
2.122012752503308
2.139826691647481
2.1577563963187694
2.175801666981563
2.193962271479652
2.2122379440862883
2.230628384536583
2.2491332570419647
2.2677521892867913
2.286484771407094
2.3053305549513756
2.3242890518235986
2.3433597332083522
2.362542028478218
2.3818353240835486
2.4012389624246833
2.420752240706712
2.4403744097771
2.460104672946179
2.4799421847909566
2.499886049942237
2.519935321855619
2.5400890015665043
2.5603460364295514
2.58070531884303
2.60116568495837
2.621725913375599
2.6423847238250207
2.6631407758357537
2.683992667391869
2.7049389335766074
2.725978045205563
2.7471084074495242
2.76832835844785
2.789636167913239
2.811030035728869
2.8325080905389197
2.8540683883335682
2.875708911029545
2.897427565047606
2.919222179888001
2.9410905067055304
2.9630302168854463
2.9850389006218316
3.0071140654999757
3.029253135084515
3.051453447515011
3.073712254110919
3.096026717987809
3.1183939126869453
3.1408108208203265
3.1632743327333963
3.185781245187841
3.2083282600668026
3.2309119831051056
3.2535289226471122
3.276175488434992
3.298847990430203
3.3215426376711883
3.344255537170352
3.366982692853519
3.38972000454513
3.4124632670026687
3.435208169003765
3.4579502924896723
3.480685111768843
3.5034079927845196
3.5261141924502573
3.548798858057548
3.571457026759699
3.5940836251363186
3.6166734688428304
3.6392212623495084
3.6617215987747302
3.684168959817132
3.7065577157914977
3.728882125773329
3.7511363378570284
3.7733143895328722
3.795410208187838
3.8174176117355287
3.8393303093805438
3.86114190252247
3.882845885805016
3.9044356483156064
3.925904474940845
3.947245547883329
3.968451948345154
3.989516658383632
4.01043256294445
4.031192452077719
4.051789023342102
4.072214884402247
4.092462555824571
4.112524474076387
4.132392994733207
4.152060395898878
4.17151888184302
4.190760586860122
4.209777579354287
4.228561866153432
4.247105397056536
4.265400069617068
4.283437734165545
4.301210199073694
4.318709236262385
4.335926586955006
4.352853967677544
4.3694830765061345
4.385805599562307
4.401813217755618
4.417497613772797
4.432850479311854
4.447863522558988
4.462528475905457
4.476837103900805
4.49078121143812
4.504352652166202
4.5175433371227225
4.530345243581532
4.5427504241064955
4.554751015803247
4.566339249759351
4.577507460662369
4.588248096584401
4.5985537289205825
4.608417062468037
4.617830945630776
4.626788380734876
4.635282534437314
4.64330674821071
4.6508545488851425
4.657919659227191
4.664496008535227
4.670577743229005
4.676159237410499
4.681235103371984
4.68580020202635
4.6898496532337255
4.693378845997566
4.6963834485025275
4.6988594179656635
4.700803010271756
4.7022107893629315
4.703079636352115
4.703406758329487
4.7031896968305595
4.702426335934345
4.701114909959826
4.699254010728912
4.696842594364099
4.693879987589302
4.690365893502602
4.686300396790183
4.6816839683513525
4.676517469305337
4.6708021543515
4.664539674455769
4.657732078837355
4.650381816231315
4.642491735404175
4.634065084901645
4.625105512009497
4.61561706091081
4.605604170025212
4.595071668518226
4.5840247719715395
4.572469077207886
4.560410556267206
4.547855549533907
4.534810758018334
4.521283234798922
4.50728037563502
4.492809908763907
4.477879883899263
4.462498660451925
4.446674894997581
4.430417528019739
4.413735769960052
4.396639086611686
4.379137183895138
4.361239992059327
4.342957649354197
4.324300485224385
4.3052790030765165
4.2859038626756005
4.266185862228626
4.246135920215907
4.22576505703279
4.205084376506171
4.184105047351774
4.162838284639256
4.141295331332977
4.119487439976688
4.097425854590346
4.075121792846815
4.052586428595464
4.029830874798271
4.00686616694245
3.9837032469914138
3.9603529479334054
3.936825978984135
3.91313291149639
3.8892841656259245
3.8652899977987647
3.841160489020672
3.816905534064811
3.792534831568626
3.768057875065695
3.7434839449729447
3.718822101547999
3.6940811788256873
3.6692697795370757
3.6443962710085205
3.619468782032522
3.594495200696456
3.569483173149753
3.544440103284669
3.519373153300612
3.4942892451171637
3.4691950625962478
3.444097054529654
3.419001438344286
3.3939142044739845
3.3688411213436966
3.343787740909287
3.318759404694051
3.2937612502614555
3.2687982180624555
3.2438750585951555
3.2189963398144306
3.1941664547294626
3.1693896291280623
3.144669929367894
3.120011270176462
3.0954174224039464
3.070892020675469
3.0464385708922848
3.0220604575346766
2.9977609507227894
2.973543212995445
2.9494103057709227
2.925365195457868
2.9014107591887353
2.877549790152496
2.8537850025078098
2.8301190358622117
2.8065544593072063
2.7830937750035685
2.7597394213152526
2.7364937754943846
2.713359155923793
2.6903378239271323
2.6674319851602224
2.6446437906003952
2.6219753371537258
2.599428667902633
2.577005772018789
2.5547085843684276
2.5325389848388675
2.510498797416597
2.4885897890484103
2.4668136683179527
2.4451720839704674
2.42366662331886
2.402298810563984
2.381070105061716
2.3599818995686364
2.3390355184972433
2.318232216210334
2.297573175382744
2.2770595054569926
2.2566922412174604
2.2364723415056575
2.216400688097002
2.1964780847571346
2.1767052564933715
2.1570828490144422
2.137611428409036
2.1182914810511853
2.0991234137378703
2.080107554061779
2.0612441510196384
2.0425333758541138
2.023975323125073
2.005570012003764
1.9873173877814536
1.9692173235822719
1.951269622268245
1.9334740185230435
1.915830181099686
1.8983377152163239
1.8809961650833276
1.8638050165442908
1.8467636998130308
1.8298715922884654
1.8131280214291534
1.7965322676694768
1.7800835673597428
1.7637811157129737
1.7476240697418652
1.7316115511701697
1.7157426493036758
1.7000164238470743
1.6844319076540726
1.6689881093993642
1.6536840161623465
1.6385185959137598
1.6234907998977723
1.60859956490333
1.5938438154199537
1.5792224656743976
1.564734421545828
1.550378582358373
1.5361538425509806
1.522059093225534
1.508093223575129
1.494255122195251
1.480543678281299
1.466957782716599
1.453496329055528
1.440158214406855
1.4269423402226957
1.4138476129987767
1.4008729448918193
1.3880172542599316
1.3752794661319228
1.3626585126113575
1.3501533332210307
1.3377628751934039
1.325486093712275
1.3133219521107073
1.301269422029979
1.2893274835439745
1.2774951252531508
1.265771344351853
1.254155146672474
1.2426455467095974
1.23124156762695
1.2199422412497294
1.2087466080445506
1.1976537170889954
1.1866626260325284
1.1757724010502881
1.164982116791057
1.1542908563205498
1.1436977110609683
1.1332017807276387
1.1228021732633982
1.1124980047713118
1.1022883994461856
1.0921724895052423
1.082149415118293
1.0722183243376522
1.0623783730279788
1.052628724796231
1.042968550921843
1.0333970302872182
1.0239133493086268
1.014516701867552
1.0052062892425389
0.9959813200415559
0.9868410101349172
0.9777845825887637
0.9688112675991106
0.9599203024264805
0.9511109313311158
0.9423824055087652
0.9337339830270579
0.9251649287624553
0.9166745143377683
0.9082620180602539
0.8999267248602733
0.8916679262305157
0.8834849201657722
0.875377011103267
0.8673435098635376
0.8593837335918495
0.851497005700156
0.8436826558095887
0.8359400196934718
0.8282684392208641
0.8206672623006186
0.813135842825951
0.8056735406195217
0.7982797213790223
0.7909537566232552
0.7836950236387148
0.7765029054266553
0.7693767906506475
0.7623160735846108
0.755320154061328
0.7483884374214329
0.7415203344628588
0.7347152613907586
0.7279726397678835
0.7212918964654113
0.7146724636142321
0.7081137785566803
0.7016152837987053
0.6951764269624856
0.6887966607394755
0.6824754428438857
0.676212235966585
0.6700065077294297
0.6638577306400142
0.6577653820468283
0.6517289440948347
0.6457479036814517
0.6398217524129357
0.6339499865611696
0.6281321070208462
0.6223676192670409
0.6166560333131792
0.6109968636693859
0.6053896293012202
0.5998338535887843
0.5943290642862118
0.5888747934815279
0.5834705775568734
0.5781159571490982
0.5728104771107171
0.567553686471218
0.5623451383987308
0.5571843901620485
0.5520710030929904
0.547004542549118
0.5419845778767884
0.5370106823745509
0.5320824332568729
0.5271994116182056
0.5223612023973774
0.5175673943423105
0.5128175799750655
0.5081113555572072
0.503448321055483
0.4988280801078218
0.4942502399896438
0.48971441158047585
0.4852202093308783
0.4807672512296708
0.47635515877146434
0.4719835569244838
0.46765207409869247
0.46336034211420724
0.4591079961700001
0.45489467481289186
0.45072001990682903
0.44658367660243947
0.4424852933068712
0.4384245216539079
0.434401016474355
0.4304144357667016
0.4264644406680494
0.4225506954253105
0.41867286736666576
0.4148306268732884
0.4110236473513277
0.4072516052041453
0.4035141798048109
0.39981105346884993
0.3961419114272369
0.3925064417996419
0.38890433556792103
0.3853352865498477
0.38179899137308787
0.37829514944941384
0.3748234629491523
0.37138363677587
0.36797537854128926
0.3645983985404362
0.36125240972701345
0.3579371276890025
0.3546522706244885
0.35139755931770555
0.3481727171153042
0.34497746990283573
0.3418115460814515
0.33867467654481653
0.3355665946562374
0.33248703622599496
0.32943573948888966
0.32641244508199085
0.3234168960225916
0.32044883768636323
0.3175080177857128
0.31459418634833974
0.31170709569598576
0.30884650042338285
0.30601215737739507
0.30320382563634785
0.3004212664895507
0.2976642434170075
0.29493252206931
0.2922258702477195
0.289544057884429
0.28688685702300815
0.2842540417990254
0.2816453884208502
0.2790606751506307
0.27649968228544497
0.27396219213862666
0.27144798902126177
0.26895685922385404
0.26648859099815975
0.26404297453918973
0.26161980196737433
0.2592188673108948
0.25683996648817425
0.2544828972905322
0.2521474593649949
0.24983345419726585
0.24754068509485277
0.24526895717034713
0.24301807732485903
0.2407878542316046
0.23857809831964152
0.23638862175775613
0.23421923843849796
0.2320697639623594
0.22994001562210303
0.22782981238722916
0.22573897488859057
0.2236673254031448
0.2216146878388463
0.21958088771968104
0.21756575217083438
0.21556910990399558
0.21359079120280092
0.21163062790840434
0.20968845340518674
0.20776410260659217
0.2058574119410943
0.2039682193382949
0.20209636421514654
0.20024168746230184
0.19840403143059143
0.19658323991762203
0.1947791581544986
0.1929916327926706
0.19122051189089634
0.18946564490232676
0.1877268826617108
0.18600407737271535
0.18429708259536132
0.18260575323357814
0.18092994552286942
0.17926951701809196
0.17762432658134966
0.17599423436999578
0.17437910182474506
0.1727787916578982
0.17119316784167116
0.1696220955966318
0.1680654413802457
0.16652307287552245
0.16499485897977073
0.16348066979345352
0.16198037660914563
0.16049385190059529
0.15902096931188336
0.1575616036466822
0.15611563085761546
0.15468292803571312
0.1532633733999634
0.15185684628696272
0.1504632271406586
0.14908239750218633
0.1477142399998015
0.14635863833890253
0.14501547729214476
0.14368464268964742
0.14236602140928867
0.1410595013670889
0.13976497150768538
0.13848232179489145
0.13721144320234285
0.1359522277042316
0.13470456826612315
0.13346835883585753
0.1322434943345367
0.13102987064759047
0.12982738461592877
0.12863593402717202
0.12745541760696233
0.12628573501035664
0.12512678681329648
0.1239784745041561
0.12284070047537043
0.12171336801513757
0.1205963812991975
0.11948964538268839
0.11839306619207536
0.11730655051715365
0.11623000600312695
0.11516334114275636
0.11410646526858176
0.11305928854521619
0.11202172196170904
0.11099367732397954
0.10997506724732138
0.10896580514897428
0.10796580524076389
0.10697498252181073
0.10599325277130461
0.10502053254134516
0.10405673914984981
0.10310179067352514
0.10215560594090287
0.1012181045254414
0.10028920673868812
0.09936883362350697
0.09845690694736661
0.09755334919568992
0.09665808356526637
0.09577103395772302
0.09489212497305573
0.09402128190322102
0.09315843072578525
0.09230349809763234
0.09145641134873035
0.09061709847595409
0.08978548813696417
0.08896150964414398
0.08814509295859055
0.08733616868416082
0.08653466806157369
0.08574052296256518
0.08495366588409678
0.08417402994261873
0.08340154886838429
0.08263615699981629
0.08187778927792684
0.08112638124078674
0.0803818690180457
0.07964418932550439
0.07891327945973403
0.07818907729274754
0.07747152126671816
0.07676055038874666
0.07605610422567759
0.07535812289896208
0.0746665470795677
0.07398131798293621
0.07330237736398641
0.07262966751216296
0.07196313124653157
0.07130271191091829
0.07064835336909328
