0.14311337332326696
0.14443866314157253
0.145776220936274
0.1471261601366256
0.14848859521627297
0.1498636417038301
0.15125141619226334
0.1526520363473917
0.1540656209197562
0.15549228975284138
0.15693216379328842
0.15838536510191129
0.1598520168623426
0.16133224339255792
0.16282617015446316
0.16433392376404277
0.16585563200269307
0.167391423827433
0.16894142938086143
0.17050578000330396
0.17208460824217278
0.17367804786417174
0.17528623386541237
0.176909302482913
0.1785473912064234
0.18020063878818632
0.18186918525596346
0.18355317192373866
0.18525274140383588
0.18696803761779704
0.1886992058092106
0.19044639255478032
0.1922097457767974
0.19398941475523074
0.1957855501399892
0.1975983039629612
0.19942782965099423
0.20127428203748393
0.20313781737628536
0.20501859335333217
0.20691676910003087
0.20883250520636418
0.2107659637334668
0.21271730822724577
0.21468670373154503
0.2166743168014489
0.21868031551692735
0.22070486949608822
0.22274814990974778
0.22481032949415444
0.22689158256620973
0.22899208503611318
0.2311120144229489
0.23325154986797492
0.23541087214972076
0.2375901636978464
0.23978960860865806
0.24200939265877186
0.2442497033215717
0.24651072978014807
0.24879266294465568
0.2510956954656549
0.25342002175085326
0.2557658379795093
0.2581333421192109
0.26052273394061587
0.26293421503370024
0.26536798882371926
0.2678242605873966
0.27030323746897367
0.27280512849679306
0.27533014459956884
0.27787849862301217
0.28045040534670584
0.2830460815008595
0.2856657457833956
0.2883096188768152
0.2909779234658145
0.29367088425403487
0.29638872798247823
0.2991316834460694
0.30189998151250286
0.30469385513912267
0.3075135393915714
0.3103592714616941
0.3132312906857673
0.31612983856307963
0.31905515877440677
0.3220074972002666
0.324987101940412
0.32799422333226763
0.3310291139699372
0.3340920287236942
0.3371832247589657
0.34030296155597434
0.3434515009291961
0.3466291070471672
0.34983604645203864
0.3530725880798325
0.3563390032804934
0.3596355658375326
0.3629625519893045
0.3663202404485411
0.3697089124236018
0.37312885163892373
0.3765803443555056
0.38006367939259994
0.38357914814811345
0.3871270446201907
0.39070766542830543
0.3943213098350012
0.3979682797669819
0.40164887983737313
0.40536341736689396
0.4091122024061822
0.41289554775790616
0.4167137689985486
0.42056718450053676
0.42445611545551687
0.42838088589560186
0.43234182271680716
0.4363392557013626
0.44037351754050086
0.44444494385754074
0.44855387323080426
0.45270064721639625
0.4568856103718046
0.46110911027883594
0.46537149756723856
0.4696731259379352
0.4740143521865714
0.4783955362272383
0.4828170411159701
0.48727923307473225
0.49178248151516735
0.49632715906218294
0.5009136415784665
0.5055423081880113
0.5102135413004668
0.5149277266352653
0.5196852532456278
0.5244865135428801
0.5293319033207534
0.5342218217798335
0.5391566715512739
0.5441368587219355
0.5491627928581831
0.5542348870306281
0.5593535578382115
0.5645192254328318
0.5697323135436607
0.5749932495014233
0.5803024642628754
0.5856603924352266
0.5910674723001702
0.5965241458383668
0.6020308587535848
0.6075880604969315
0.613196204290913
0.6188557471534323
0.6245671499218306
0.6303308772767043
0.6361473977657083
0.6420171838271556
0.6479407118135388
0.6539184620152375
0.6599509186833846
0.6660385700532938
0.6721819083672971
0.6783814298975502
0.684637634968776
0.6909510279805772
0.6973221174296218
0.7037514159316919
0.7102394402434465
0.7167867112838782
0.7233937541555608
0.7300610981656981
0.7367892768465264
0.7435788279760857
0.7504302935977964
0.757344220040399
0.7643211579372361
0.7713616622450161
0.7784662922626693
0.7856356116491419
0.7928701884411368
0.800170595070495
0.8075374083807033
0.8149712096433558
0.8224725845735804
0.8300421233454535
0.8376804206063776
0.8453880754912226
0.8531656916356405
0.8610138771887176
0.8689332448251387
0.8769244117563908
0.884987999741521
0.8931246350968871
0.9013349487052148
0.9096195760239891
0.9179791570926311
0.9264143365391193
0.9349257635856605
0.9435140920531633
0.9521799803650237
0.9609240915496097
0.9697470932420102
0.9786496576842973
0.9876324617250409
0.9966961868172737
1.0058415190155523
1.015069148971541
1.0243797719283336
1.0337740877134545
1.0432528007304531
1.0528166199490128
1.0624662588936415
1.072202435630626
1.0820258727535976
1.0919372973673374
1.1019374410698255
1.1120270399326115
1.122206834479329
1.1324775696623086
1.1428399948371664
1.1532948637355533
1.1638429344357764
1.174484969331067
1.1852217350959808
1.1960540026502025
1.2069825471202882
1.2180081477987759
1.229131588100728
1.2403536555180759
1.2516751415708869
1.263096841756034
1.274619555493191
1.2862440860677522
1.2979712405707862
1.3098018298358942
1.3217366683731029
1.3337765742989922
1.345922369264087
1.3581748783762362
1.3705349301207275
1.3830033562767274
1.3955809918297035
1.408268674880229
1.4210672465486396
1.4339775508756023
1.4470004347184746
1.460136747643262
1.4733873418121415
1.4867530718664481
1.5002347948046582
1.5138333698559057
1.5275496583482142
1.5413845235716663
1.5553388306363198
1.569413446324709
1.5836092389387446
1.5979270781409227
1.6123678347895916
1.6269323807683513
1.6416215888090282
1.6564363323085753
1.6713774851390946
1.6864459214515475
1.7016425154722667
1.7169681412926947
1.732423672651622
1.7480099827102478
1.763727943819456
1.779578427279426
1.7955623030911034
1.811680439699603
1.8279337037291565
1.8443229597093478
1.8608490697927325
1.8775128934632
1.8943152872351428
1.9112571043432274
1.9283391944222923
1.9455624031773826
1.962927572043573
1.9804355378353045
1.9980871323851974
2.015883182171703
2.0338245079357926
2.051911924286033
2.070146239292133
2.088528254066338
2.1070587623327475
2.1257385499840367
2.1445683946254057
2.163549065105502
2.1826813210339497
2.2019659122852424
2.2214035784887667
2.240995048504521
2.2607410398843863
2.280642258318564
2.3006993970668113
2.3209131363743767
2.3412841428721034
2.361813068960523
2.382500552177544
2.403347214549544
2.4243536619253616
2.445520483293071
2.466848250079014
2.4883375154289857
2.5099888134710806
2.5318026585598923
2.5537795445019107
2.575919943761533
2.598224306647582
2.6206930604799403
2.643326608735901
2.6661253301760874
2.689089577949411
2.712219678677007
2.7355159315145476
2.7589786071929354
2.782607947036769
2.8064041619606432
2.830367431442513
2.854497902474415
2.8787956884897223
2.9032608682670515
2.9278934848104177
2.952693544205341
2.9776610144507334
3.002795824266378
3.028097861875667
3.053566973763523
3.0792029634092084
3.1050055899939464
3.13097456708309
3.1571095612828817
3.1834101908715082
3.209876024404318
3.23650657929349
3.2633013203615873
3.2902596583694144
3.317380948517851
3.344664488923955
3.372109519071218
3.399715218234135
3.427480703877178
3.4554050300284116
3.4834871856278578
3.5117260928508593
3.5401206054067877
3.5686695068133867
3.5973715086469884
3.6262252487693116
3.655229289530952
3.6843821159523946
3.713682133882884
3.743127668137946
3.77271696061616
3.802448168396002
3.83231936181345
3.8623285225214476
3.8924735415319973
3.922752217241977
3.953162253443871
3.9837012573224593
4.014366737438868
4.045156101703274
4.07606665533777
4.107095598830842
4.138240025885216
4.169496921360742
4.200863159214164
4.232335500437766
4.263910590998928
4.295584959782771
4.327355016540151
4.359217049843553
4.3911672250531595
4.423201582296077
4.455316034461224
4.487506365213023
4.51976822702685
4.55209713924944
4.584488486187688
4.616937515229244
4.649439334998592
4.68198891355241
4.714581076618125
4.747210505879847
4.779871737315851
4.812559159592073
4.845267012516264
4.877989385557458
4.910720216435731
4.943453289787322
4.976182235910373
5.0089005295966835
5.041601489055071
5.074278274932103
5.1069238894360796
5.139531175570379
5.172092816482359
5.204601334934239
5.23704909290248
5.269428291312427
5.301730969914906
5.333949007311954
5.36607412113862
5.398097868408189
5.430011646028099
5.461806691494133
5.493474083770316
5.525004744362261
5.556389438591679
5.587618777079817
5.618683217447718
5.64957306624111
5.680278481087888
5.710789473096073
5.7410959095000464
5.771187516563053
5.801053882743578
5.830684462133424
5.8600685781749995
5.889195427665303
5.918054085053911
5.946633507041994
5.974922537489351
6.002909912636011
6.030584266644793
6.05793413747079
6.084947973063535
6.111614137907054
6.137920919902687
6.163856537599001
6.189409147772729
6.214566853363976
6.2393177117683996
6.2636497434884255
6.287550941144871
6.311009278849577
6.334012721938861
6.356549237066865
6.378606802656819
6.400173419707447
6.421237122950723
6.4417859923561105
6.46180816497538
6.481291847120967
6.500225326869641
6.518596986882067
6.536395317527483
6.553608930301581
6.570226571524111
6.586237136301523
6.601629682738451
6.616393446380368
6.6305178548683115
6.643992542785051
6.656807366670511
6.668952420182738
6.680418049379143
6.691194868091212
6.701273773364248
6.710645960932233
6.719302940696361
6.727236552174176
6.734438979884939
6.740902768635264
6.746620838667738
6.751586500633909
6.755793470351742
6.759235883306468
6.761908308852649
6.763805764074298
6.764923727258985
6.765258150941121
6.764805474468938
6.763562636049252
6.761527084223714
6.758696788730087
6.755070250702145
6.750646512161926
6.745425164758512
6.739406357708076
6.7325908048908
6.724979791061261
6.716575177130222
6.707379404477212
6.697395498255141
6.686627069650101
6.675078317061875
6.662754026173126
6.649659568878106
6.635800901044627
6.621184559086515
6.605817655327121
6.58970787213835
6.5728634548436595
6.5552932033776905
6.537006462699627
6.518013111962043
6.498323552441769
6.477948694244282
6.456899941798186
6.435189178161621
6.412828748167623
6.389831440440859
6.3662104683235015
6.341979449753349
6.317152386142591
6.291743640310878
6.265767913531442
6.239240221753954
6.21217587107263
6.184590432512583
6.156499716211732
6.127919745079479
6.09886672801712
6.069357032788045
6.039407158628733
6.009033708693883
5.978253362430962
5.947082847980794
5.915538914701797
5.883638305915704
5.851397731972404
5.818833843730734
5.785963206550633
5.752802274890076
5.719367367597576
5.6856746439879755
5.6517400807854274
5.617579450013153
5.583208297904898
5.548641924907503
5.513895366838356
5.478983377255251
5.443920411089618
5.408720609587066
5.373397786592202
5.337965416207001
5.302436621844659
5.266824166692966
5.23114044559368
5.1953974783365515
5.159606904359026
5.123779978835277
5.087927570130838
5.0520601585921
5.016187836633388
4.98032031007788
4.944466900702793
4.9086365499339415
4.872837823629751
4.837078917890445
4.801367665824462
4.765711545200733
4.730117686912978
4.694592884180034
4.659143602404902
4.623775989614244
4.588495887399854
4.553308842283894
4.518220117430532
4.483234704627811
4.448357336465513
4.4135924986368975
4.378944442294711
4.344417196394965
4.310014579965045
4.275740214236259
4.241597534584631
4.207589802227573
4.173720115628086
4.1399914215621285
4.10640652580902
4.0729681034288046
4.039678708594565
4.006540783951919
3.973556669481758
3.940728610846313
3.908058767202461
3.875549218469859
3.843201972045109
3.811018968956603
3.7790020894580802
3.747153158062041
3.715473948017253
3.6839661852375394
3.652631551691755
3.6214716882674756
3.5904881971235256
3.5596826435487143
3.5290565573463737
3.498611433766458
3.4683487340087273
3.4382698853224554
3.4083762807295312
3.378669278399461
3.349150200705859
3.3198203329951688
3.2906809220992863
3.261733174624362
3.2329782550485815
3.2044172836620195
3.176051334381693
3.1478814324747346
3.119908552222305
3.0921336145561673
3.0645574846990558
3.037180969838873
3.0100048168655538
2.9830297101979166
2.956256269726146
2.929685048893808
2.9033165329412443
2.8771511373300447
2.85118920636614
2.8254310120366304
2.799876753073059
2.7745265542514224
2.7493804659366368
2.724438463876758
2.6997004492496783
2.675166248962724
2.650835616203113
2.62670823123498
2.6027837024365943
2.579061567569302
2.555541295267845
2.532222286740096
2.5091038776626062
2.4861853402570775
2.4634658855317513
2.4409446656707163
2.4186207765533996
2.3964932603860576
2.3745611084266485
2.3528232637844497
2.331278624275767
2.3099260453174373
2.2887643428401985
2.2677922962046004
2.2470086511029526
2.2264121224316256
2.206001397119034
2.185775136895801
2.1657319809947255
2.1458705487694574
2.1261894422221164
2.1066872484313737
2.0873625418739166
2.0682138866334743
2.0492398384929946
2.030438946906755
2.0118097568504347
1.993350810548367
1.9750606490782359
1.9569378138544662
1.9389808479925261
1.921188297557113
1.9035587126979017
1.8860906486772044
1.8687826667943166
1.851633335211795
1.8346412296891685
1.8178049342298508
1.8011230416471145
1.784594154055036
1.7682168832903251
1.7519898512708403
1.7359116902964176
1.719981043297515
1.7041965640368666
1.688556917269089
1.6730607788629304
1.657706835890471
1.642493786687331
1.6274203408875472
1.6124852194365213
1.5976871545850893
1.5830248898674308
1.5684971800653096
1.5541027911607934
1.5398405002793605
1.525709095625089
1.5117073764093614
1.4978341527743295
1.4840882457122273
1.470468486981424
1.4569737190199952
1.4436027948574317
1.4303545780250448
1.4172279424654934
1.404221772441778
1.391334962446015
1.3785664171082181
1.365915051105254
1.3533797890701433
1.3409595655018134
1.328653324675376
1.316460020553016
1.3043786166955338
1.292408086174578
1.2805474114855833
1.268795584461453
1.2571516061869843
1.245614486914035
1.234183245977456
1.2228569117117736
1.2116345213686182
1.2005151210349128
1.1894977655518022
1.1785815184343171
1.1677654517917806
1.1570486462489376
1.1464301908678145
1.1359091830702834
1.125484728561346
1.1151559412531213
1.1049219431895214
1.0947818644716294
1.0847348431837571
1.0747800253201782
1.0649165647125396
1.0551436229579383
1.0454603693476512
1.0358659807965278
1.0263596417730287
1.0169405442298995
1.0076078875354906
0.9983608784056998
0.9891987308365469
0.9801206660373567
0.9711259123645647
0.9622137052561279
0.9533832871665328
0.944633907502404
0.9359648225587073
0.9273752954555287
0.9188645960754411
0.9104320010014461
0.9020767934554783
0.8937982632374815
0.88559570666504
0.8774684265135675
0.8694157319570377
0.8614369385092668
0.8535313679657326
0.8456983483459222
0.8379372138362161
0.8302473047332952
0.8226279673880603
0.8150785541500752
0.8075984233125165
0.800186939057624
0.7928434714026589
0.7855673961463534
0.7783580948158546
0.7712149546141512
0.7641373683679866
0.7571247344762502
0.7501764568588372
0.7432919449059835
0.7364706134280649
0.7297118826058516
0.7230151779412253
0.7163799302083481
0.7098055754052733
0.7032915547060089
0.6968373144130138
0.6904423059101368
0.6841059856159794
0.677827814937693
0.6716072602251995
0.6654437927258279
0.6593368885393699
0.6532860285735522
0.6472906984999067
0.6413503887100567
0.6354645942723991
0.6296328148891832
0.6238545548539863
0.6181293230095768
0.6124566327061685
0.6068360017600506
0.6012669524126046
0.595749011289695
0.5902817093614287
0.5848645819022895
0.5794971684516373
0.5741790127745651
0.56890966282312
0.5636886706978815
0.5585155926098849
0.553389988842902
0.5483114237160636
0.5432794655468278
0.5382936866142846
0.5333536631227994
0.5284589751659927
0.5236092066910439
0.5188039454633283
0.5140427830313785
0.5093253146921618
0.5046511394566825
0.5000198600158985
0.49543108270694713
0.4908844174796844
0.48637947786353203
0.4819158809346244
0.4774932472832614
0.4731112009816576
0.46876936955198933
0.46446738393473164
0.4602048784572889
0.4559814908029138
0.4517968619799072
0.44765063629110535
0.44354246130364594
0.439471987819009
0.4354388698433356
0.43144276455801944
0.4274833322905649
0.4235602364857152
0.4196731436768454
0.4158217234576178
0.41200564845389553
0.4082245942959165
0.40447823959072254
0.40076626589483877
0.3970883576872066
0.3934442023423651
0.3898334901038758
0.38625591405799375
0.38271117010758104
0.3791989569462557
0.37571897603278226
0.3722709315656944
0.36885453045815336
0.3654694823130327
0.36211549939823595
0.35879229662223944
0.35549959150985777
0.35223710417823423
0.3490045573130508
0.34580167614495516
0.3426281884262054
0.3394838244075296
0.33636831681519563
0.33328140082829333
0.33022281405622406
0.3271922965163986
0.3241895906121363
0.32121444111077035
0.3182665951219536
0.3153458020761606
0.31245181370339015
0.30958438401206306
0.3067432692681105
0.3039282279742579
0.30113902084949734
0.2983754108087478
0.29563716294270387
0.2929240444978661
0.2902358248567593
0.28757227551832903
0.2849331700785167
0.2823182842110185
0.27972739564821564
0.27716028416228
0.2746167315464583
0.27209652159651987
0.26959944009238296
0.2671252747799042
0.2646738153528355
0.2622448534349506
0.25983818256233127
0.25745359816581664
0.2550908975536175
0.2527498798940855
0.2504303461986411
0.2481320993048622
0.2458549438597239
0.24359868630299153
0.24136313485077102
0.23914809947920546
0.2369533919083217
0.23477882558602903
0.2326242156722607
0.2304893790232611
0.228374134176021
0.2262783013328517
0.2242017023461008
0.222144160703012
0.22010550151072006
0.21808555148138373
0.21608413891745876
0.21410109369710031
0.21213624725970526
0.2101894325915831
0.20826048421175866
0.20634923815790823
0.2044555319724215
0.20257920468859142
0.20072009681693417
0.19887805033163117
0.19705290865709582
0.19524451665466636
0.19345272060941818
0.1916773682170967
0.1899183085711733
0.18817539215001752
0.18644847080418608
0.1847373977438324
0.18304202752622828
0.18136221604340003
0.17969782050988123
0.17804869945057472
0.1764147126887265
0.17479572133401206
0.17319158777072974
0.17160217564610256
0.17002734985869
0.16846697654690201
0.1669209230776227
0.16538905803493545
0.16387125120895157
0.16236737358474426
0.16087729733138117
0.15940089579105785
0.1579380434683334
0.1564886160194626
0.15505249024182535
0.1536295440634565
0.15221965653266833
0.15082270780776896
0.14943857914687753
0.1480671528978296
0.14670831248817656
0.14536194241527794
0.14402792823648305
0.14270615655940228
0.14139651503227035
0.1400988923343955
0.13881317816669644
0.13753926324232807
0.13627703927739165
0.1350263989817295
0.13378723604980688
0.13255944515167517
0.13134292192401797
0.13013756296128182
0.12894326580688473
0.12775992894450897
0.12658745178947137
0.12542573468017276
0.12427467886962817
0.12313418651707245
0.12200416067964308
0.12088450530414131
0.11977512521886674
0.11867592612552731
0.11758681459122473
0.11650769804051239
0.11543848474752537
0.11437908382818512
0.11332940523247356
0.11228935973677819
0.11125885893630903
0.1102378152375838
0.10922614185098159
0.10822375278336695
0.1072305628307798
0.10624648757119236
0.1052714433573345
0.10430534730958295
0.10334811730891591
0.10239967198993423
0.10145993073394377
0.10052881366210398
0.09960624162863765
0.09869213621410286
0.09778641971872833
0.0968890151558084
0.09599984624515846
0.09511883740663228
0.09424591375369683
0.09338100108706665
0.09252402588839774
0.0916749153140378
0.09083359718883421
