0.1755741718760361
0.17720002916577776
0.17884093580375746
0.18049703090921135
0.18216845488213215
0.18385534941545556
0.1855578575066857
0.18727612346887385
0.18901029294384628
0.19076051291332896
0.19252693171203134
0.19430969903826753
0.1961089659686706
0.19792488496857844
0.1997576099058868
0.20160729606323244
0.20347410015077932
0.20535818031974437
0.20725969617453038
0.20917880878670267
0.2111156807073073
0.2130704759814574
0.21504336016127978
0.2170345003187718
0.21904406506099658
0.22107222454211264
0.22311915047928668
0.2251850161655892
0.22726999648417903
0.22937426792300614
0.23149800858904349
0.23364139822313645
0.23580461821422216
0.23798785161451108
0.24019128315438415
0.24241509925725532
0.24465948805462856
0.24692463940194442
0.2492107448936292
0.2515179978786061
0.25384659347632277
0.2561967285921314
0.25856860193358766
0.26096241402624976
0.2633783672303873
0.26581666575696605
0.26827751568348235
0.27076112497225546
0.2732677034855995
0.27579746300343994
0.2783506172400225
0.2809273818614828
0.2835279745028369
0.2861526147854451
0.28880152433452877
0.2914749267971932
0.2941730478599985
0.29689611526697457
0.29964435883776197
0.30241801048588324
0.3052173042375665
0.30804247624967557
0.3108937648287153
0.3137714104497581
0.31667565577549217
0.31960674567518194
0.32256492724354485
0.32555044982154757
0.32856356501433476
0.33160452671219387
0.3346735911097732
0.3377710167264122
0.3408970644262034
0.3440519974384038
0.34723608137769446
0.35044958426496503
0.3536927765482873
0.35696593112349567
0.3602693233553862
0.3636032310991015
0.36696793472112393
0.37036371712135596
0.3737908637544038
0.3772496626511242
0.3807404044415746
0.38426338237636354
0.38781889234875655
0.3914072329180489
0.3950287053309584
0.3986836135455352
0.4023722642533882
0.40609496690253777
0.4098520337209888
0.4136437797401237
0.41747052281796593
0.42133258366295706
0.4252302858572216
0.4291639558814866
0.43313392313833915
0.4371405199765812
0.4411840817157842
0.4452649466708255
0.4493834561764154
0.4535399546116163
0.4577347894252327
0.46196831116113135
0.46624087348227994
0.47055283319727303
0.47490455028542444
0.47929638792218116
0.4837287125050581
0.4882018936797079
0.4927163043653125
0.49727232078161454
0.5018703224743845
0.5065106923421383
0.5111938166629284
0.5159200851202298
0.5206898908305392
0.5255036303694839
0.5303617037995059
0.5352645146961409
0.5402124701759531
0.5452059809232399
0.5502454612179142
0.5553313289625986
0.5604640057103173
0.5656439166921895
0.5708714908453384
0.5761471608402876
0.581471363109299
0.5868445378741375
0.5922671291741121
0.5977395848943351
0.6032623567936836
0.6088359005332512
0.6144606757043495
0.6201371458570746
0.6258657785285567
0.6316470452712789
0.6374814216816819
0.643369387428281
0.6493114262804884
0.6553080261367225
0.6613596790531163
0.6674668812715758
0.673630133248824
0.679849939684246
0.6861268095484031
0.6924612561116008
0.6988537969717068
0.7053049540829552
0.7118152537834302
0.7183852268237308
0.7250154083947881
0.7317063381553389
0.7384585602604742
0.7452726233886087
0.7521490807694612
0.7590884902111605
0.7660914141276999
0.7731584195658137
0.7802900782320793
0.7874869665194476
0.7947496655337878
0.8020787611202028
0.8094748438888882
0.8169385092412247
0.8244703573949402
0.8320709934096279
0.8397410272115271
0.8474810736180499
0.8552917523623367
0.863173688116847
0.8711275105172421
0.8791538541851471
0.8872533587513068
0.8954266688774623
0.9036744342788015
0.9119973097446696
0.9203959551597155
0.9288710355244731
0.9374232209748384
0.9460531868014442
0.9547616134682749
0.9635491866306918
0.9724165971526194
0.9813645411235413
0.9903937198741034
0.999504839991667
1.0086986133344362
1.0179757570453736
1.0273369935649304
1.036783050642849
1.0463146613495058
1.055932564085771
1.0656375025921747
1.0754302259570412
1.0853114886238076
1.0952820503965663
1.1053426764452146
1.1154941373090286
1.1257372088992497
1.1360726725000785
1.1465013147686434
1.1570239277337069
1.1676413087925093
1.1783542607067707
1.1891635915965875
1.200070114933243
1.2110746495301676
1.2221780195323266
1.23338105440381
1.2446845889137088
1.2560894631200856
1.267596522352276
1.2792066171907255
1.2909206034454135
1.302739342131572
1.3146636994439749
1.3266945467280284
1.338832760449512
1.3510792221613053
1.3634348184678955
1.3759004409873277
1.38847698631051
1.4011653559578077
1.4139664563329628
1.4268811986739147
1.4399104990009302
1.453055278061531
1.466316461272119
1.479694978656843
1.4931917647825752
1.5068077586908115
1.5205439038258535
1.5344011479594555
1.5483804431115233
1.5624827454672485
1.5767090152899466
1.591060216829938
1.605537318229265
1.6201412914218716
1.6348731120295956
1.6497337592531904
1.664724215759036
1.6798454675605876
1.6950985038950783
1.7104843170950041
1.7260039024542306
1.741658258088833
1.7574483847921651
1.7733752858842875
1.7894399670554038
1.8056434362033356
1.8219867032647026
1.8384707800396418
1.855096680010028
1.8718654181509433
1.888778010735046
1.9058354751301099
1.9230388295889385
1.9403890930319365
1.9578872848219453
1.9755344245312252
1.9933315317001126
2.011279625587615
2.0293797249133387
2.0476328475906036
2.066040010450691
2.0846022289577673
2.103320516914429
2.122195886157558
2.141229346244238
2.160421904127458
2.1797745638215096
2.1992883260565472
2.2189641879223774
2.2388031425008608
2.258806178487038
2.27897427979828
2.2993084251716773
2.319809587748839
2.340478734648326
2.361316826525048
2.382324817116446
2.4035036527753832
2.4248542719889445
2.4463776048833457
2.468074572714355
2.4899460873428714
2.511993050695601
2.5342163542100677
2.5566168782642325
2.579195491589695
2.601953050668725
2.62489039911438
2.648008367033603
2.671307770372761
2.694789410245506
2.718454072242332
2.7423025257215556
2.7663355230815516
2.7905537990136264
2.814958069735193
2.839549032202995
2.8643273633059607
2.889293719037208
2.9144487336449907
2.9397930187621277
2.965327162513404
2.9910517286009224
3.0169672553666094
3.0430742548317946
3.0693732117133266
3.0958645824160436
3.122548794000949
3.1494262431289672
3.176497294979759
3.2037622821454383
3.231221503498534
3.2588752230341353
3.286723668685709
3.3147670311143047
3.3430054624708534
3.371439075131167
3.4000679404034058
3.4288920872076716
3.4579115007273864
3.4871261210323907
3.516535841673245
3.5461405082466166
3.5759399169315844
3.605933812996474
3.636121889276251
3.66650378462014
3.6970790823093305
3.7278473084447468
3.7588079303047266
3.7899603546724556
3.821303926133273
3.852837925341673
3.8845615672581597
3.916473999355811
3.948574299796955
3.980861475579712
4.013334460654827
4.045992114012908
4.078833217742358
4.11185647505814
4.145060508302062
4.178443856914499
4.212004975378581
4.245742231136789
4.279653902480898
4.31373817641583
4.347993146497976
4.382416810648963
4.417007068945475
4.451761721386327
4.48667846563741
4.521754894756008
4.556988494895247
4.59237664299025
4.627916604427079
4.663605530696082
4.699440457031077
4.735418300036061
4.771535855301161
4.807789795009667
4.844176665538181
4.8806928850519
4.917334741097256
4.95409838819432
4.990979845431295
5.027974994063885
5.065079575122084
5.1022891870274165
5.13959928322359
5.177005169823777
5.214502003277767
5.2520847880626365
5.289748374400429
5.327487456006757
5.365296567874322
5.403170084095426
5.441102215727891
5.479087008708936
5.517118341821489
5.555189924718151
5.593295296007554
5.6314278214086055
5.669580691977928
5.707746922416174
5.745919349459061
5.784090630359155
5.822253241464568
5.86039947690107
5.898521447364168
5.936611079027912
5.9746601125775936
6.012660102373276
6.050602415751734
6.088478232474222
6.12627854432787
6.163994154888597
6.201615679453569
6.239133545151471
6.2765379912389845
6.313819069591951
6.350966645399927
6.387970398072847
6.424819822368788
6.461504229751738
6.49801274998846
6.534334332993634
6.570457750932423
6.606371600589732
6.642064306015323
6.677524121454134
6.7127391345708745
6.747697269978144
6.78238629307704
6.816793814219315
6.850907293199767
6.884714044087643
6.918201240405399
6.9513559206630475
6.984164994256059
7.016615247734419
7.048693351450067
7.080385866589743
7.111679252599472
7.142559875006884
7.173014013646702
7.2030278712942195
7.232587582711178
7.261679224107461
7.29028882302161
7.318402368622109
7.346005822430782
7.3730851294685875
7.399626229823335
7.425615070637604
7.451037618514324
7.475879872336231
7.500127876494259
7.523767734518733
7.546785623105889
7.569167806530978
7.590900651437722
7.611970641992539
7.632364395390358
7.652068677697379
7.671070420014465
7.689356734943261
7.7069149333354305
7.723732541303683
7.7397973174715435
7.755097270436984
7.769620676423301
7.783356097088761
7.796292397464776
7.808418763990416
7.819724722609459
7.830200156894143
7.839835326158143
7.848620883519549
7.856547893872797
7.8636078517269645
7.869792698866174
7.875094841786367
7.879507168861177
7.883023067188464
7.885636439067606
7.8873417180567165
7.8881338845579005
7.88800848087779
7.886961625710014
7.884990027985682
7.882091000037681
7.878262470024444
7.873502993559014
7.867811764489423
7.861188624777103
7.853634073420728
7.84514927437404
7.835736063407478
7.825396953865061
7.81413514126986
7.801954506733551
7.788859619128053
7.774855735979968
7.7599488030516595
7.744145452576108
7.727453000116424
7.709879440024771
7.691433439479714
7.672124331085566
7.651962104022015
7.630957393737351
7.609121470183949
7.586466224600035
7.563004154847484
7.538748349321247
7.513712469451998
7.487910730829583
7.461357882981177
7.434069187844179
7.406060396980138
7.377347727582156
7.34794783733448
7.317877798188886
7.287155069128354
7.25579746799431
7.223823142459051
7.191250540230109
7.158098378578221
7.124385613284963
7.090131407110083
7.055355097882277
7.020076166320091
6.984314203692264
6.948088879428713
6.911419908794849
6.874327020742571
6.836829926051382
6.7989482858726
6.760701680788313
6.72210958049482
6.683191314217741
6.6439660419626625
6.60445272670121
6.564670107587915
6.524636674297982
6.4843706425702345
6.443889931033169
6.403212139385198
6.362354527992787
6.321333998962395
6.280167078734146
6.238869902236678
6.197458198633976
6.155947278686394
6.11435202373906
6.072686876342099
6.030965832498397
5.989202435525865
5.9474097715129135
5.905600466337537
5.8637866842128545
5.821980127714409
5.780192039237706
5.738433203828179
5.696713953319891
5.655044171714069
5.613433301724199
5.571890352410348
5.530423907822228
5.489042136568095
5.44775280222467
5.406563274502045
5.365480541077255
5.324511220010147
5.283661572656002
5.242937516990687
5.2023446412659675
5.1618882179149
5.121573217629978
5.081404323539874
5.041385945414053
5.001522233828165
4.961817094227216
4.922274200827459
4.88289701030216
4.843688775200743
4.804652557054945
4.765791239129944
4.727107538782528
4.688604019392523
4.650283101837614
4.612147075485461
4.574198108680829
4.536438258708787
4.498869481218457
4.4614936390949484
4.424312510770104
4.387327797965472
4.350541132863721
4.313954084707133
4.27756816582433
4.241384837088599
4.205405512813504
4.169631565093481
4.134064327599165
4.098705098839231
4.063555144902365
4.028615701694804
3.993887976690764
3.959373150214734
3.925072376276243
3.8909867829794647
3.8571174725313404
3.823465520873556
3.790031976964847
3.756817861741536
3.723824166785173
3.691051852727148
3.658501847421029
3.6261750439139355
3.594072298248725
3.5621944271291106
3.530542205479817
3.4991163639337124
3.4679175862775873
3.43694650688754
3.406203708184204
3.3756897181369494
3.3454050078450446
3.315349989222228
3.285525012809534
3.2559303657394643
3.2265662698725475
3.1974328801252367
3.1685302830059214
3.1398584953734416
3.1114174634300906
3.083207061958709
3.055227093810911
3.0274772896510935
2.9999573079583253
2.972666735285946
2.9456050867762653
2.9187718069255424
2.8921662705923628
2.8657877842404855
2.83963558740538
2.8137088543720905
2.7880066960504903
2.7625281620326816
2.737272242816275
2.712237872176283
2.687423929667679
2.6628292432402443
2.638452591946927
2.614292708726953
2.5903482832449174
2.5666179647674796
2.5431003650596833
2.5197940612835255
2.49669759888224
2.473809494434619
2.4511282384646864
2.428652298193246
2.4063801202189516
2.384310133117821
2.3624407499514843
2.3407703706757146
2.319297384442208
2.298020171787835
2.2769371067070066
2.2560465586039777
2.2353468941231625
2.2148364788567205
2.19451367892973
2.174376862464218
2.1544244009243187
2.1346546703455473
2.1150660524519074
2.0956569356651937
2.0764257160112916
2.0573707979287335
2.038490594985019
2.0197835305064804
2.0012480381275584
1.982882562265394
1.96468555852565
1.9466554940453638
1.9287908477784428
1.9110901107293066
1.8935517861398514
1.8761743896346752
1.8589564493292319
1.841896505905223
1.8249931126572596
1.8082448355144425
1.79165025304026
1.7752079564138266
1.7589165493951784
1.7427746482770992
1.7267808818256167
1.7109338912110628
1.6952323299313863
1.6796748637291408
1.664260170503383
1.6489869402175628
1.6338538748042886
1.6188596880677448
1.604003105584367
1.5892828646023365
1.5746977139403096
1.5602464138857284
1.5459277360930181
1.5317404634818963
1.5176833901359592
1.503755321201717
1.4899550727881734
1.4762814718670307
1.4627333561736025
1.4493095741084658
1.4360089846399058
1.4228304572071488
1.4097728716244329
1.396835117985911
1.3840160965713815
1.371314717752871
1.3587299019020571
1.346260579298517
1.333905690038823
1.3216641839464653
1.3095350204825857
1.2975171686575402
1.2856096069432676
1.2738113231864625
1.2621213145225383
1.250538587290385
1.239062156947913
1.2276910479883574
1.2164242938573662
1.2052609368708413
1.1942000281335314
1.1832406274583773
1.1723818032865982
1.1616226326085013
1.1509622008850309
1.140399601970032
1.1299339380332216
1.1195643194838785
1.1092898648952219
1.0991097009294966
1.0890229622637297
1.079028791516183
1.0691263391734755
1.0593147635183697
1.0495932305582265
1.0399609139541193
1.0304169949505875
1.0209606623060457
1.011591112223829
1.0023075482838648
0.9931091813749794
0.9839952296278222
0.9749649183484083
0.9660174799522642
0.9571521538991854
0.9483681866285918
0.9396648314954691
0.9310413487069068
0.9224970052592169
0.9140310748756225
0.905642837944528
0.8973315814583517
0.8890965989529155
0.8809371904473988
0.872852662384837
0.8648423275731718
0.8569055051268347
0.849041520408874
0.8412497049736113
0.833529396509819
0.8258799387844261
0.8183006815867387
0.8107909806731685
0.8033501977124725
0.7959777002314978
0.7886728615614148
0.7814350607844543
0.7742636826811264
0.7671581176779297
0.7601177617955326
0.7531420165974366
0.7462302891391105
0.7393819919175865
0.7325965428215221
0.7258733650817246
0.7192118872221186
0.712611543011174
0.7060717714137767
0.699592016543537
0.6931717276155404
0.6868103588995298
0.6805073696735204
0.674262224177834
0.6680743915695607
0.6619433458774389
0.6558685659571429
0.6498495354469884
0.6438857427240414
0.6379766808606279
0.6321218475812446
0.6263207452198684
0.6205728806776499
0.6148777653810023
0.6092349152400706
0.6036438506075864
0.5981040962380939
0.5926151812475549
0.5871766390733253
0.5817880074344932
0.576448828292587
0.5711586478126428
0.5659170163246242
0.5607234882852028
0.5555776222398872
0.5504789807854968
0.5454271305329826
0.5404216420705912
0.5354620899273604
0.5305480525369571
0.5256791122018418
0.520854855057766
0.5160748710385907
0.5113387538414321
0.5066461008921265
0.501996513311008
0.49738959587900594
0.49282495700405105
0.4883022086877878
0.4838209664925951
0.4793808495089105
0.4749814803228499
0.47062248498412806
0.46630349297427265
0.4620241371751309
0.45778405383766174
0.4535828825510183
0.44942026621191394
0.44529585099426533
0.4412092863191184
0.4371602248248501
0.4331483223376398
0.4291732378422153
0.4252346334528678
0.4213321743847286
0.41746552892531363
0.4136343684063271
0.40983836717572597
0.4060772025700363
0.40235055488692884
0.39865810735804386
0.3949995461220642
0.39137456019803807
0.38778284145894537
0.3842240846055057
0.38069798714022823
0.3772042493416996
0.37374257423910623
0.37031266758699255
0.36691423784024896
0.3635469961293317
0.360210656235707
0.35690493456752265
0.353629550135504
0.3503842245290673
0.3471686818926557
0.3439826489022923
0.34082585474234506
0.33769803108250873
0.33459891205499703
0.331528234231942
0.3284857366030043
0.32547116055318454
0.3224842498408437
0.3195247505759211
0.3165924111983519
0.31368698245668725
0.3108082173869062
0.3079558712914222
0.305129701718287
0.3023294684405776
0.29955493343598105
0.29680586086656024
0.2940820170587061
0.29138317048327844
0.28870909173592363
0.28605955351757406
0.28343433061513057
0.2808331998823172
0.2782559402207123
0.275702332560958
0.2731721598441377
0.2706652070033239
0.26818126094530115
0.2657201105324505
0.2632815465648019
0.2608653617622545
0.2584713507469563
0.2560993100258457
0.2537490379733567
0.25142033481427967
0.24911300260677866
0.24682684522556886
0.2445616683452445
0.2423172794237597
0.24009348768606528
0.23789010410788924
0.2357069413996725
0.23354381399064789
0.23140053801306518
0.2292769312865647
0.22717281330269054
0.22508800520954603
0.22302232979659353
0.2209756114795902
0.21894767628566203
0.21693835183851817
0.214947467343798
0.21297485357455187
0.21102034285685925
0.20908376905557502
0.20716496756020678
0.2052637752709249
0.20338003058469808
0.20151357338155557
0.19966424501097912
0.19783188827841636
0.19601634743191834
0.19421746814890228
0.19243509752303306
0.19066908405122507
0.18891927762076668
0.1871855294965578
0.18546769230846968
0.18376562003881716
0.1820791680099462
0.18040819287193807
0.17875255259042352
0.1771121064345087
0.17548671496481488
0.1738762400216251
0.17228054471313928
0.17069949340384055
0.1691329517029648
0.16758078645307664
0.1660428657187528
0.1645190587753662
0.16300923609797396
0.16151326935030882
0.16003103137387006
0.15856239617711362
0.15710723892474482
0.1556654359271061
0.1542368646296627
0.15282140360258675
0.15141893253043517
0.15002933220192166
0.14865248449978544
0.1472882723907502
0.14593657991557552
0.144597292179202
0.143270295340983
0.14195547660500996
0.14065272421052374
0.13936192742241418
0.1380829765218091
0.13681576279674718
0.13556017853293675
0.13431611700460147
0.1330834724654075
0.13186214013947478
0.13065201621247194
0.12945299782279154
0.12826498305280595
0.12708787092020568
0.12592156136941507
0.12476595526308687
0.1236209543736767
0.12248646137509311
0.12136237983442398
0.12024861420374106
0.11914506981197755
0.1180516528568804
0.11696827039703833
0.11589483034398106
0.114831241454351
0.11377741332214913
0.11273325637104863
0.1116986818467822
0.11067360180959739
0.10965792912678095
0.1086515774652537
0.10765446128423156
0.10666649582795384
0.1056875971184803
0.10471768194855202
0.10375666787451851
0.10280447320933082
0.10186101701559756
0.10092621909870468
