0.38947857907452016
0.3930848639640086
0.3967245189842094
0.40039785231940606
0.40410517498251686
0.40784680084288893
0.4116230466487828
0.41543423205577534
0.4192806796520362
0.4231627149843264
0.4270806665858678
0.43103486600135527
0.43502564781538566
0.4390533496800306
0.44311831234022697
0.447220879663971
0.45136139866890557
0.455540219550555
0.459757695711522
0.4640141837899492
0.468310043686551
0.47264563859675224
0.47702133503918265
0.4814375028823291
0.48589451537926126
0.4903927491939613
0.4949325844338734
0.4995144046785438
0.5041385970129387
0.50880555205544
0.5135156639925191
0.5182693306072078
0.5230669533137229
0.5279089371873048
0.5327956909985948
0.5377276272438198
0.5427051621798864
0.547728715856163
0.5527987121484386
0.55791557879309
0.5630797474193693
0.5682916535846954
0.5735517368098679
0.578860440611335
0.5842182125385149
0.5896255042079763
0.5950827713389496
0.6005904737893761
0.6061490755916232
0.611759044988641
0.617420854471491
0.6231349808145594
0.6289019051147029
0.6347221128263726
0.6405960938007984
0.6465243423240729
0.6525073571539058
0.6585456415594626
0.6646397033595146
0.6707900549615793
0.6769972134009686
0.6832617003806412
0.6895840423112783
0.6959647703503573
0.7024044204438856
0.7089035333663826
0.7154626547615944
0.7220823351838306
0.728763130139718
0.7355056001300941
0.74231031069147
0.7491778324383063
0.756108741106406
0.7631036175948013
0.7701630480095399
0.7772876237063665
0.7844779413350672
0.7917346028828884
0.7990582157191887
0.8064493926391322
0.813908751908798
0.8214369173104377
0.8290345181870387
0.8367021894882957
0.8444405718157516
0.8522503114695643
0.8601320604938691
0.8680864767235699
0.8761142238317784
0.8842159713747513
0.8923923948415451
0.900644175699404
0.9089720014425208
0.9173765656393438
0.925858567981021
0.93441871432932
0.9430577167656244
0.9517762936388373
0.9605751696149395
0.9694550757262266
0.9784167494198888
0.9874609346083895
0.996588381718102
1.0057998477404624
1.0150960962805191
1.0244778976081752
1.0339460287084126
1.0435012733311932
1.0531444220426829
1.0628762722754663
1.0726976283802097
1.0826093016761402
1.0926121105018032
1.102706880267004
1.1128944435039099
1.123175639918129
1.1335513164405755
1.1440223272787506
1.1545895339679362
1.1652538054240844
1.1760160179936718
1.186877055506902
1.197837809328287
1.2088991784090617
1.220062069338108
1.2313273963940636
1.2426960815964347
1.2541690547575948
1.2657472535333782
1.277431623474996
1.2892231180800091
1.301122698842914
1.313131335306745
1.3252500051131568
1.3374796940533948
1.3498213961177634
1.3622761135467876
1.3748448568802782
1.3875286450069242
1.4003285052138945
1.413245473234899
1.4262805933001885
1.4394349181832355
1.4527095092493976
1.4661054365033959
1.479623778635125
1.4932656230678023
1.5070320660024292
1.5209242124641595
1.5349431763464483
1.5490900804557657
1.5633660565548482
1.5777722454060072
1.5923097968130657
1.6069798696628754
1.6217836319661376
1.6367222608971213
1.651796942832933
1.6670088733914408
1.6823592574686166
1.6978493092745712
1.7134802523691925
1.7292533196954123
1.7451697536130681
1.7612308059301347
1.7774377379338302
1.7937918204192613
1.8102943337180755
1.826946567724658
1.8437498219213604
1.8607054054023477
1.8778146368954765
1.895078844782945
1.9124993671199244
1.9300775516518056
1.9478147558291774
1.965712346821471
1.9837717015281566
2.001994206587977
2.020381258386473
2.0389342630606233
2.0576546365021806
2.0765438043574247
2.0956032020258273
2.1148342746551285
2.134238477134137
2.15381727408313
2.1735721398411116
2.1935045584502553
2.213616023637265
2.2339080387921233
2.254382116942676
2.275039780727069
2.2958825623617782
2.316912003606687
2.338129655726177
2.3595370794468282
2.381135844910778
2.402927531625423
2.4249137284085207
2.4470960333295624
2.4694760536463782
2.4920554057370987
2.5148357150277274
2.537818615914487
2.561005751681499
2.584398774412732
2.607999344899512
2.631809132541693
2.6558298152436093
2.680063079303948
2.7045106192997532
2.7291741379644643
2.754055346058899
2.779155962236285
2.804477712900211
2.8300223320558184
2.8557915611536617
2.881787148925906
2.9080108512156055
2.934464430797351
2.961149657190724
2.9880683064646343
3.0152221610333423
3.042613009444341
3.0702426461563204
3.0981128713084454
3.1262254904797198
3.1545823144388714
3.1831851588840014
3.212035844171656
3.241136195035777
3.2704880402950245
3.3000932125495885
3.3299535478656916
3.3600708854489203
3.3904470673048017
3.4210839378873654
3.451983343734219
3.48314713308933
3.5145771555112124
3.546275261468063
3.5782433019182913
3.6104831278762797
3.64299658996341
3.6757855379433226
3.70885182024184
3.7421972834503183
3.775823771812421
3.8097331266940087
3.843927186035329
3.8784077837855704
3.913176749318851
3.9482359068314588
3.983587074719744
4.019232064938495
4.055172682338789
4.091410723985502
4.12794797845312
4.164786225100364
4.2019272333220945
4.2393727617790615
4.277124557603597
4.315184355582276
4.353553877313685
4.392234830341425
4.4312289072618345
4.470537784805147
4.51016312289064
4.550106563654098
4.590369730447567
4.6309542268107835
4.6718616354134666
4.713093516967961
4.754651409111781
4.796536825258729
4.838751253419123
4.881296154987454
4.924172963497087
4.9673830833417
5.0109278884625885
5.054808721000822
5.099026889914176
5.143583669557702
5.188480298227706
5.233717976667752
5.279297866536908
5.325221088838707
5.371488722310745
5.41810180177382
5.465061316440434
5.512368208181065
5.56002336974874
5.608027642960183
5.656381816833383
5.705086625680872
5.754142747157923
5.803550800265077
5.853311343304287
5.903424871788314
5.953891816302272
6.004712540317156
6.055887337954428
6.107416431701398
6.1592999700764945
6.211538025244121
6.264130590578489
6.317077578175839
6.370378816314787
6.424034046864127
6.478042922637807
6.532405004696404
6.5871197595955175
6.642186556579478
6.697604664721457
6.753373250008669
6.809491372373189
6.865957982667712
6.9227719195866015
6.97993190653176
7.037436548423741
7.095284328457786
7.153473604805237
7.212002607260395
7.270869433833
7.330072047286848
7.389608271624982
7.4494757885217835
7.5096721337027095
7.5701946932723345
7.631040699991593
7.692207229504819
7.75369119651806
7.8154893509291306
7.877598273911409
7.940014373951986
8.002733882846206
8.065752851649934
8.129067146591327
8.192672444944145
8.25656423086451
8.32073779119348
8.385188211227549
8.44991037046007
8.514898938295806
8.580148369741988
8.645652901078666
8.711406545511846
8.777403088812811
8.843636084947457
8.91009885169946
8.9767844662916
9.043685761009485
9.11079531883255
9.178105469076863
9.245608283055352
9.313295569760559
9.381158871575536
9.449189460019369
9.517378331532834
9.585716203311373
9.654193509191929
9.722800395600713
9.79152671756973
9.860362034829393
9.929295607985635
9.998316394789807
10.067413046510252
10.13657390441446
10.20578699637144
10.275040033583922
10.344320407460764
10.413615186639767
10.482911114171939
10.552194604878334
10.621451742891004
10.690668279390001
10.75982963054867
10.828920875699737
10.897926755735362
10.966831671754175
11.035619683969081
11.104274510889846
11.172779528794388
11.241117771503852
11.309271930475816
11.377224355231176
11.444957054129903
11.512451695511375
11.57968960921524
11.64665178849888
11.713318892367624
11.779671248334537
11.845688855625776
11.91135138884889
11.976638202140174
12.04152833380831
12.106000511490919
12.170033157840713
12.233604396757983
12.296692060186002
12.359273695485513
12.421326573404597
12.482827696659612
12.543753809142762
12.60408140577131
12.663786742993075
12.72284584996217
12.781234540398646
12.838928425144497
12.895902925428302
12.952133286849492
13.007594594092573
13.06226178638043
13.116109673674998
13.169112953632048
13.221246229315925
13.27248402767835
13.322800818804257
13.372171035925719
13.420569096203675
13.467969422275093
13.514346464561548
13.559674724333037
13.603928777518934
13.64708329925559
13.689113089157987
13.729993097300309
13.769698450887839
13.808204481600098
13.845486753582177
13.88152109205885
13.916283612542722
13.949750750605098
13.981899292175074
14.012706404329224
14.04214966653117
14.070207102277198
14.096857211100668
14.122079000884801
14.145852020430187
14.168156392219842
14.188972845321702
14.208282748364743
14.226068142522015
14.242311774430586
14.256997128975117
14.270108461859097
14.281630831884428
14.291550132857655
14.299853125038123
14.306527466041153
14.311561741106825
14.314945492642995
14.316669248949257
14.31672455202703
14.315103984379592
14.311801194704902
14.3068109223834
14.30012902066263
14.291752478440637
14.281679440550402
14.269909226448759
14.256442347214131
14.241280520759604
14.224426685169854
14.205885010073239
14.185660905963719
14.163761031390907
14.14019329794087
14.114966872935266
14.088092179781526
14.059580895912918
14.029445948263646
13.997701506231095
13.96436297208484
13.929446968790062
13.89297132522128
13.854955058751472
13.815418355210781
13.774382546218819
13.731870083904646
13.687904513038971
13.642510440613565
13.595713502914037
13.547540330142873
13.498018508661001
13.447176540927057
13.395043803224882
13.341650501280563
13.287027623881269
13.231206894618698
13.174220721890105
13.116102147299667
13.056884792612319
12.996602805420844
12.935290803695056
12.872983819389212
12.809717241290398
12.745526757296112
12.68044829631399
12.614517969980389
12.54777201439696
12.480246732085888
12.411978434364897
12.343003384342119
12.273357740728875
12.203077502665243
12.132198455748593
12.060756119449696
11.988785696093926
11.916322021577194
11.843399517976875
11.77005214820773
11.696313372861734
11.622216109358382
11.547792693519039
11.47307484366532
11.398093627327002
11.3228794306301
11.247461930420636
11.171870069164012
11.096132032644356
11.020275230472478
10.944326279395911
10.868310989388982
10.79225435248636
10.716180534309267
10.64011286822001
10.56407385202761
10.488085147155761
10.412167580173207
10.33634114657688
10.260625016709737
10.185037543687494
10.109596273202516
10.03431795506797
9.959218556362037
9.884313276029419
9.809616560796266
9.735142122255096
9.660902954977328
9.586911355513617
9.513178942145796
9.439716675258575
9.36653487820442
9.293643258541419
9.221050929530335
9.148766431784617
9.07679775497462
9.005152359495534
8.933837198016537
8.862858736837001
8.792222976983972
8.721935474993122
8.652001363323224
8.582425370362069
8.513211839988644
8.444364750663276
8.375887734023804
8.307784092971456
8.240056819235186
8.172708610408048
8.1057418864529
8.039158805678227
7.972961280187556
7.907150990808364
7.841729401507826
7.776697773304043
7.71205717768217
7.64780850952511
7.583952499568302
7.520489726387965
7.457420627931345
7.394745512596647
7.332464569869513
7.270577880521544
7.209085426375324
7.147987099639115
7.087282711813265
7.026972002169225
6.967054645800935
6.907530261247655
6.848398417686362
6.789658641691285
6.731310423557893
6.673353223188328
6.6157864755352875
6.558609595601783
6.501821982994424
6.4454230260287675
6.389412105385946
6.333788597321118
6.2785518764253245
6.2237013179438625
6.169236299655927
6.11515620332192
6.061460415706565
6.008148329188104
5.955219341965577
5.902672857878207
5.850508285853073
5.798725038998951
5.747322533366325
5.696300186395184
5.645657415074149
5.595393633835874
5.5455082522150905
5.496000672297072
5.446870285985123
5.398116472116634
5.349738593457853
5.301735993607895
5.254107993842502
5.206853889928179
5.159972948936734
5.113464406089779
5.0673274616617725
5.021561277969249
4.976164976472446
4.931137635014035
4.886478285218088
4.84218591007041
4.79825944169938
4.754697759374383
4.711499687736581
4.668663995274439
4.626189393054152
4.584074533712543
4.542318010717747
4.50091835790042
4.459874049256007
4.419183499016231
4.378845061985642
4.338857034137174
4.299217653458471
4.25992510103889
4.220977502385535
4.182372928954957
4.1441093998858385
4.106184883916867
4.068597301472924
4.031344526901886
3.99442439084386
3.957834682714122
3.9215731532809266
3.88563751731921
3.850025456321509
3.8147346212476587
3.7797626352953064
3.745107096674049
3.7107655813667018
3.676735645862094
3.643014829844966
3.609600658829502
3.576490646724307
3.5436822983179215
3.511173111675198
3.478960580436264
3.4470421960110245
3.415415449663605
3.3840778344823432
3.3530268472321865
3.322259990087627
3.291774772245398
3.2615687114171794
3.231639335203633
3.201984182351918
3.1726008038995888
3.1434867642085993
3.1146396418935924
3.086057030649255
3.057736539981823
3.029675795850224
3.0018724412224733
2.9743241365530753
2.9470285601872845
2.9199834086980037
2.8931863971609784
2.8666352593739113
2.8403277480248126
2.8142616348147054
2.7884347105395917
2.7628447851362106
2.7374896876958954
2.7123672664504324
2.687475388733609
2.662811940921741
2.638374828356157
2.614161975250394
2.5901713245844746
2.566400837988404
2.542848495616797
2.5195122960162633
2.4963902559869573
2.473480410439569
2.450780812248768
2.4282895321040305
2.406004658358552
2.383924296876934
2.36204657088214
2.3403696208021314
2.3188916041165757
2.2976106952038924
2.276525085188842
2.2556329817908845
2.2349326091734154
2.2144222077939877
2.1941000342556256
2.173964361159274
2.1540134769574397
2.1342456858090384
2.1146593074354914
2.0952526769780806
2.0760241448565453
2.056972076628958
2.0380948528528573
2.0193908689476276
2.0008585350581405
1.9824962759196385
1.964302530723841
1.9462757529862873
1.9284144104148873
1.9107169847796852
1.8931819717838023
1.8758078809355745
1.8585932354218677
1.8415365719825352
1.824636440786049
1.8078914053062616
1.791300042200297
1.774860941187566
1.7585727049298971
1.742433948912752
1.7264433013275464
1.7105994029550478
1.6949009070498327
1.6793464792258175
1.663934797342833
1.6486645513942446
1.6335344433955945
1.6185431872742744
1.6036895087602132
1.5889721452775545
1.57438984583734
1.559941370931179
1.5456254924258812
1.5314409934590687
1.5173866683357435
1.503461322425797
1.489663772062469
1.4759928444417332
1.4624473775226123
1.4490262199283963
1.435728230848778
1.4225522799428876
1.4094972472432037
1.3965620230603601
1.3837455078888252
1.3710466123134337
1.358464256916792
1.3459973721875276
1.3336448984293732
1.3214057856710981
1.3092789935772555
1.2972634913597576
1.285358257690252
1.2735622806133111
1.2618745574604169
1.2502940947647285
1.2388199081766391
1.227451022380108
1.2161864710097527
1.2050252965687087
1.1939665503472467
1.1830092923421223
1.1721525911766815
1.1613955240216896
1.1507371765168946
1.1401766426932989
1.1297130248961549
1.1193454337086657
1.1090729878763796
1.0988948142322832
1.088810047622587
1.078817830833178
1.068917314516761
1.0591076571206652
1.0493880248153054
1.0397575914233106
1.0302155383492946
1.0207610545102808
1.0113933362667509
1.0021115873543411
0.9929150188161583
0.9838028489357145
0.9747743031704826
0.9658286140860621
0.9569650212909417
0.9481827713718669
0.9394811178298026
0.930859321016475
0.9223166480715034
0.9138523728601058
0.9054657759113796
0.897156144357141
0.8889227718713324
0.8807649586099878
0.8726820111517399
0.8646732424388806
0.8567379717189642
0.8488755244869363
0.8410852324278041
0.8333664333598308
0.8257184711782452
0.818140695799474
0.8106324631058868
0.8031931348910406
0.7958220788054358
0.7885186683027626
0.7812822825866489
0.774112306557886
0.7670081307621481
0.7599691513381897
0.7529947699665119
0.7460843938185089
0.7392374355060766
0.7324533130316817
0.7257314497388926
0.7190712742633658
0.7124722204842748
0.7059337274761921
0.699455239461409
0.6930362057626963
0.6866760807564926
0.6803743238265275
0.6741303993178709
0.667943776491398
0.6618139294786776
0.6557403372372752
0.6497224835064597
0.6437598567633229
0.6378519501793017
0.6319982615770928
0.6261982933879704
0.6204515526094907
0.614757550763589
0.6091158038550545
0.6035258323303933
0.5979871610370657
0.5924993191830963
0.5870618402970571
0.581674262188418
0.5763361269082586
0.5710469807103423
0.5658063740125494
0.5606138613586593
0.5554690013804888
0.5503713567603734
0.5453204941939976
0.5403159843535605
0.535357401851284
0.530444325203256
0.5255763367936009
0.5207530228389836
0.5159739733534384
0.5112387821135176
0.5065470466237632
0.5018983680824955
0.497292351347913
0.4927286049045065
0.4882067408297768
0.4837263747612655
0.47928712586388167
0.4748886167975278
0.4705304736850308
0.46621232608035934
0.4619338069371334
0.4576945525774305
0.45349420266086643
0.4493324001539716
0.44520879129984037
0.4411230255880592
0.4370747557249176
0.43306363760388544
0.4290893302763611
0.4251514959226959
0.42124979982347577
0.4173839103310684
0.413553498841437
0.40975823976620646
0.4059978105049859
0.4022718914179517
0.3985801657986758
0.39492231984720283
0.3912980426433817
0.3877070261204345
0.3841489650387685
0.380623556960035
0.37713050222141953
0.37366950391016795
0.3702402678383533
0.36684250251786676
0.36347591913563954
0.3601402315290979
0.35683515616183387
0.3535604120995087
0.35031572098597186
0.3471008070195978
0.3439153969298471
0.3407592199540358
0.337632007814319
0.3345334946948903
0.33146341721938527
0.32842151442849304
0.32540752775777726
0.322421201015697
0.31946228036182783
0.3165305142852889
0.31362565358336253
0.3107474513403102
0.30789566290638737
0.3050700458770471
0.3022703600723334
0.2994963675164687
0.29674783241762454
0.2940245211478775
0.2913262022233534
0.28865264628454956
0.2860036260768376
0.28337891643115004
0.2807782942448367
0.2782015384627045
0.27564843005822576
0.2731187520149193
0.2706122893079071
0.2681288288856353
0.26566815965176305
0.26323007244722235
0.26081436003243763
0.25842081706970893
0.2560492401057608
0.2536994275544472
0.251371179679615
0.24906429857812917
0.24677858816304934
0.24451385414696092
0.24226990402546325
0.24004654706080508
0.23784359426567042
0.23566085838711723
0.23349815389065914
0.23135529694449405
0.22923210540388012
0.22712839879565275
0.2250439983028825
0.22297872674967814
0.2209324085861253
0.2189048698733633
0.216895938268803
0.21490544301147452
0.21293321490751493
0.2109790863157856
0.20904289113362126
0.20712446478271362
0.20522364419512074
0.20334026779940512
0.2014741755069022
0.19962520869811123
0.19779321020921217
0.1959780243187079
0.19417949673418733
0.19239747457920894
0.19063180638030855
0.1888823420541226
0.1871489328946303
0.18543143156051506
0.18372969206263967
0.18204356975163596
0.18037292130561158
0.17871760471796633
0.1770774792853206
0.1754524055955575
0.17384224551597158
0.17224686218152652
0.1706661199832237
0.16909988455657293
0.1675480227701733
0.16601040271439607
0.16448689369017142
0.16297736619788056
0.16148169192634734
0.15999974374193077
0.15853139567772045
0.15707652292282803
0.15563500181177775
0.15420670981399623
0.15279152552339634
0.15138932864805701
