0.1140699982537185
0.11512635555981784
0.11619249197885308
0.11726849794486319
0.11835446472499096
0.11945048442821032
0.12055665001187074
0.12167305529053213
0.12279979494274411
0.12393696451974405
0.1250846604529585
0.12624298006206783
0.1274120215632019
0.1285918840773343
0.12978266763784163
0.13098447319944442
0.1321974026463644
0.1334215588008775
0.1346570454314772
0.13590396726192852
0.1371624299798867
0.13843254024546117
0.13971440569963936
0.14100813497443157
0.1423138377005489
0.14363162451726724
0.14496160708117187
0.14630389807549063
0.14765861121940765
0.14902586127746822
0.15040576406924136
0.15179843647826394
0.1532039964621313
0.15462256306218766
0.15605425641326498
0.15749919775323803
0.1589575094334536
0.1604293149287434
0.1619147388471929
0.16341390694038652
0.1649269461142394
0.16645398443857165
0.16799515115847372
0.1695505767038958
0.17112039270137577
0.1727047319837891
0.17430372860179744
0.17591751783459106
0.17754623620065665
0.17919002146947405
0.18084901267223244
0.18252335011295798
0.18421317538057136
0.1859186313596815
0.18763986224272639
0.18937701354111605
0.19113023209733357
0.19289966609660825
0.19468546507915718
0.19648777995175212
0.19830676300037228
0.20014256790222973
0.2019953497380816
0.20386526500453822
0.2057524716270744
0.2076571289721043
0.20957939786037175
0.21151944057904445
0.21347742089526012
0.2154535040688787
0.2174478568657972
0.21946064757110287
0.22149204600248495
0.22354222352374903
0.2256113530579746
0.22769960910210815
0.22980716773958454
0.23193420665515177
0.23408090514840993
0.23624744414792956
0.23843400622546818
0.24064077561054922
0.24286793820447938
0.24511568159505281
0.24738419507117165
0.24967366963767956
0.2519842980299981
0.2543162747293384
0.25666979597742245
0.2590450597920344
0.26144226598206355
0.26386161616294407
0.266303313772151
0.26876756408481034
0.27125457422943366
0.27376455320378734
0.27629771189060853
0.27885426307405753
0.28143442145528663
0.2840384036694281
0.2866664283012669
0.28931871590216035
0.2919954890063547
0.29469697214806745
0.29742339187784517
0.30017497677967775
0.30295195748807174
0.30575456670502643
0.3085830392173902
0.31143761191428665
0.31431852380415354
0.3172260160328261
0.32016033190072546
0.32312171688095825
0.32611041863691953
0.32912668704046466
0.3321707741898338
0.33524293442783587
0.33834342436015985
0.3414725028737807
0.3446304311551265
0.3478174727090623
0.35103389337727914
0.3542799613570533
0.3575559472201637
0.3608621239317464
0.3641987668693975
0.36756615384215074
0.3709645651097984
0.3743942834022056
0.37785559393844226
0.38134878444647546
0.38487414518260654
0.3884319689509837
0.3920225511233929
0.39564618965907616
0.39930318512421276
0.4029938407122498
0.40671846226352554
0.4104773582855134
0.4142708399727449
0.4180992212269133
0.42196281867730784
0.42586195170071384
0.42979694244201944
0.43376811583430375
0.43777579961940316
0.44182032436807755
0.44590202350081337
0.4500212333079065
0.4541782929702529
0.45837354457963975
0.46260733315952135
0.46688000668539986
0.47119191610542
0.47554341536085687
0.4799348614068758
0.4843666142328152
0.48883903688294666
0.4933524954767016
0.4979073592296619
0.5025040004733136
0.5071427946760466
0.5118241204632553
0.5165483596377793
0.5213158971999595
0.5261271213681209
0.5309824235983553
0.5358821986048872
0.5408268443798356
0.5458167622130614
0.5508523567119735
0.5559340358210989
0.5610622108417189
0.5662372964509435
0.5714597107212666
0.5767298751394951
0.5820482146255725
0.587415157551403
0.5928311357593546
0.5982965845806848
0.60381194285349
0.6093776529408428
0.6149941607482076
0.6206619157411083
0.6263813709621674
0.6321529830479631
0.6379772122456705
0.6438545224293819
0.6497853811159968
0.6557702594809552
0.6618096323733667
0.6679039783311012
0.6740537795951385
0.6802595221238534
0.6865216956065431
0.692840793476858
0.6992173129253986
0.7056517549121997
0.7121446241784833
0.7186964292579343
0.7253076824873971
0.7319789000171573
0.7387106018204681
0.7455033117024985
0.7523575573087656
0.7592738701326265
0.7662527855224853
0.773294842687889
0.7804005847051247
0.7875705585219038
0.794805314961362
0.8021054087251868
0.8094713983958621
0.816903846437974
0.8244033191986888
0.8319703869072366
0.8396056236733721
0.8473096074848699
0.8550829202037857
0.8629261475619273
0.8708398791548689
0.8788247084348545
0.8868812327027444
0.8950100530983085
0.9032117745894626
0.9114870059600992
0.9198363597964655
0.9282604524722361
0.9367599041319167
0.9453353386728643
0.9539873837256423
0.9627166706326851
0.9715238344255315
0.9804095137998272
0.9893743510891083
0.9984189922361941
1.007544086763061
1.0167502877384917
1.0260382517437927
1.0354086388364212
1.0448621125112876
1.0543993396600972
1.064020990528103
1.0737277386686646
1.0835202608953287
1.0933992372313448
1.1033653508565442
1.1134192880517595
1.1235617381401712
1.1337933934261197
1.144114949130824
1.1545271033251223
1.1650305568591435
1.175626013288871
1.1863141787992504
1.1970957621241027
1.2079714744625116
1.2189420293915987
1.2300081427757599
1.241170532671982
1.2524299192314183
1.2637870245968785
1.2752425727963648
1.286797289632191
1.2984519025659886
1.3102071405991829
1.3220637341488715
1.3340224149191175
1.3460839157672695
1.3582489705655776
1.3705183140574715
1.382892681708828
1.3953728095537972
1.4079594340351655
1.420653291839037
1.433455119723828
1.4463656543432708
1.4593856320632757
1.472515788772689
1.4857568596875195
1.4991095791486626
1.5125746804129345
1.5261528954370622
1.539844954654776
1.5536515867465213
1.5675735184017778
1.5816114740738718
1.5957661757267583
1.610038342574038
1.6244286908097096
1.6389379333305132
1.6535667794497557
1.668315934602302
1.683186100040642
1.698177972521683
1.7132922439842206
1.7285296012167346
1.7438907255153002
1.7593762923315421
1.7749869709101858
1.7907234239161167
1.806586307050745
1.8225762686572764
1.8386939493147914
1.8549399814209162
1.8713149887626435
1.8878195860753304
1.9044543785893446
1.9212199615643644
1.9381169198108612
1.9551458271986413
1.9723072461521762
1.9896017271323132
2.0070298081044036
2.024592013992202
2.04228885611761
2.060120831625774
2.078088422895376
2.0961920969338075
2.1144323047569586
2.1328094807533695
2.151324042032432
2.1699763877564267
2.1887668984560804
2.2076959353293892
2.226763839523422
2.2459709313988943
2.265317509777149
2.2848038511693898
2.304430208987809
2.3241968127384247
2.344103867195361
2.3641515515562648
2.384340018578723
2.4046693936973016
2.4251397741211544
2.4457512279117757
2.4665037930408387
2.4873974764278497
2.50843225295739
2.529608064475791
2.550924818767102
2.5723823885080637
2.5939806102020455
2.6157192830917544
2.6375981680505864
2.6596169864525447
2.681775419020515
2.7040731046530095
2.7265096392291266
2.7490845743917776
2.771797416309192
2.7946476244146203
2.8176346101243164
2.840757735533803
2.864016312092613
2.8874095992574094
2.9109368031238367
2.9345970750371535
2.9583895101817816
2.982313146150235
3.006366961491426
3.030549874238853
3.054860740418936
3.0792983525398894
3.1038614380616587
3.1285486578472153
3.1533586045959696
3.1782898012597323
3.2033406994418603
3.2285096777803903
3.253795040315784
3.2791950148441726
3.3047077512569203
3.3303313198674585
3.3560637097264654
3.381902826926324
3.4078464928961005
3.4338924426883013
3.4600383232585905
3.4862816917399337
3.5126200137126538
3.5390506614718573
3.5655709122939734
3.5921779467040835
3.618868846745903
3.6456405942562893
3.672490069146412
3.69941404769161
3.72640920083222
3.7534720924877556
3.780599177886864
3.807786801915655
3.8350311974870843
3.862328483934228
3.8896746654303773
3.9170656294390347
3.9444971451969515
3.9719648622336243
3.9994643089305897
4.026990891124213
4.054539890755619
4.082106464571639
4.109685642880824
4.137272328368537
4.164861294975588
4.192447186844592
4.220024517338824
4.247587668138121
4.27513088841671
4.302648294107951
4.330133867261039
4.357581455495004
4.384984771555274
4.412337392978363
4.439632761870314
4.46686418480461
4.4940248328454455
4.521107741702314
4.548105812022014
4.57501180982424
4.601818367087026
4.628517982488389
4.655103022310638
4.6815657215137705
4.707898184984587
4.7340923889679996
4.760140182687253
4.786033290159621
4.811763312214179
4.837321728718371
4.862699901019796
4.887889074609845
4.9128803820156115
4.937664845926391
4.96223338256107
4.986576805282472
5.010685828464635
5.034551071618739
5.058163063783286
5.0815122481837545
5.104588987166857
5.127383567414076
5.149886205438855
5.172087053371549
5.193976205035713
5.215543702318955
5.236779541841067
5.2576736819216725
5.278216049849043
5.298396549451232
5.318205068969897
5.337631489236726
5.356665692151473
5.375297569460025
5.3935170318300285
5.41131401822082
5.428678505543551
5.445600518606443
5.462070140339176
5.478077522289476
5.493612895383832
5.508666580943283
5.523229001944142
5.537290694512273
5.550842319638476
5.563874675101297
5.57637870758236
5.588345524958029
5.599766408750036
5.610632826716313
5.620936445562036
5.630669143749567
5.639823024384675
5.648390428155068
5.656363946296042
5.6637364335567035
5.670501021138967
5.6766511295803355
5.682180481550193
5.687083114528246
5.691353393332594
5.694986022463856
5.69797605823084
5.700318920622252
5.702010404888188
5.7030466927943495
5.703424363511378
5.703140404101082
5.702192219561003
5.700577642388509
5.698294941625399
5.695342831344143
5.691720478536946
5.6874275103692735
5.682464020759952
5.676830576250666
5.6705282211286185
5.663558481767159
5.655923370150547
5.647625386550477
5.638667521323749
5.629053255802394
5.618786562249678
5.607871902857876
5.5963142277661415
5.584118972079755
5.571292051874897
5.557839859176404
5.543769255899283
5.52908756674842
5.513802571074627
5.497922493689096
5.481455994642444
5.464412157978673
5.446800479478702
5.428630853412527
5.409913558323547
5.3906592418730375
5.370878904777371
5.350583883875025
5.329785834364956
5.308496711262224
5.286728750121237
5.264494447080973
5.241806538290674
5.2186779787782935
5.1951219208275665
5.171151691932862
5.146780772404118
5.1220227726967575
5.096891410543885
5.071400487970095
5.045563868267696
5.019395453017393
4.99290915923604
4.966118896734462
4.9390385457678985
4.911681935060973
4.884062820287813
4.856194863086132
4.828091610681855
4.799766476198072
4.77123271971887
4.742503430174785
4.7135915081125574
4.684509649407118
4.6552703299688085
4.625885791493411
4.596368028296858
4.566728775270516
4.536979496986597
4.507131377976959
4.477195314201813
4.447181905718223
4.417101450551628
4.386963939766771
4.356779053727841
4.3265561595311395
4.2963043095871685
4.266032241322919
4.235748377969355
4.205460830393497
4.175177399929383
4.144905582157402
4.1146525715772535
4.08442526711586
4.054230278408239
4.0240739327865525
3.993962282910184
3.9639011149679217
3.9338959573821586
3.903952089944252
3.874074553310002
3.8442681587846392
3.8145374983274296
3.7848869547073725
3.7553207117431873
3.7258427645629637
3.6964569298213714
3.667166855815188
3.6379760324411525
3.608887800943579
3.5799053634028137
3.551031791919608
3.522270037454429
3.493622938284901
3.465093228048863
3.4366835433447336
3.408396430865239
3.3802343540447635
3.352199699204926
3.324294781187053
3.29652184846431
3.268883087730277
3.241380627964497
3.2140165439792034
3.186792859454997
3.159711549476522
3.132774542582265
3.1059837223456688
3.079340928507313
3.052847957680521
3.0265065636549062
3.0003184573245227
2.9742853062689556
2.948408734017254
2.9226903190259534
2.8971315934033677
2.8717340414131542
2.8464990977906703
2.821428145905884
2.796522515806541
2.7717834821751546
2.7472122622327233
2.7228100136214537
2.698577832297664
2.674516750464926
2.650627734576007
2.62691168343053
2.6033694263935163
2.580001721757957
2.5568092552723867
2.533792638852265
2.510952409491562
2.4882890283884764
2.4658028802968017
2.4434942731118423
2.421363437697326
2.399410527957152
2.3776356211534506
2.3560387184699425
2.3346197458172604
2.313378554874771
2.2923149243612646
2.271428561524966
2.2507191038416066
2.2301861209076215
2.2098291165141672
2.189647530886465
2.1696407430719353
2.1498080734597758
2.1301487864141113
2.1106620930023827
2.0913471538005184
2.0722030817564083
2.0532289450934567
2.0344237702363532
2.0157865447417347
1.9973162202171908
1.9790117152128688
1.9608719180708951
1.9428956897189864
1.9250818663957163
1.907429262296171
1.8899366721280448
1.8726028735695017
1.8554266296215098
1.838406690848636
1.8215417975036745
1.8048306815326944
1.7882720684583464
1.7718646791404435
1.7556072314139235
1.739498441605271
1.7235370259294678
1.7077217017703104
1.6920511888476617
1.676524210275876
1.6611394935180894
1.645895771241558
1.630791782079483
1.615826271305058
1.6009979914235732
1.5863057026884773
1.5717481735473036
1.5573241810232847
1.5430325110382954
1.5288719586826587
1.5148413284370439
1.500939434351444
1.4871651001859614
1.473517159517765
1.4599944558183195
1.4465958425046055
1.4333201829677797
1.4201663505823698
1.4071332286987859
1.3942197106216678
1.3814246995762753
1.36874710866486
1.3561858608147586
1.3437398887196703
1.3314081347754014
1.3191895510111868
1.3070830990175104
1.295087749871223
1.2832024840586023
1.2714262913969208
1.2597581709549734
1.2481971309729178
1.2367421887817525
1.2253923707226648
1.214146712066436
1.2030042569330677
1.1919640582117497
1.181025177481246
1.1701866849307883
1.159447659281522
1.1488071877085448
1.1382643657635612
1.1278182972981798
1.1174680943878708
1.107212877256571
1.0970517742019672
1.0869839215214439
1.0770084634386912
1.067124552030985
1.0573313471571286
1.0476280163860427
1.0380137349260172
1.0284876855546055
1.0190490585491652
1.0096970516180277
1.0004308698323063
0.9912497255583295
0.9821528383906855
0.9731394350858927
0.9642087494966729
0.9553600225068251
0.9465925019667019
0.9379054426292784
0.9292981060868011
0.9207697607080247
0.9123196815760255
0.9039471504265774
0.8956514555871027
0.8874318919161776
0.8792877607435972
0.8712183698109838
0.8632230332129464
0.8553010713387804
0.8474518108146958
0.8396745844465813
0.8319687311632954
0.82433359596047
0.8167685298448366
0.8092728897790632
0.8018460386270918
0.7944873450999835
0.7871961837022577
0.7799719346787266
0.7728139839618113
0.7657217231193483
0.7586945493028734
0.7517318651963752
0.7448330789655254
0.7379976042073735
0.731224859900498
0.7245142703556224
0.7178652651666814
0.7112772791623324
0.704749752357919
0.6982821299078696
0.6918738620585374
0.6855244041014678
0.6792332163270992
0.672999763978889
0.6668235172078553
0.6607039510275409
0.654640545269391
0.6486327845385348
0.642680158169978
0.6367821601851983
0.6309382892491319
0.6251480486275635
0.6194109461449011
0.6137264941423438
0.6080942094364261
0.6025136132779493
0.5969842313112884
0.5915055935340692
0.5860772342572177
0.5806986920653797
0.5753695097776949
0.5700892344089392
0.5648574171310214
0.5596736132348296
0.5545373820924323
0.5494482871196238
0.5444058957388164
0.5394097793422672
0.5344595132556486
0.5295546767019511
0.5246948527657144
0.5198796283575907
0.5151085941792332
0.5103813446885023
0.5056974780649957
0.5010565961758947
0.49645830454212
0.4919022123048018
0.48738793219205645
0.4829150804860691
0.47848327699047516
0.4740921449980439
0.4697413112586602
0.4654304059475946
0.46115906263406964
0.4569269182501142
0.45273361305969934
0.4485787906281622
0.44446209779190976
0.44038318462839743
0.43634170442638615
0.43233731365647293
0.42836967194188835
0.4244384420295657
0.4205432897614734
0.41668388404621276
0.41285989683087254
0.4090710030731457
0.40531688071370114
0.4015972106488064
0.39791167670320476
0.39425996560324084
0.39064176695023023
0.38705677319407605
0.3835046796071284
0.37998518425827993
0.37649798798730244
0.3730427943794181
0.3696193097401047
0.3662272430701294
0.36286630604081466
0.35953621296953114
0.35623668079541226
0.3529674290552947
0.3497281798598801
0.3465186578701118
0.3433385902737722
0.34018770676229426
0.33706573950778285
0.3339724231402509
0.3309074947250617
0.32787069374058075
0.32486176205602907
0.32188044390954307
0.3189264858864351
0.31599963689765137
0.31309964815843044
0.3102262731671563
0.3073792676844046
0.3045583897121826
0.3017633994733597
0.298994059391285
0.29625013406959405
0.29353139027219916
0.2908375969034654
0.2881685249885656
0.2855239476540181
0.2829036401084032
0.28030737962325386
0.2777349455141246
0.2751861191218338
0.27266068379387604
0.270158424866007
0.26767912964399765
0.2652225873855536
0.26278858928240345
0.2603769284425476
0.25798739987267494
0.2556198004607369
0.2532739289586815
0.2509495859653498
0.248646573909525
0.2463646970331378
0.2441037613746296
0.2418635747524621
0.23964394674878484
0.2374446886932482
0.2352656136469649
0.23310653638662274
0.2309672733887389
0.22884764281405925
0.22674746449210448
0.22466655990585374
0.22260475217656983
0.2205618660487664
0.21853772787531012
0.21653216560265914
0.2145450087562409
0.2125760884259604
0.2106252372518415
0.20869228940980358
0.20677708059756505
0.20487944802067654
0.20299923037868534
0.20113626785142374
0.19929040208542292
0.1974614761804551
0.1956493346761956
0.19385382353900776
0.19207479014885223
0.19031208328631138
0.188565553119738
0.1868350511925183
0.18512043041045215
0.18342154502925176
0.18173825064215243
0.1800704041676368
0.17841786383727481
0.17678048918367215
0.1751581410285296
0.17355068147081454
0.1719579738750384
0.1703798828596415
0.1688162742854874
0.16726701524446003
0.16573197404816542
0.16421102021673992
0.16270402446775847
0.16121085870524446
0.1597313960087833
0.15826551062273309
0.15681307794553467
0.15537397451912183
0.15394807801842644
0.15253526724098004
0.15113542209661335
0.14974842359724624
0.14837415384677574
0.14701249603105374
0.14566333440795695
0.14432655429755045
0.14300204207233883
0.14168968514760696
0.14038937197185192
0.13910099201730008
0.13782443577051143
0.13655959472307244
0.13530636136237184
0.1340646291624613
0.13283429257500223
0.13161524702029298
0.13040738887837916
0.12921061548024707
0.12802482509909605
0.1268499169416909
0.12568579113979586
0.12453234874168488
0.12338949170373016
0.1222571228820694
0.12113514602434813
0.12002346576153733
0.11892198759982835
0.11783061791260016
0.11674926393246042
0.1156778337433616
0.11461623627278641
0.11356438128400796
0.11252217936841899
0.11148954193793134
0.11046638121744727
0.10945261023739773
0.1084481428263494
0.10745289360368117
0.106466777972326
0.10548971211157983
0.10452161296997754
0.10356239825823324
0.10261198644224477
0.10167029673616455
0.10073724909553206
0.0998127642104695
0.09889676349894136
0.09798916910007449
0.09708990386753918
0.09619889136299284
0.09531605584958204
0.09444132228550432
0.09357461631763067
0.09271586427518484
0.0918649931634808
0.09102193065771931
0.0901866050968389
0.08935894547742576
0.08853888144767791
0.08772634330142476
0.08692126197220296
0.08612356902738524
0.08533319666236308
0.08455007769478425
0.08377414555884162
0.0830053342996148
0.08224357856746466
0.08148881361247805
0.08074097527896375
