0.3386118459347996
0.34174721351154
0.3449115956638295
0.3481052604070483
0.3513284782184982
0.3545815220594398
0.3578646673987726
0.3611781922345243
0.3645223771165305
0.36789750517048425
0.37130386211996
0.3747417363109558
0.37821141873394776
0.3817132030493639
0.3852473856110152
0.3888142654893881
0.39241414449747036
0.39604732721383745
0.39971412100909826
0.4034148360697146
0.40714978542382935
0.4109192849660897
0.4147236534834403
0.41856321268257274
0.4224382872131008
0.42634920469606685
0.4302962957494826
0.4342798940162149
0.4383003361885878
0.44235796203833055
0.4464531144414152
0.4505861394077113
0.45475738610785443
0.4589672069004905
0.463215957362837
0.4675039963169793
0.4718316858588838
0.47619939138891093
0.48060748163929556
0.48505632870431653
0.4895463080699721
0.4940777986433786
0.49865118278352494
0.5032668463314285
0.5079251786404843
0.5126265726067925
0.5173714247020469
0.5221601350023976
0.526993107221772
0.5318707487430514
0.5367934706503736
0.5417616877604946
0.5467758186561191
0.5518362857184393
0.5569435151606468
0.5620979370597565
0.5672999853915838
0.5725500980634975
0.5778487169487883
0.5831962879208418
0.5885932608871879
0.5940400898256903
0.5995372328169531
0.6050851520816647
0.6106843140153911
0.6163351892238166
0.6220382525593818
0.6277939831569258
0.6336028644702805
0.6394653843094664
0.6453820348764625
0.6513533128036809
0.6573797191901769
0.6634617596406788
0.6695999443020949
0.6757947879026653
0.6820468097895634
0.6883565339683845
0.6947244891415478
0.7011512087475739
0.7076372309999869
0.7141830989277856
0.7207893604141941
0.7274565682383193
0.7341852801133553
0.74097605872913
0.7478294717917624
0.7547460920643755
0.7617264974097567
0.7687712708305474
0.7758810005110716
0.7830562798601421
0.7902977075515751
0.7976058875685611
0.8049814292444384
0.8124249473061977
0.8199370619175648
0.8275183987219825
0.8351695888860907
0.8428912691430853
0.8506840818364588
0.8585486749642756
0.8664857022233011
0.8744958230527493
0.8825797026793236
0.8907380121613925
0.8989714284345681
0.9072806343558689
0.9156663187494324
0.9241291764510592
0.9326699083549065
0.9412892214573712
0.9499878289041697
0.9587664500355921
0.9676258104323314
0.9765666419616544
0.9855896828235029
0.9946956775965542
1.0038853772848513
1.0131595393637989
1.0225189278269626
1.0319643132322665
1.041496472748649
1.0511161902024313
1.0608242561242605
1.070621467795668
1.0805086292952448
1.0904865515457107
1.1005560523601576
1.1107179564890046
1.1209730956661164
1.1313223086553086
1.1417664412964674
1.152306346552847
1.162942884555663
1.1736769226513886
1.1845093354471135
1.1954410048562782
1.2064728201443038
1.217605677974227
1.2288404824515151
1.2401781451691263
1.2516195852524006
1.2631657294031442
1.2748175119441438
1.2865758748627394
1.2984417678545075
1.310416148366252
1.3224999816386385
1.3346942407492064
1.3469999066535847
1.3594179682272267
1.371949422306493
1.384595273728918
1.39735653537351
1.4102342281996323
1.4232293812863226
1.4363430318696901
1.4495762253812854
1.462930015484106
1.4764054641089672
1.4900036414897673
1.5037256261978553
1.5175725051756233
1.5315453737691422
1.545645335760288
1.5598735033971773
1.5742309974241793
1.588718947110637
1.6033384902784653
1.6180907733286538
1.6329769512667205
1.6479981877266938
1.6631556549936357
1.6784505340255067
1.6938840144727634
1.7094572946971083
1.7251715817885516
1.7410280915806646
1.7570280486646421
1.7731726864012278
1.7894632469309257
1.8059009811828979
1.822487148881314
1.839223018549926
1.8561098675149137
1.8731489819050278
1.890341656650244
1.9076891954772692
1.9251929109039418
1.942854124229613
1.9606741655243731
1.9786543736150197
1.9967960960683584
2.0151006891720185
2.033569517911727
2.0522039559466996
2.0710053855804067
2.0899751977299514
2.1091147918904767
2.1284255760974524
2.1479089668844553
2.167566389238236
2.187399276549215
2.20740907055876
2.227597221301926
2.247965187046517
2.268514434227848
2.2892464373785955
2.3101626790549346
2.3312646497574927
2.352553847847495
2.3740317794582437
2.3956999584012264
2.417559906067026
2.439613151321042
2.461861230393185
2.484305686762022
2.506948071033379
2.5297899408120736
2.552832860568056
2.5760784014955167
2.599528141365829
2.6231836643732813
2.647046560973949
2.671118427717112
2.695400867069418
2.7198954872311587
2.7446039019448207
2.769527730295266
2.79466859650186
2.8200281297016097
2.8456079637239258
2.871409736855866
2.897435091598184
2.92368567441194
2.9501631354549995
2.976869128308509
3.0038053096929644
3.0309733391736366
3.058374878854804
3.086011593062837
3.113885148017684
3.141997211492778
3.1703494524618323
3.1989435407342257
3.227781146576678
3.2568639403221487
3.2861935919650893
3.3157717707428076
3.345600144702454
3.37568038025359
3.406014141705794
3.4366030907904785
3.467448886167683
3.4985531829159435
3.5299176320061867
3.5615438797583265
3.593433567280739
3.6255883298916274
3.658009796522463
3.690699589102643
3.7236593219248344
3.756890600991105
3.7903950233386916
3.824174176345398
3.8582296370140567
3.892562971235273
3.9271757330285966
3.962069463760828
3.997245691341487
4.032705929394952
4.068451676408272
4.104484414854673
4.140805610291747
4.177416710434339
4.214319144200859
4.251514320733165
4.289003628388782
4.326788433705775
4.3648700803385765
4.403249887965168
4.441929151164451
4.480909138263496
4.52019109015391
4.55977621907671
4.599665707375437
4.639860706216275
4.68036233427513
4.721171676391004
4.762289782184357
4.803717664641079
4.845456298659963
4.8875066195647126
4.929869521578058
4.972545856259206
5.01553643090225
5.058842006896469
5.1024632980468505
5.146400968854527
5.1906556327569895
5.235227850326599
5.2801181274276185
5.3253269133308585
5.370854598785175
5.416701514045722
5.462867926857999
5.509354040397385
5.55615999116359
5.603285846829575
5.650731604044386
5.698497186189354
5.746582441087651
5.794987138666227
5.8437109685700825
5.892753537728469
5.942114367872764
5.991792893005447
6.041788456820171
6.0921003100727935
6.142727607902806
6.193669407105393
6.2449246633539275
6.296492228372613
6.348370847059751
6.400559154561197
6.453055673294507
6.50585880992375
6.558966852285239
6.612377966264539
6.666090192625256
6.720101443789667
6.774409500572333
6.8290120088667035
6.883906476285809
6.939090268757739
6.994560607076721
7.05031456341102
7.106349057768465
7.162660854420969
7.2192465582894965
7.276102611290694
7.333225288646968
7.390610695161443
7.44825476146014
7.506153240202719
7.564301702264533
7.622695532891837
7.681329927832943
7.740199889447645
7.799300222797962
7.858625531723012
7.918170214901253
7.977928461903429
8.037894249239748
8.098061336404987
8.158423261925766
8.218973339413772
8.279704653629683
8.340610056562209
8.401682163527296
8.462913349292526
8.524295744232031
8.585821230517723
8.647481438352624
8.709267742252383
8.771171257381683
8.833182835951835
8.89529306368715
8.957492256366743
9.019770456449889
9.0821174297925
9.144522662463151
9.20697535766694
9.269464432786217
9.331978516547153
9.394505946321795
9.457034765575077
9.519552721467255
9.582047262621858
9.644505537070133
9.706914390382789
9.769260364000662
9.831529693775813
9.893708308735018
9.955781830078166
10.017735570423811
10.079554533315081
10.141223412998855
10.202726594491747
10.264048153946527
10.325171859332949
10.386081171447012
10.446759245263168
10.507188931643897
10.567352779421403
10.627233037866276
10.686811659558197
10.746070303673589
10.804990339705526
10.863552851631027
10.921738642540818
10.979528239746934
11.036901900382963
11.093839617512076
11.150321126757612
11.206325913470751
11.261833220449583
11.316822056223783
11.371271203918273
11.42515923070937
11.478464497886026
11.531165171528402
11.583239233815416
11.634664494972112
11.685418605867094
11.735479071269292
11.784823263772491
11.833428438395183
11.881271747861875
11.928330258571355
11.974580967255703
12.020000818332761
12.064566721953346
12.108255572742857
12.15104426923546
12.192909733997281
12.2338289344332
12.273778904270074
12.312736765707148
12.350679752222302
12.387585232020848
12.423430732110944
12.458193962987805
12.491852843906095
12.52438552871757
12.555770432248407
12.585986257187962
12.61501202145808
12.642827086029087
12.669411183145955
12.694744444925167
12.718807432279801
12.741581164127494
12.763047146832916
12.783187403833413
12.801984505393458
12.819421598430658
12.835482436353015
12.850151408844358
12.86341357153194
12.875254675467518
12.885661196350465
12.894620363419076
12.902120187933626
12.908149491172585
12.912697931861294
12.915756032950398
12.917315207659806
12.917367784702249
12.915907032599506
12.912927183003333
12.908423452932466
12.902392065836757
12.894830271399597
12.88573636399
12.87510969967659
12.862950711716833
12.849260924436418
12.83404296541564
12.817300575902149
12.799038619372276
12.77926308816643
12.757981108128092
12.735200941179961
12.710931985775929
12.685184775172589
12.657970973469878
12.62930336937668
12.599195867664001
12.567663478275287
12.534722303071378
12.50038952019536
12.464683366051093
12.427623114897976
12.389229056073628
12.349522468865487
12.308525595062045
12.266261609224241
12.222754586727529
12.178029469635204
12.132112030473758
12.08502883399103
12.036807196988002
11.987475146324906
11.93706137521198
11.885595197904452
11.833106502930326
11.779625704988153
11.725183695659844
11.669811793090982
11.613541690798046
11.556405405767777
11.498435226019227
11.439663657803509
11.380123372619678
11.319847154227627
11.25886784584062
11.197218297680326
11.13493131507684
11.07203960729427
11.00857573725996
10.94457207237128
10.88006073654896
10.815073563700052
10.749642052746196
10.68379732436481
10.617570079581764
10.550990560343939
10.484088512189134
10.416893149119298
10.349433120770543
10.281736481960555
10.213830664680518
10.145742452585072
10.077497958019563
10.009122601609802
9.940641094425352
9.872077422713252
9.803454835185176
9.734795832827668
9.666122161191934
9.597454805107194
9.52881398574996
9.460219159990487
9.391689021927638
9.32324150651405
9.25489379516564
9.18666232324219
9.118562789279805
9.050610165851408
8.982818711927624
8.91520198660792
8.84777286409064
8.780543549750275
8.713525597191063
8.646729926148097
8.580166841109758
8.513846050539112
8.447776686576335
8.38196732510956
8.316426006107333
8.251160254112063
8.186177098800927
8.121483095527434
8.057084345764201
7.992986517375
7.929194864651298
7.865714248055778
7.8025491536226514
7.739703711971162
7.67718171689526
7.614986643498731
7.553121665850575
7.491589674140823
7.430393291321638
7.3695348892229315
7.309016604135337
7.248840351856626
7.189007842200402
7.129520592968143
7.070379943387239
7.0115870670192795
6.95314298414357
6.895048573621418
6.837304584247185
6.779911645591909
6.7228702783451775
6.666180904160544
6.609843855009296
6.553859382046803
6.498227663994998
6.442948815044102
6.388022892276049
6.333449902611551
6.279229809282566
6.225362537831543
6.171847981638778
6.1186860069794164
6.065876457611796
6.013419158899351
5.961313921468913
5.909560544409174
5.858158818013985
5.807108526076366
5.756409447740533
5.706061358920629
5.656064033296389
5.606417242897822
5.557120758292572
5.508174348391415
5.459577779889307
5.411330816360967
5.363433217031903
5.315884735247283
5.26868511666283
5.221834097183193
5.1753314006745885
5.129176736479732
5.083369796763902
5.037910253721734
4.992797756674909
4.948031929091155
4.903612365554933
4.859538628720145
4.815810246274573
4.772426707945197
4.729387462572484
4.686691915280733
4.644339424770047
4.602329300753959
4.560660801565042
4.519333131948847
4.478345441064375
4.437696820707264
4.39738630376941
4.357412862946444
4.317775409702096
4.278472793495953
4.239503801278789
4.200867157257087
4.1625615229261665
4.124585497368933
4.086937617815029
4.049616360453235
4.01262014148786
3.975947318428075
3.939596191597604
3.9035650058505658
3.8678519524780426
3.8324551712888755
3.7973727528472416
3.762602740848825
3.728143134617036
3.6939918917002523
3.6601469305511114
3.6266061332688233
3.5933673483858715
3.5604283936808514
3.5277870589997438
3.495441109068797
3.4633882862829917
3.4316263134550353
3.400152896511062
3.3689657271202877
3.3380624852471485
3.307440841615822
3.2770984600782787
3.247032999878428
3.217242117806183
3.187723470236715
3.1584747150513315
3.129493513437711
3.100777531568402
3.0723244421575973
3.044131925897154
3.0161976727738637
2.9885193832707344
2.9610947694557637
2.9339215559624163
2.906997480866428
2.8803202964640815
2.853887769957358
2.827697684051682
2.801747837472066
2.776036045403542
2.7505601398617845
2.725317969999753
2.7003074023559708
2.675526321050017
2.650972627930441
2.626644242680113
2.6025391028837506
2.5786551640619986
2.5549903996761896
2.531542801107496
2.5083103776139697
2.4852911562685716
2.462483181880964
2.439884516905642
2.417493241338599
2.3953074526044746
2.3733252654359522
2.3515448117468782
2.32996424050037
2.3085817175730665
2.287395425616418
2.266403563915843
2.245604348248372
2.2249960107393787
2.204576799718827
2.1843449795773973
2.1642988306228115
2.144436648936603
2.124756746231487
2.105257449709525
2.085937101921184
2.0667940606253583
2.047826698650458
2.0290334037565882
2.010412578498868
1.9919626400918926
1.9736820202753795
1.9555691651809999
1.9376225352003773
1.9198406048542884
1.9022218626630414
1.8847648110180197
1.8674679660544091
1.8503298575250846
1.8333490286756389
1.8165240361205675
1.799853449720581
1.7833358524610508
1.7669698403315555
1.75075402220654
1.7346870197270787
1.7187674671837008
1.702994011400313
1.687365311619178
1.671880039386944
1.6565368784417283
1.6413345246012374
1.626271685651902
1.6113470812390434
1.5965594427580445
1.5819075132465104
1.5673900472774296
1.5530058108533107
1.538753581301295
1.5246321471692217
1.510640308122656
1.4967768748428658
1.4830406689257176
1.4694305227815172
1.455945279535767
1.4425837929308225
1.4293449272284642
1.4162275571133607
1.4032305675974106
1.3903528539249712
1.377593321478951
1.3649508856877715
1.35242447193317
1.3400130154588594
1.3277154612800284
1.3155307640936567
1.3034578881896695
1.2914958073629035
1.2796435048258714
1.2678999731223393
1.2562642140416924
1.2447352385340817
1.2333120666263584
1.2219937273387718
1.2107792586024404
1.1996677071775685
1.1886581285724236
1.1777495869630559
1.1669411551137467
1.1562319142981965
1.1456209542214342
1.135107372942436
1.1246902767974616
1.114368780324097
1.1041420061859808
1.094009085098236
1.0839691557535769
1.0740213647491017
1.0641648665137458
1.0543988232364112
1.0447224047947548
1.035134788684621
1.025635159950131
1.0162227111144144
1.006896642110966
0.9976561602156436
0.9885004799792876
0.9794288231609517
0.9704404186617566
0.9615345024593416
0.9527103175429287
0.9439671138489676
0.9353041481973849
0.9267206842284145
0.9182159923400002
0.9097893496257837
0.9014400398136581
0.8931673532048789
0.8849705866137424
0.8768490433078158
0.86880203294871
0.8608288715334032
0.8529288813360988
0.845101390850621
0.8373457347333315
0.8296612537465768
0.8220472947026554
0.8145032104082905
0.8070283596096218
0.7996221069376999
0.7922838228544739
0.7850128835992838
0.7778086711358421
0.7706705730996954
0.7635979827461757
0.7565902988988277
0.7496469258983046
0.74276727355174
0.7359507570825785
0.7291967970808724
0.7225048194540269
0.715874255378005
0.709304541248977
0.7027951186354111
0.6963454342306084
0.6899549398056715
0.683623092162903
0.6773493530896331
0.6711331893124748
0.6649740724519899
0.6588714789777793
0.6528248901639817
0.6468337920451832
0.6408976753727265
0.6350160355714256
0.6291883726966795
0.6234141913919715
0.6176930008467657
0.6120243147547901
0.6064076512726957
0.6008425329791014
0.595328486834015
0.58986504413862
0.584451740495439
0.579088115768858
0.5737737140460163
0.5685080835980508
0.5632907768417004
0.5581213503012614
0.5529993645708899
0.5479243842772533
0.5428959780425235
0.5379137184477081
0.5329771819963195
0.5280859490783795
0.5232396039347487
0.5184377346217895
0.5136799329763485
0.5089657945810644
0.5042949187299898
0.4996669083945317
0.49508137018970555
0.49053791434069427
0.48603615464971806
0.4815757084632092
0.47715619663928305
0.47277724351551226
0.4684384768769959
0.4641395279247188
0.45988003124420607
0.4556596247744583
0.45147794977718114
0.4473346508062896
0.4432293756776926
0.4391617754393621
0.43513150434166875
0.43113821980799116
0.42718158240560183
0.4232612558168087
0.4193769068103735
0.41552820521318434
0.4117148238821886
0.4079364386765898
0.4041927284302931
0.4004833749246037
0.39680806286118286
0.39316647983524405
0.3895583163089972
0.3859832655853412
0.3824410237817927
0.3789312898046535
0.3754537653234216
0.3720081547454307
0.36859416519072263
0.3652115064671563
0.36185989104573885
0.3585390340361839
0.3552486531626993
0.35198846873999157
0.3487582036494901
0.3455575833157964
0.3423863356833423
0.3392441911932636
0.3361308827604914
0.3330461457510449
0.32998971795954146
0.32696133958690704
0.32396075321829126
0.32098770380119057
0.31804193862376673
0.3151232072933644
0.3122312617152309
0.30936585607142625
0.3065267467999268
0.30371369257392544
0.3009264542813172
0.29816479500437265
0.295428479999603
0.29271727667780506
0.2900309545842895
0.28736928537929485
0.28473204281857734
0.2821190027341778
0.27952994301537076
0.2769646435897829
0.2744228864046857
0.2719044554084632
0.2694091365322463
0.26693671767171506
0.2644869886690734
0.26205974129518095
0.25965476923185754
0.25727186805434404
0.25491083521392466
0.2525714700207133
0.25025357362659295
0.2479569490083122
0.24568140095074087
0.24342673603027515
0.241192762598395
0.23897929076537677
0.23678613238415072
0.2346131010343073
0.2324600120062539
0.23032668228551273
0.22821293053716352
0.22611857709043237
0.22404344392341807
0.22198735464795907
0.21995013449464276
0.21793161029794855
0.21593161048152779
0.21394996504362146
0.21198650554260923
0.21004106508269033
0.20811347829969962
0.20620358134705027
0.20431121188180573
0.2024362090508828
0.20057841347737623
0.19873766724701394
0.19691381389473323
0.19510669839137984
0.19331616713053273
0.19154206791544603
0.18978424994611146
0.18804256380644205
0.1863168614515705
0.1846069961952647
0.1829128226974607
0.18123419695190818
0.17957097627392835
0.17792301928828796
0.1762901859171811
0.17467233736832163
0.17306933612314737
0.17148104592513036
0.16990733176819356
0.16834805988523746
0.16680309773676857
0.16527231399963258
0.16375557855585368
0.16225276248157347
0.1607637380360914
0.15928837865100878
0.15782655891946806
0.1563781545854951
0.15494304253343633
0.1535211007774933
0.15211220845135517
0.15071624579792417
0.1493330941591354
0.14796263596587242
0.14660475472797282
0.14525933502432592
0.14392626249306315
0.14260542382183658
0.14129670673818656
