0.2501944066160887
0.25251117103427406
0.2548493773919448
0.2572092238293952
0.25959091030928344
0.26199463863239864
0.2644206124564655
0.2668690373101271
0.2693401206124778
0.27183407168764634
0.2743511017849406
0.2768914240934299
0.27945525376100466
0.282042807912253
0.284654305665669
0.2872899681509892
0.2899500185296818
0.29263468201045906
0.2953441858697251
0.29807875946885565
0.30083863427437446
0.30362404387524167
0.3064352240036205
0.30927241255267784
0.3121358495969565
0.3150257774114385
0.31794244049127657
0.32088608557250176
0.3238569616511133
0.3268553200035742
0.32988141420733585
0.33293550016158674
0.33601783610733693
0.3391286826495479
0.342268302776554
0.34543696188290507
0.3486349277900918
0.35186247076785315
0.35511986355605224
0.35840738138760847
0.3617253020093616
0.3650739057047938
0.3684534753172944
0.3718642962716661
0.3753066565974258
0.37878084695214
0.3822871606445516
0.3858258936570443
0.3893973446711222
0.3930018150894761
0.3966396090606536
0.4003110335033693
0.40401639812989565
0.4077560154721491
0.4115302009047612
0.4153392726712677
0.4191835519082928
0.4230633626717991
0.4269790319611537
0.4309308897462409
0.4349192689925673
0.4389445056873492
0.44300693886604275
0.447106910638222
0.4512447662151255
0.4554208539354556
0.4596355252931301
0.46388913496456124
0.46818204083548626
0.4725146040287833
0.4768871889329112
0.4813001632287031
0.48575389791907225
0.4902487673559778
0.4947851492697312
0.49936342479831675
0.5039839785154446
0.5086471984599052
0.5133534761654754
0.5181032066897401
0.5228967886453179
0.5277346242277089
0.5326171192470764
0.5375446831586775
0.5425177290920209
0.5475366738828797
0.5526019381041877
0.557713946096105
0.5628731259991456
0.5680799097838074
0.5733347332833192
0.5786380362258835
0.5839902622654829
0.5893918590155873
0.5948432780808794
0.6003449750895017
0.6058974097270406
0.6115010457684235
0.6171563511115936
0.6228637978111173
0.6286238621110716
0.6344370244793196
0.6403037696412512
0.6462245866134564
0.6521999687387161
0.6582304137195366
0.6643164236532053
0.6704585050661398
0.6766571689495395
0.6829129307929914
0.6892263106208315
0.6955978330271079
0.702028027210519
0.7085174270106692
0.7150665709433276
0.7216760022363615
0.7283462688658734
0.7350779235917297
0.7418715239945357
0.7487276325112783
0.7556468164718578
0.7626296481358884
0.7696767047287855
0.7767885684789034
0.7839658266539467
0.7912090715979329
0.7985189007682618
0.8058959167720826
0.8133407274042083
0.8208539456831456
0.8284361898890519
0.83608808360042
0.8438102557311918
0.8516033405679385
0.8594679778071804
0.8674048125926013
0.8754144955517139
0.8834976828334138
0.8916550361450724
0.8998872227889781
0.9081949157001978
0.9165787934825871
0.9250395404463418
0.933577846644231
0.9421944079085166
0.950889925887247
0.9596651080806683
0.9685206678774446
0.9774573245908839
0.9864758034945804
0.9955768358581593
1.004761158982842
1.0140295162367188
1.023382657089409
1.032821337147427
1.0423463181879995
1.0519583681937115
1.0616582613859933
1.0714467782590547
1.0813247056126694
1.091292836585014
1.1013519706852175
1.1115029138251598
1.121746478350975
1.132083483074034
1.14251475330173
1.1530411208669835
1.1636634241582253
1.1743825081479464
1.1851992244208167
1.1961144312019065
1.20712899338285
1.2182437825486927
1.2294596770031714
1.2407775617935601
1.25219832873439
1.2637228764311523
1.2753521103017769
1.287086942598572
1.2989282924284813
1.310877085772381
1.3229342555035102
1.33510074140517
1.347377490186204
1.3597654554968197
1.3722655979420133
1.3848788850942635
1.3976062915051255
1.4104487987147156
1.423407395260843
1.4364830766856727
1.4496768455416478
1.4629897113955617
1.4764226908309122
1.489976807448717
1.5036530918666637
1.5174525817161264
1.5313763216379122
1.5454253632754804
1.5596007652664738
1.5739035932321397
1.5883349197646384
1.6028958244122549
1.617587393661717
1.6324107209193008
1.6473669064881673
1.6624570575443733
1.6776822881093272
1.6930437190201904
1.7085424778971778
1.7241796991082035
1.7399565237302659
1.7558740995080393
1.7719335808092838
1.788136128576704
1.8044829102769542
1.8209750998458134
1.8376138776295523
1.8544004303234751
1.8713359509055991
1.888421638567289
1.9056586986391195
1.9230483425132952
1.9405917875611676
1.9582902570467031
1.9761449800351507
1.9941571912973204
2.0123281312085495
2.030659045643265
2.049151185863971
2.0678058084052426
2.0866241749520738
2.1056075522127893
2.1247572117860885
2.1440744300223997
2.1635604878787107
2.183216670767755
2.203044268400078
2.223044574620034
2.243218887234642
2.263568507835582
2.284094741613958
2.3047988971676876
2.3256822863011295
2.3467462238172248
2.367992027301214
2.389421016896516
2.4110345150716297
2.4328338463789008
2.454820337203939
2.476995315505988
2.499360110548804
2.5219160526221454
2.5446644727529315
2.567606702406408
2.590744073176891
2.614077916467804
2.637609563160485
2.661340343271978
2.6852715856010962
2.709404617362543
2.733740763809119
2.7582813478412014
2.7830276896034434
2.807981106068434
2.8331429106070956
2.858514412544801
2.884096916703962
2.9098917229317705
2.935900125613356
2.96212341316959
2.988562867539582
3.015219763647176
3.042095368851235
3.069190942379125
3.096507734743461
3.1240469871412495
3.1518099308351077
3.1797977865165215
3.20801176365038
3.236453059800276
3.265122859934657
3.294022335712779
3.3231526447505173
3.3525149298653822
3.382110318300273
3.4119399209254935
3.4420048314189846
3.472306125423526
3.502844859681166
3.5336220711442743
3.56463877606218
3.595895969043915
3.627394622095536
3.6591356836322833
3.691120077464887
3.723348701759316
3.7558224279697825
3.7885420997443364
3.8215085318024906
3.854722508784856
3.8881847840734216
3.9218960785829227
3.9558570795221333
3.990068439124961
4.024530773350628
4.05924466055265
4.094210640115989
4.129429211061944
4.164900830620331
4.200625912768361
4.236604826736067
4.272837895477379
4.309325394106827
4.346067548301087
4.383064532665254
4.42031646906324
4.457823424911827
4.495585411438286
4.5336023819009705
4.57187422977246
4.610400786885184
4.649181821539
4.688217036570642
4.727506067384299
4.7670484799439485
4.806843768726249
4.846891354634516
4.88719058287332
4.927740720783697
4.968540955638755
5.009590392399853
5.050888051433076
5.092432866186351
5.13422368082696
5.176259247839885
5.218538225586922
5.261059175826989
5.3038205611977585
5.346820742659126
5.39005797689877
5.433530413700404
5.477236093275227
5.5211729435571515
5.565338777462601
5.609731290115559
5.6543480560387565
5.699186526312053
5.744244025698827
5.789517749741759
5.835004761829077
5.880701990232627
5.926606225119327
5.9727141155373875
6.019022166379165
6.065526735322274
6.112224029751038
6.159110103660202
6.2061808545432475
6.2534320202675096
6.3008591759386965
6.348457730757305
6.39622292486994
6.44414982621828
6.492233327388952
6.540468142467516
6.588848803900174
6.6373696593666205
6.686024868668227
6.73480840063521
6.783714030057366
6.832735334642563
6.88186569200784
6.931098276707759
6.980426057305401
7.029841793490888
7.079338033253475
7.12890711011247
7.178541140413398
7.22823202069538
7.277971425136312
7.327750803082676
7.377561376670645
7.427394138546103
7.477239849690778
7.527089037362339
7.576931993156424
7.62675877119884
7.676559186476416
7.726322813315288
7.776038984015679
7.825696787652203
7.8752850690495295
7.924792427942825
7.974207218333197
8.023517548048185
8.072711278517836
8.121776024776967
8.170699155704424
8.21946779451052
8.268068819483785
8.31648886500842
8.3647143228641
8.412731343819724
8.460525839533076
8.508083484768129
8.555389719942184
8.602429754014771
8.649188567730508
8.695650917227928
8.741801338026443
8.7876241494034
8.833103459173241
8.878223168880547
8.92296697941861
8.967318397085116
9.011260740086033
9.054777145498745
9.097850576705099
9.14046383130445
9.182599549516791
9.224240223085069
9.265368204685691
9.30596571785538
9.34601486744194
9.385497650585883
9.424395968238972
9.462691637224953
9.500366402846849
9.537401952044213
9.573779927102649
9.609481939916902
9.644489586807483
9.678784463889643
9.712348182992187
9.745162388122067
9.777208772469384
9.808469095945735
9.838925203247307
9.86855904243229
9.897352684000504
9.925288340461252
9.952348386373474
9.97851537884027
10.003772078437853
10.028101470556864
10.05148678713181
10.073911528732141
10.095359486986297
10.115814767307658
10.135261811889068
10.153685422930193
10.171070786059664
10.187403493911447
10.20266956981267
10.216855491537576
10.229948215080059
10.241935198394854
10.252804425055215
10.262544427772594
10.271144311721898
10.27859377761359
10.284883144452158
10.290003371918473
10.293946082311985
10.296703581987016
10.298268882216098
10.298635719412053
10.29779857463955
10.295752692345907
10.292494098240605
10.28801961625239
10.282326884492976
10.27541437015649
10.267281383284375
10.257928089326295
10.247355520428757
10.23556558538465
10.22256107817883
10.208345685067046
10.192923990128094
10.176301479232158
10.158484542371536
10.139480474303799
10.11929747346154
10.097944639087375
10.075431966557867
10.051770340865152
10.02697152823097
10.001048165833568
9.97401374963441
9.945882620298324
9.916669947207625
9.886391710577975
9.855064681691276
9.822706401268544
9.78933515601352
9.754969953365825
9.71963049451048
9.683337145698749
9.646110907943347
9.607973385159108
9.568946750828152
9.529053713276317
9.488317479655189
9.446761718731395
9.404410522591535
9.361288367377961
9.317420073176388
9.2728307631821
9.227545822276342
9.181590855149016
9.134991644107371
9.087774106713427
9.039964253395118
8.991588145177568
8.942671851681453
8.893241409535277
8.843322781347187
8.792941815379995
8.742124206070155
8.690895455527711
8.639280836149585
8.587305354472946
8.534993716389343
8.482370293832842
8.42945909304777
8.376283724533033
8.322867374750786
8.269232779677424
8.215402200264753
8.161397399868438
8.107239623689777
8.052949580265896
7.998547425031813
7.944052745966675
7.8894845513248955
7.834861259442009
7.780200690593921
7.725520060877674
7.670835978071814
7.616164439424677
7.561520831309879
7.506919930680069
7.4523759082422085
7.39790233327084
7.343512179969921
7.289217835288519
7.235031108091487
7.180963239582937
7.127024914877884
7.073226275615978
7.01957693351047
6.966085984726001
6.912762024979695
6.859613165261778
6.806647048074722
6.753870864092754
6.701291369147446
6.648914901449371
6.596747398960337
6.5447944168356855
6.493061144861492
6.441552424816826
6.390272767696739
6.339226370737197
6.288417134188758
6.237848677791052
6.187524356905415
6.13744727826808
6.087620315331038
6.03804612316212
5.988727152880087
5.9396656656042985
5.890863745901915
5.842323314718889
5.79404614178364
5.74603385747482
5.698287964146726
5.6508098469077925
5.6036007838491875
5.55666195572186
5.509994455061687
5.463599294763304
5.417477416104064
5.371629696220523
5.326056955040466
5.280759961674234
5.235739440269959
5.190996075337901
5.1465305165500554
5.102343383021896
5.0584352670843185
5.014806737554646
4.971458342516846
4.928390611622318
4.885604057923915
4.8430991792571865
4.800876459184439
4.758936367518618
4.717279360445475
4.675905880264262
4.63481635476846
4.594011196289752
4.553490800429701
4.513255544505122
4.473305785734189
4.4336418591915105
4.3942640755613525
4.3551727187188805
4.316368043169905
4.2778502713799655
4.239619591023762
4.201676152185722
4.1640200645423695
4.126651394556431
4.089570162711895
4.052776340818203
4.01626984941054
3.9800505552717036
3.9441182690993473
3.90847274334069
3.8731136702146873
3.838040679939534
3.80325333918122
3.768751149736456
3.734533547460844
3.700599901450856
3.666949513485571
3.633581617731794
3.6004953807136166
3.567689901545283
3.5351642124238007
3.5029172793755508
3.4709480032492146
3.439255220945252
3.4078377068704357
3.3766941746044115
3.3458232787637345
3.31522361704759
3.284893732448474
3.2548321156101463
3.225037207314562
3.1955074010791304
3.166241045845303
3.1372364487395594
3.108491877887917
3.080005565265531
3.0517757095633957
3.0238004790547928
2.996078014445037
2.9686064316889462
2.941383824761469
2.9144082683681756
2.8876778205834235
2.861190525405328
2.8349444152180254
2.808937513153017
2.7831678353427614
2.7576333930609724
2.732332194745486
2.7072622479007395
2.6824215608781303
2.657808144533731
2.6334200137638413
2.609255188919838
2.585311697104721
2.5615875733545157
2.5380808617083304
2.5147896161715715
2.491711901577176
2.4688457943502007
2.446189383181322
2.423740769615071
2.4014980685586775
2.379459408717445
2.3576229329625566
2.3359867986371063
2.314549177805928
2.293308257454701
2.2722622396434633
2.2514093416194227
2.230747795893683
2.2102758502861435
2.1899917679425447
2.169893827327255
2.1499803221951437
2.1302495615455066
2.1106998695607064
2.0913295855319567
2.0721370637743424
2.053120673532915
2.0342787988815267
2.015609838615774
1.9971122061412647
1.9787843293582454
1.9606246505434606
1.9426316262299808
1.9248037270855958
1.907139437790306
1.8896372569133222
1.872295696789892
1.8551132833982578
1.8380885562369575
1.8212200682026172
1.8045063854684111
1.7879460873632729
1.7715377662519258
1.7552800274158227
1.7391714889350172
1.723210781571009
1.7073965486505687
1.6917274459505776
1.676202141583882
1.6608193158861482
1.6455776613037476
1.630475882282653
1.615512695158332
1.6006868280466549
1.5859970207357985
1.571442024579126
1.5570206023890618
1.542731528331929
1.5285735878237596
1.5145455774270484
1.5006463047484633
1.4868745883374963
1.4732292575860293
1.4597091526288397
1.4463131242450096
1.4330400337602378
1.419888752950053
1.4068581639439177
1.3939471591302017
1.3811546410620372
1.3684795223640382
1.355920725639866
1.343477183380654
1.3311478378742663
1.3189316411153957
1.3068275547164756
1.2948345498194196
1.2829516070081706
1.2711777162220437
1.2595118766698719
1.247953096744943
1.2365003939407049
1.225152794767255
1.2139093346685947
1.2027690579406376
1.1917310176499754
1.1807942755533867
1.16995790201809
1.159220975942717
1.1485825846790223
1.13804182395431
1.1275977977945628
1.117249618448288
1.1069964063110602
1.096837289850747
1.0867714055334337
1.076797897750022
1.0669159187434987
1.0571246285368785
1.0474231948618045
1.037810793087806
1.0282866061522016
1.0188498244906488
1.0094996459683336
1.000235275811783
0.9910559265413112
0.9819608179040864
0.9729491768078022
0.9640202372549671
0.9551732402777975
0.9464074338736979
0.9377220729413451
0.9291164192173517
0.9205897412135158
0.9121413141546392
0.9037704199169239
0.8954763469669327
0.8872583903011038
0.8791158513858266
0.8710480380980696
0.8630542646665422
0.8551338516134088
0.8472861256965322
0.8395104198522443
0.8318060731386485
0.8241724306794357
0.8166088436082246
0.8091146690134008
0.8016892698834728
0.7943320150529267
0.7870422791485716
0.779819442536386
0.7726628912688498
0.7655720170327533
0.7585462170974935
0.7515848942638421
0.7446874568131799
0.7378533184572027
0.7310818982880847
0.7243726207291037
0.7177249154857127
0.7111382174970658
0.7046119668879903
0.6981456089213919
0.6917385939511045
0.6853903773751713
0.679100419589549
0.6728681859422433
0.6666931466878646
0.6605747769425961
0.6545125566395792
0.6485059704847094
0.6425545079128325
0.6366576630443486
0.6308149346422102
0.6250258260693191
0.6192898452463088
0.6136065046097186
0.6079753210705517
0.6023958159732096
0.5968675150548072
0.5913899484048613
0.5859626504253453
0.580585159791114
0.5752570194106926
0.5699777763874199
0.5647469819809536
0.5595641915691272
0.554428964610157
0.549340864605194
0.544299459061222
0.5393043194542967
0.5343550211931184
0.5294511435829421
0.5245922697898201
0.5197779868051677
0.5150078854106583
0.5102815601434414
0.5055986092616742
0.5009586347103763
0.4963612420875926
0.49180604061087113
0.48729264308404363
0.4828206658643146
0.4783897288296526
0.473999455346477
0.46964947223764564
0.4653394097507344
0.4610689015266069
0.45683758456827384
0.4526450992100395
0.4484910890869275
0.4443752011043911
0.4402970854082987
0.4362563953551981
0.4322527874828484
0.4282859214810272
0.4243554601626048
0.4204610694348808
0.4166024182711869
0.4127791786827507
0.408991025690814
0.4052376372990105
0.4015186944659965
0.3978338810783304
0.3941828839236052
0.3905653926638214
0.3869810998090124
0.3834297006911054
0.37991089343802226
0.37642437894802466
0.3729698608642875
0.3695470455497067
0.3661556420619444
0.3627953621286931
0.35946592012317724
0.3561670330398723
0.3528984204704474
0.3496598045799341
0.34645091008310835
0.3432714642210889
0.3401211967381567
0.3369998398587806
0.33390712826485475
0.3308427990731496
0.3278065918129652
0.32479824840398874
0.32181751313436135
0.3188641326389406
0.31593785587776224
0.3130384341147054
0.3101656208963476
0.3073191720310148
0.304498845568028
0.30170440177713564
0.2989356031281344
0.29619221427068265
0.2934740020142934
0.2907807353085117
0.28811218522327836
0.28546812492946705
0.282848329679607
0.28025257678877746
0.27768064561567823
0.2751323175438776
0.27260737596322865
0.2701056062514552
0.2676267957559122
0.2651707337755082
0.2627372115427944
0.2603260222062218
0.25793696081255757
0.2555698242894623
0.2532244114282311
0.25090052286669007
0.24859796107224813
0.24631653032510986
0.24405603670163772
0.2418162880578667
0.23959709401317497
0.23739826593409963
0.235219616918302
0.23306096177868274
0.23092211702763965
0.22880290086147007
0.22670313314492002
0.22462263539586935
0.2225612307701636
0.22051874404658062
0.2184950016119354
0.21648983144632566
0.21450306310850825
0.21253452772141046
0.21058405795777788
0.20865148802595013
0.20673665365576716
0.20483939208460866
0.20295954204355776
0.20109694374369197
0.19925143886250335
0.19742287053043947
0.19561108331756874
0.1938159232203706
0.19203723764864405
0.19027487541253635
0.1885286867096938
0.18679852311252731
0.18508423755559525
0.1833856843231041
0.1817027190365222
0.180035198642306
0.1783829813997425
0.17674592686890023
0.17512389589869062
0.1735167506150424
0.17192435440917964
0.17034657192601194
0.16878326905262847
0.167234312906897
0.1656995718261709
0.1641789153560966
0.1626722142395241
0.16117934040552176
0.159700166958489
0.15823456816736975
0.15678241945496632
0.15534359738734987
0.15391797966336715
0.15250544510424682
0.15110587364329808
0.14971914631570427
0.14834514524841202
0.14698375365011174
0.14563485580130878
0.14429833704448924
0.14297408377437307
0.14166198342825648
0.14036192447644602
0.13907379641277726
0.1377974897452212
0.13653289598657897
0.13527990764525835
0.13403841821613866
0.13280832217151686
0.13158951495213714
0.13038189295830444
0.12918535354107785
0.12799979499354464
0.12682511654217637
0.12566121833826244
0.1245080014494222
0.12336536785119698
0.12223322041871706
0.12111146291844563
