0.292623550922677
0.2953331468225124
0.29806781878603167
0.30082779849080127
0.3036133197452487
0.3064246185046071
0.30926193289412846
0.31212550322674765
0.3150155720222842
0.31793238402788293
0.3208761862392534
0.32384722791988074
0.32684576062083837
0.3298720382036364
0.3329263168580481
0.3360088551260116
0.33911991392042995
0.34225975654778285
0.3454286487297339
0.3486268586237235
0.35185465684637796
0.35511231649436076
0.3584001131666602
0.3617183249879997
0.3650672326305018
0.36844711933659424
0.3718582709428465
0.3753009759018049
0.3787755253066629
0.38228221291372344
0.3858213351675299
0.3893931912230559
0.3929980829711059
0.3966363150628036
0.4003081949328508
0.4040140328254971
0.4077541418194753
0.41152883785197086
0.4153384397455512
0.41918326923190485
0.42306365097945153
0.4269799126184722
0.4309323847665397
0.43492140105610916
0.43894729816054673
0.44301041582099915
0.44711109687307105
0.4512496872741989
0.4554265361323043
0.4596419957306108
0.4638964215586602
0.46819017233785903
0.4725236100510665
0.47689709997141594
0.4813110106894799
0.48576571414360736
0.4902615856482602
0.494799003924168
0.49937835112695805
0.5040000128773431
0.5086643782914368
0.5133718400105669
0.5181227942318952
0.5229176407392832
0.5277567829331683
0.5326406278637693
0.5375695862600282
0.542544072562647
0.547564504955407
0.5526313053974525
0.5577448996550171
0.5629057173344045
0.5681141919137872
0.5733707607776158
0.5786758652479219
0.5840299506192823
0.589433466190951
0.5948868653013039
0.6003906053626062
0.6059451478933136
0.6115509585544882
0.617208507182703
0.6229182678267837
0.6286807187808227
0.6344963426210916
0.6403656262407006
0.6462890608856112
0.6522671421906489
0.65830037021511
0.6643892494801715
0.67053428900402
0.6767360023398035
0.6829949076121677
0.6893115275542384
0.6956863895454903
0.7021200256484769
0.7086129726475829
0.715165772086118
0.7217789703049514
0.7284531184811508
0.7351887726654145
0.741986493821981
0.7488468478664646
0.7557704057056251
0.7627577432766551
0.7698094415857564
0.7769260867486063
0.7841082700294671
0.7913565878813846
0.7986716419861538
0.8060540392942289
0.8135043920655732
0.8210233179093847
0.8286114398254806
0.8362693862444405
0.8439977910684325
0.8517972937127297
0.8596685391458593
0.8676121779316683
0.8756288662700173
0.8837192660381323
0.891884044832404
0.9001238760093977
0.9084394387277678
0.9168314179898002
0.9253005046828147
0.9338473956212279
0.9424727935881915
0.9511774073771105
0.9599619518338007
0.9688271478978786
0.977773722644685
0.986802409327148
0.9959139474171772
1.0051090826477511
1.0143885670541672
1.0237531590154956
1.033203623296542
1.0427407310886707
1.0523652600514244
1.0620779943533707
1.0718797247132774
1.0817712484410396
1.0917533694779116
1.1018268984373614
1.1119926526454358
1.122251456180363
1.1326041399126585
1.143051541544674
1.1535945056496641
1.1642338837112798
1.1749705341612517
1.1858053224189666
1.1967391209281073
1.2077728091951692
1.2189072738262037
1.2301434085635081
1.241482114322072
1.2529242992252647
1.2644708786398313
1.2761227752110005
1.2878809188962632
1.299746246999296
1.311719704202435
1.323802242599386
1.3359948217263735
1.3482984085931446
1.3607139777130985
1.3732425111324438
1.3858849984587347
1.3986424368883628
1.411515831233206
1.424506193946538
1.4376145451473554
1.4508419126445204
1.4641893319590038
1.4776578463457841
1.491248506813688
1.5049623721449255
1.5188005089125771
1.5327639914976436
1.546853902103644
1.561071330770805
1.5754173753881746
1.5898931417044684
1.6044997433369108
1.6192383017793208
1.6341099464075781
1.6491158144837375
1.664257051158166
1.679534809470046
1.6949502503456257
1.7105045425943006
1.7261988629033418
1.7420343958293822
1.7580123337882332
1.774133877042654
1.7904002336868008
1.8068126196292618
1.8233722585722165
1.840080381989283
1.8569382290997682
1.8739470468399337
1.8911080898318287
1.9084226203489836
1.9258919082785504
1.9435172310805922
1.9612998737436895
1.9792411287374088
1.9973422959609959
2.0156046826883323
2.034029603509257
2.0526183802665976
2.071372341989666
2.09029282482308
2.1093811719516737
2.1286387335205426
2.1480668665508653
2.1676669348508644
2.1874403089218504
2.207388365859182
2.2275124892484137
2.247814069055683
2.2682945015129437
2.2889551889971744
2.3097975399043893
2.330822968517021
2.3520328948654505
2.3734287445834035
2.3950119487562063
2.416783943763091
2.4387461711119975
2.460900077267695
2.4832471134721703
2.505788735558039
2.5285264037537085
2.5514615824809743
2.5745957401442645
2.5979303489117247
2.6214668844872038
2.645206825873978
2.6691516551289935
2.693302857107864
2.717661919200293
2.742230331055546
2.7670095842979383
2.7920011722318336
2.8172065895358465
2.842627331946338
2.8682648959296313
2.894120778342301
2.920196476080172
2.94649348571478
2.973013303117548
2.999757423070909
3.026727338866933
3.05392454189157
3.081350521196011
3.109006763053318
3.136894750500816
3.1650159628676318
3.1933718752868154
3.2219639581922617
3.2507936767990597
3.2798624905682305
3.3091718526540057
3.3387232093343737
3.368517999423928
3.3985576536687163
3.4288435941227546
3.45937723350562
3.490159974540779
3.521193209274424
3.552478318373584
3.5840166704044254
3.6158096210887303
3.647858512539231
3.680164672472774
3.7127294134010986
3.7455540317983513
3.7786398072454133
3.811988001550119
3.84559985784272
3.879476599646915
3.9136194299246423
3.948029530095425
3.9827080590287447
4.017656152009526
4.052874919675802
4.088365446928397
4.124128791811647
4.160165984365044
4.196478025444938
4.233065885515887
4.269930503411138
4.307072785061475
4.3444936021923
4.382193790987819
4.420174150722189
4.458435442357119
4.4969783871050195
4.535803664957386
4.574911913177932
4.614303724759695
4.653979646845917
4.693940179113756
4.734185772120508
4.774716825612185
4.815533686793092
4.856636648556793
4.8980259476773975
4.939701762960912
4.981664213356295
5.023913356025508
5.066449184372322
5.109271626029522
5.152380540803904
5.195775718578936
5.239456877174558
5.283423660163861
5.327675634646518
5.372212288978383
5.417033030457338
5.4621371829649465
5.50752398456399
5.5531925850515345
5.599142043467695
5.645371325559729
5.691879301201904
5.7386647417707275
5.78572631747598
5.83306259464768
5.880672032979009
5.928552982725684
5.976703681862036
6.025122253194179
6.073806701430835
6.12275491021235
6.171964639098554
6.221433520516021
6.271159056665899
6.321138616392826
6.371369432016189
6.421848596124695
6.472573058335517
6.523539622019253
6.5747449409922565
6.626185516177635
6.67785769223699
6.729757654174102
6.781881423913171
6.834224856853083
6.886783638400261
6.939553280482382
6.992529118045384
7.045706305536607
7.099079813376699
7.152644424423549
7.20639473043124
7.2603251285074295
7.314429817572923
7.368702794826872
7.423137852221882
7.477728572953013
7.5324683279650735
7.587350272482952
7.64236734256966
7.697512251717216
7.752777487475666
7.808155308125803
7.8636377394013754
7.91921657126672
7.9748833547562645
8.03062939888245
8.086445767618686
8.142323276964756
8.198252492101785
8.254223724644499
8.3102270299988
8.366252204832708
8.422288784669233
8.478326041609943
8.534352982198412
8.590358345432634
8.646330600936313
8.702257947298776
8.758128310593827
8.813929343087947
8.869648422148613
8.925272649363814
8.980788849883973
9.03618357199797
9.0914430869549
9.146553389043698
9.201500195942913
9.256268949353096
9.310844815924407
9.365212688492516
9.4193571876356
9.473262663565832
9.526913198368549
9.580292608602633
9.633384448275532
9.68617201220658
9.738638339792153
9.790766219186272
9.842538191910332
9.893936557905207
9.944943381039414
9.995540495086363
10.04570951018387
10.095431819788686
10.144688608138637
10.193460858234536
10.241729360353775
10.289474721106885
10.336677373048078
10.383317584849998
10.429375472052559
10.474831008394746
10.519664037737815
10.563854286587347
10.607381377220666
10.650224841425386
10.692364134853566
10.733778651995
10.77444774177192
10.814350723756085
10.853466905007938
10.891775597535968
10.929256136373034
10.965887898264654
11.001650320962568
11.036522923115358
11.070485324745587
11.103517268301454
11.135598640268595
11.166709493325673
11.196830069025316
11.225940820979487
11.254022438526249
11.28105587085234
11.307022351543734
11.331903423533507
11.355680964414152
11.378337212078682
11.399854790652173
11.420216736672947
11.439406525479724
11.457408097758531
11.474205886200314
11.489784842217786
11.504130462667106
11.517228816517711
11.529066571410755
11.53963102004445
11.548910106322033
11.556892451195814
11.563567378138718
11.568924938172563
11.572955934380534
11.575651945829593
11.577005350827065
11.577009349434261
11.575657985159047
11.572946165748428
11.568869683001493
11.563425231523054
11.556610426338166
11.548423819288107
11.53886491412916
11.52793418025651
11.515633064977077
11.501964004256825
11.48693043187045
11.470536786883782
11.4527885194025
11.433692094524023
11.413254994433569
11.391485718589522
11.368393781948155
11.34398971118298
11.318285038859571
11.291292295532818
11.263024999740088
11.233497645870518
11.202725689898138
11.170725532973735
11.137514502878746
11.103110833352304
11.067533641311154
11.03080290199094
10.992939422046055
10.9539648106543
10.91390144868176
10.87277245597223
10.830601656834805
10.787413543812
10.743233239819869
10.698086458760052
10.65199946471204
10.604999029822164
10.55711239101321
10.508367205645849
10.458791506269709
10.408413654607909
10.3572622949242
10.305366306926675
10.252754758365732
10.199456857487178
10.145501905503426
10.09091924924722
10.035738234172547
9.979988157866758
9.92369822423653
9.866897498527468
9.809614863333724
9.75187897574936
9.693718225807674
9.6351606963481
9.576234124443026
9.516965864508412
9.457382853213131
9.397511576291848
9.337378037356038
9.277007728786247
9.21642560477717
9.155656056595024
9.094722890094216
9.033649305527588
8.972457879671873
8.911170550277156
8.849808602836278
8.788392659658046
8.726942671215552
8.66547790972948
8.60401696493488
8.542577741969536
8.481177461312061
8.419832660688744
8.358559198860174
8.297372261191232
8.236286366901663
8.175315377889422
8.114472509014401
8.05377033972703
7.993220826924147
7.932835318913214
7.8726245703658435
7.81259875814237
7.752767497870966
7.693139861167292
7.633724393383922
7.5745291317830805
7.515561624030623
7.456828946914478
7.398337725196561
7.340094150512948
7.282104000243449
7.22437265627823
7.166905123615499
7.109706048730757
7.052779737664685
6.996130173782753
6.939761035165807
6.883675711596458
6.8278773211116315
6.772368726096509
6.717152548899657
6.662231186953429
6.607606827387319
6.553281461125138
6.499256896459917
6.445534772102639
6.39211656970288
6.339003625841211
6.286197143494253
6.233698202974352
6.1815077723464125
6.129626717324936
6.078055810654542
6.026795740977221
5.975847121189818
5.925210496294955
5.8748863507485884
5.824875115307446
5.775177173379415
5.725792866880084
5.676722501598875
5.627966352078373
5.579524666011
5.531397668157644
5.483585563793746
5.436088541689081
5.388906776628558
5.342040431482609
5.295489658836983
5.249254602193142
5.2033353967521245
5.157732169796214
5.112445040684385
5.0674741204793365
5.02281951122535
4.978481304898101
4.934459582048885
4.890754410167484
4.847365841789067
4.804293912371872
4.761538637973562
4.719100012754964
4.676978006340662
4.635172561066483
4.593683589144121
4.552510969773196
4.511654546230959
4.471114122969278
4.430889462747994
4.390980283832716
4.351386257284116
4.312107004364338
4.273142094084556
4.234491040916095
4.196153302685526
4.1581282786720415
4.12041530792338
4.083013667804153
4.045922572788093
4.0091411735033935
3.972668556037752
3.936503741507422
3.9006456858920067
3.8650932801345106
3.8298453505037644
3.7949006592141163
3.7602579052952967
3.7259157257032967
3.6918726966612754
3.658127335217982
3.6246781010095583
3.5915233982093313
3.558661577649189
3.5260909390951225
3.493809733658835
3.4618161663268996
3.4301083985885437
3.398684551143133
3.367542706668414
3.3366809126309667
3.3060971841207034
3.27578950669181
3.2457558391934116
3.2159941165740453
3.1865022526450035
3.157278142788853
3.128319666600488
3.0996246904494082
3.0711910699532163
3.0430166523536455
3.0150992787877953
2.987436786448543
2.960027010629515
2.932867786651197
2.9059569516660084
2.879292346341381
2.852871816420947
2.8266932141649024
2.8007543996716464
2.7750532420835214
2.749587620680221
2.7243554258641143
2.699354560042185
2.6745829384097495
2.6500384896413958
2.6257191564948896
2.6016228963338586
2.577747681575151
2.5540915000667823
2.5306523554022764
2.5074282671770187
2.4844172711921777
2.4616174196113882
2.439026781075177
2.416643440777859
2.3944655005112523
2.3724910786792965
2.3507183102872853
2.3291453469091565
2.3077703566359244
2.2865915240080104
2.265607049934006
2.244815151598049
2.224214062357746
2.2038020316343747
2.1835773247968273
2.1635382230405478
2.1436830232625934
2.12401003793372
2.104517594968282
2.085204037592592
2.0660677242122927
2.0471070282792
2.0283203381579433
2.009706056992744
1.9912626025745515
1.9729884072087063
1.9548819175833134
1.9369415946384254
1.9191659134361037
1.9015533630314592
1.8841024463446978
1.866811680034218
1.849679594370765
1.8327047331126798
1.815885653382251
1.7992209255431428
1.782709133078943
1.766348872472801
1.7501387530881476
1.7340773970505146
1.7181634391304312
1.7023955266273763
1.686772319254811
1.6712924890262528
1.655954720142404
1.6407577088793013
1.6257001634775015
1.610780804032287
1.595998362384865
1.5813515820145763
1.5668392179320938
1.5524600365735908
1.5382128156958905
1.5240963442725777
1.5101094223910518
1.4962508611505403
1.4825194825610415
1.4689141194431883
1.455433615329042
1.4420768243637885
1.4288426112083454
1.4157298509428486
1.402737428971038
1.3898642409255182
1.3771091925738808
1.3644711997256946
1.351949188140355
1.3395420934357636
1.3272488609978594
1.3150684458909776
1.302999812769024
1.2910419357874732
1.2791937985161688
1.2674543938529308
1.2558227239379434
1.2442978000689409
1.2328786426171692
1.2215642809441098
1.2103537533189788
1.199246106836982
1.1882403973383093
1.1773356893278866
1.1665310558958573
1.15582557863879
1.1452183475816184
1.1347084611002882
1.1242950258451232
1.113977156664885
1.1037539765315363
1.0936246164656946
1.0835882154627647
1.0736439204197539
1.0637908860627603
1.054028274875119
1.0443552570262142
1.0347710103009473
1.0252747200298393
1.0158655790197906
1.0065427874854642
0.9973055529813087
0.9881530903341924
0.9790846215766675
0.9700993758808437
0.9611965894928625
0.9523755056679788
0.943635374606242
0.9349754533887541
0.9263950059145263
0.9178933028379098
0.909469621506598
0.9011232459002025
0.8928534665693887
0.8846595805755766
0.8765408914311842
0.8684967090404289
0.8605263496406705
0.8526291357442859
0.8448043960810849
0.8370514655412539
0.8293696851188161
0.8217584018556179
0.8142169687858289
0.8067447448809449
0.7993410949953029
0.7920053898120918
0.7847370057898624
0.7775353251095222
0.7703997356218214
0.7633296307953228
0.7563244096648413
0.7493834767803632
0.7425062421564356
0.7356921212220114
0.7289405347707636
0.7222509089118534
0.7156226750211458
0.7090552696928775
0.7025481346917685
0.6961007169055686
0.6897124682980442
0.6833828458623943
0.6771113115750957
0.6708973323501679
0.6647403799938618
0.6586399311597644
0.6525954673043104
0.6466064746427077
0.6406724441052664
0.6347928712941241
0.6289672564403735
0.6231951043615837
0.6174759244197049
0.6118092304793664
0.6061945408665544
0.6006313783276701
0.5951192699889603
0.5896577473163238
0.5842463460754881
0.5788846062925449
0.573572072214854
0.5683082922723052
0.5630928190389317
0.5579252091948799
0.5528050234887282
0.5477318267001471
0.5427051876029076
0.5377246789282253
0.5327898773284437
0.5279003633410473
0.5230557213530075
0.518255539565457
0.5134994099586835
0.5087869282574494
0.504117693896629
0.49949130998715746
0.49490738328229666
0.4903655241442095
0.4858653465108381
0.4814064678630903
0.4769885091923236
0.47261109496813125
0.4682738531064191
0.4639764149377794
0.4597184151761552
0.45549949188778754
0.45131928646045244
0.44717744357297995
0.44307361116504856
0.43900744040726136
0.43497858567149617
0.4309867045015246
0.4270314575839056
0.42311250871913986
0.4192295247930968
0.41538217574869746
0.41157013455785746
0.4077930771936934
0.4040506826029781
0.4003426326788489
0.3966686122337731
0.3930283089727509
0.38942141346677533
0.3858476191265283
0.382306622176318
0.37879812162826193
0.3753218192567007
0.3718774195728463
0.36846462979966976
0.36508315984701234
0.361732722286926
0.35841303232924543
0.35512380779737895
0.35186476910432113
0.34863563922889146
0.34543614369218567
0.34226601053424244
0.3391249702909308
0.3360127559710432
0.33292910303359935
0.3298737493653637
0.3268464352585636
0.3238469033888123
0.32087489879323955
0.31793016884881786
0.3150124632508876
0.31212153399188486
0.309257135340256
0.30641902381957425
0.3036069581878422
0.30082069941698475
0.2980600106725341
0.2953246572934977
0.2926144067724098
0.2899290287355716
0.2872682949234672
0.2846319791713606
0.2820198573900736
0.27943170754693736
0.27686730964691747
0.274326445713917
0.27180889977224754
0.2693144578282688
0.2668429078522024
0.2643940397601075
0.26196764539602224
0.2595635185142729
0.25718145476194126
0.25482125166149383
0.25248270859357297
0.250165626779943
0.24786980926659258
0.24559506090699668
0.24334118834552515
0.24110800000101057
0.23889530605046233
0.23670291841293004
0.23453065073351947
0.2323783183675506
0.2302457383648613
0.22813272945425936
0.22603911202811264
0.22396470812708108
0.22190934142499272
0.21987283721385426
0.21785502238899962
0.21585572543437864
0.21387477640797609
0.21191200692736614
0.2099672501554015
0.20804034078603106
0.20613111503024772
0.20423941060216827
0.20236506670523793
0.20050792401856152
0.19866782468336278
0.1968446122895657
0.19503813186249816
0.19324822984972106
0.19147475410797526
0.1897175538902482
0.18797647983296262
0.18625138394327792
0.18454211958651293
0.18284854147368085
0.18117050564913842
0.17950786947835182
0.1778604916357713
0.1762282320928178
0.1746109521059819
0.17300851420502975
0.17142078218131723
0.1698476210762135
0.16828889716962903
0.16674447796864775
0.1652142321962674
0.1636980297802396
0.16219574184201294
0.1607072406857797
0.15923239978762105
0.15777109378475118
0.15632319846486337
0.15488859075557082
0.1534671487139445
0.15205875151614984
0.15066327944717536
0.1492806138906563
0.1479106373187939
0.14655323328236322
0.14520828640081687
0.1438756823524766
0.14255530786481524
0.1412470507048298
0.13995079966950102
0.13866644457634
0.1373938762540244
0.13613298653311764
0.13488366823687406
0.13364581517213006
0.13241932212027682
0.13120408482831608
